Time (seconds), Duration (seconds),pred_(unlabeled),pred_brushing_teeth,pred_hair_drying,pred_showering
0.00000,1.02194,0.99103,0.00806,0.00082,0.00009
0.14000,1.02194,0.96996,0.02898,0.00091,0.00016
0.28000,1.02194,0.97752,0.02114,0.00108,0.00026
0.42000,1.02194,0.98424,0.01454,0.00099,0.00023
0.56000,1.02194,0.98532,0.01362,0.00088,0.00018
0.70000,1.02194,0.98263,0.01617,0.00099,0.00021
0.84000,1.02194,0.97896,0.01950,0.00131,0.00023
0.98000,1.02194,0.99519,0.00384,0.00087,0.00010
1.12000,1.02194,0.99678,0.00253,0.00061,0.00008
1.26000,1.02194,0.99586,0.00329,0.00076,0.00009
1.40000,1.02194,0.99418,0.00473,0.00098,0.00010
1.54000,1.02194,0.99280,0.00594,0.00114,0.00012
1.68000,1.02194,0.99178,0.00677,0.00128,0.00016
1.82000,1.02194,0.99011,0.00809,0.00162,0.00019
1.96000,1.02194,0.98885,0.00970,0.00128,0.00016
2.10000,1.02194,0.98996,0.00847,0.00138,0.00018
2.24000,1.02194,0.99215,0.00645,0.00113,0.00027
2.38000,1.02194,0.99082,0.00754,0.00144,0.00020
2.52000,1.02194,0.99144,0.00725,0.00111,0.00020
2.66000,1.02194,0.99190,0.00628,0.00155,0.00028
2.80000,1.02194,0.99356,0.00528,0.00100,0.00017
2.94000,1.02194,0.99095,0.00727,0.00157,0.00021
3.08000,1.02194,0.99429,0.00461,0.00094,0.00015
3.22000,1.02194,0.99342,0.00517,0.00126,0.00014
3.36000,1.02194,0.99603,0.00308,0.00078,0.00012
3.50000,1.02194,0.99584,0.00327,0.00079,0.00010
3.64000,1.02194,0.99656,0.00258,0.00075,0.00011
3.78000,1.02194,0.99732,0.00201,0.00057,0.00009
3.92000,1.02194,0.99750,0.00191,0.00052,0.00007
4.06000,1.02194,0.99739,0.00200,0.00054,0.00007
4.20000,1.02194,0.99733,0.00205,0.00055,0.00007
4.34000,1.02194,0.99709,0.00225,0.00059,0.00008
4.48000,1.02194,0.99666,0.00260,0.00067,0.00008
4.62000,1.02194,0.99644,0.00275,0.00072,0.00009
4.76000,1.02194,0.99668,0.00252,0.00070,0.00009
4.90000,1.02194,0.99644,0.00274,0.00072,0.00009
5.04000,1.02194,0.99637,0.00279,0.00075,0.00009
5.18000,1.02194,0.99585,0.00323,0.00082,0.00010
5.32000,1.02194,0.99520,0.00377,0.00092,0.00010
5.46000,1.02194,0.99560,0.00343,0.00087,0.00010
5.60000,1.02194,0.99595,0.00310,0.00084,0.00011
5.74000,1.02194,0.99589,0.00317,0.00084,0.00010
5.88000,1.02194,0.99602,0.00309,0.00080,0.00010
6.02000,1.02194,0.99518,0.00378,0.00094,0.00010
6.16000,1.02194,0.99556,0.00346,0.00088,0.00010
6.30000,1.02194,0.99600,0.00311,0.00079,0.00010
6.44000,1.02194,0.99549,0.00354,0.00087,0.00010
6.58000,1.02194,0.99545,0.00356,0.00089,0.00011
6.72000,1.02194,0.99532,0.00363,0.00094,0.00011
6.86000,1.02194,0.99571,0.00335,0.00085,0.00009
7.00000,1.02194,0.99537,0.00365,0.00089,0.00010
7.14000,1.02194,0.99538,0.00362,0.00089,0.00011
7.28000,1.02194,0.99622,0.00288,0.00078,0.00011
7.42000,1.02194,0.99508,0.00400,0.00082,0.00010
7.56000,1.02194,0.99438,0.00469,0.00083,0.00010
7.70000,1.02194,0.99291,0.00593,0.00104,0.00012
7.84000,1.02194,0.99345,0.00529,0.00111,0.00015
7.98000,1.02194,0.99459,0.00433,0.00090,0.00018
8.12000,1.02194,0.99202,0.00655,0.00128,0.00015
8.26000,1.02194,0.99258,0.00590,0.00128,0.00023
8.40000,1.02194,0.99201,0.00664,0.00121,0.00014
8.54000,1.02194,0.99266,0.00580,0.00134,0.00020
8.68000,1.02194,0.99266,0.00587,0.00132,0.00015
8.82000,1.02194,0.99338,0.00527,0.00121,0.00014
8.96000,1.02194,0.99399,0.00466,0.00120,0.00015
9.10000,1.02194,0.99487,0.00389,0.00110,0.00014
9.24000,1.02194,0.99659,0.00258,0.00074,0.00010
9.38000,1.02194,0.99637,0.00280,0.00074,0.00009
9.52000,1.02194,0.99653,0.00267,0.00071,0.00010
9.66000,1.02194,0.99690,0.00235,0.00067,0.00008
9.80000,1.02194,0.99740,0.00194,0.00057,0.00009
9.94000,1.02194,0.99738,0.00198,0.00056,0.00008
10.08000,1.02194,0.99743,0.00190,0.00057,0.00009
10.22000,1.02194,0.99696,0.00231,0.00064,0.00009
10.36000,1.02194,0.99724,0.00206,0.00061,0.00009
10.50000,1.02194,0.99746,0.00187,0.00057,0.00009
10.64000,1.02194,0.99710,0.00219,0.00063,0.00009
10.78000,1.02194,0.99686,0.00238,0.00067,0.00008
10.92000,1.02194,0.99650,0.00269,0.00072,0.00009
11.06000,1.02194,0.99622,0.00291,0.00078,0.00009
11.20000,1.02194,0.99611,0.00297,0.00082,0.00010
11.34000,1.02194,0.99596,0.00311,0.00082,0.00010
11.48000,1.02194,0.99588,0.00314,0.00087,0.00011
11.62000,1.02194,0.99627,0.00280,0.00082,0.00012
11.76000,1.02194,0.99600,0.00309,0.00082,0.00010
11.90000,1.02194,0.99612,0.00298,0.00080,0.00010
12.04000,1.02194,0.99623,0.00293,0.00076,0.00009
12.18000,1.02194,0.99603,0.00309,0.00079,0.00009
12.32000,1.02194,0.99647,0.00274,0.00071,0.00009
12.46000,1.02194,0.99670,0.00253,0.00069,0.00009
12.60000,1.02194,0.99675,0.00249,0.00068,0.00009
12.74000,1.02194,0.99644,0.00277,0.00071,0.00008
12.88000,1.02194,0.99618,0.00299,0.00075,0.00009
13.02000,1.02194,0.99558,0.00348,0.00085,0.00009
13.16000,1.02194,0.99480,0.00415,0.00096,0.00009
13.30000,1.02194,0.99375,0.00499,0.00114,0.00011
13.44000,1.02194,0.99368,0.00505,0.00115,0.00012
13.58000,1.02194,0.99346,0.00519,0.00122,0.00012
13.72000,1.02194,0.99229,0.00618,0.00139,0.00014
13.86000,1.02194,0.99339,0.00522,0.00124,0.00015
14.00000,1.02194,0.99291,0.00572,0.00125,0.00013
14.14000,1.02194,0.99272,0.00588,0.00126,0.00014
14.28000,1.02194,0.99219,0.00648,0.00120,0.00013
14.42000,1.02194,0.99111,0.00740,0.00135,0.00014
14.56000,1.02194,0.99083,0.00745,0.00156,0.00016
14.70000,1.02194,0.99072,0.00760,0.00154,0.00015
14.84000,1.02194,0.99283,0.00578,0.00126,0.00013
14.98000,1.02194,0.99336,0.00514,0.00136,0.00015
15.12000,1.02194,0.99547,0.00353,0.00089,0.00011
15.26000,1.02194,0.99585,0.00320,0.00085,0.00010
15.40000,1.02194,0.99650,0.00268,0.00073,0.00009
15.54000,1.02194,0.99740,0.00192,0.00059,0.00009
15.68000,1.02194,0.99798,0.00147,0.00048,0.00007
15.82000,1.02194,0.99791,0.00157,0.00045,0.00007
15.96000,1.02194,0.99792,0.00157,0.00044,0.00007
16.10000,1.02194,0.99795,0.00150,0.00047,0.00007
16.24000,1.02194,0.99794,0.00153,0.00046,0.00007
16.38000,1.02194,0.99777,0.00164,0.00051,0.00008
16.52000,1.02194,0.99753,0.00171,0.00062,0.00014
16.66000,1.02194,0.99577,0.00335,0.00077,0.00010
16.80000,1.02194,0.99441,0.00457,0.00091,0.00011
16.94000,1.02194,0.99227,0.00627,0.00134,0.00012
17.08000,1.02194,0.99458,0.00428,0.00104,0.00011
17.22000,1.02194,0.99616,0.00297,0.00076,0.00011
17.36000,1.02194,0.99553,0.00350,0.00084,0.00013
17.50000,1.02194,0.99359,0.00539,0.00090,0.00012
17.64000,1.02194,0.99330,0.00595,0.00066,0.00009
17.78000,1.02194,0.99521,0.00410,0.00060,0.00010
17.92000,1.02194,0.99582,0.00336,0.00068,0.00014
18.06000,1.02194,0.99568,0.00348,0.00069,0.00016
18.20000,1.02194,0.99283,0.00590,0.00111,0.00015
18.34000,1.02194,0.99416,0.00451,0.00117,0.00015
18.48000,1.02194,0.99439,0.00455,0.00095,0.00012
18.62000,1.02194,0.99374,0.00535,0.00080,0.00011
18.76000,1.02194,0.99334,0.00551,0.00100,0.00015
18.90000,1.02194,0.99263,0.00610,0.00109,0.00018
19.04000,1.02194,0.99287,0.00577,0.00118,0.00018
19.18000,1.02194,0.99236,0.00596,0.00144,0.00024
19.32000,1.02194,0.99101,0.00684,0.00185,0.00029
19.46000,1.02194,0.99453,0.00394,0.00125,0.00028
19.60000,1.02194,0.99568,0.00305,0.00102,0.00025
19.74000,1.02194,0.99406,0.00453,0.00123,0.00017
19.88000,1.02194,0.99613,0.00267,0.00094,0.00026
20.02000,1.02194,0.99659,0.00223,0.00089,0.00029
20.16000,1.02194,0.99688,0.00219,0.00075,0.00017
20.30000,1.02194,0.99645,0.00265,0.00078,0.00012
20.44000,1.02194,0.99602,0.00303,0.00083,0.00012
20.58000,1.02194,0.99622,0.00284,0.00082,0.00012
20.72000,1.02194,0.99600,0.00304,0.00084,0.00012
20.86000,1.02194,0.99611,0.00291,0.00086,0.00012
21.00000,1.02194,0.99570,0.00327,0.00092,0.00012
21.14000,1.02194,0.99573,0.00328,0.00089,0.00010
21.28000,1.02194,0.99591,0.00310,0.00087,0.00011
21.42000,1.02194,0.99609,0.00302,0.00080,0.00010
21.56000,1.02194,0.99609,0.00302,0.00079,0.00010
21.70000,1.02194,0.99602,0.00309,0.00080,0.00009
21.84000,1.02194,0.99597,0.00312,0.00081,0.00010
21.98000,1.02194,0.99658,0.00260,0.00072,0.00010
22.12000,1.02194,0.99683,0.00241,0.00067,0.00009
22.26000,1.02194,0.99659,0.00262,0.00070,0.00009
22.40000,1.02194,0.99663,0.00259,0.00069,0.00009
22.54000,1.02194,0.99690,0.00235,0.00066,0.00009
22.68000,1.02194,0.99712,0.00220,0.00060,0.00008
22.82000,1.02194,0.99719,0.00214,0.00059,0.00008
22.96000,1.02194,0.99717,0.00215,0.00060,0.00008
23.10000,1.02194,0.99761,0.00179,0.00052,0.00008
23.24000,1.02194,0.99757,0.00186,0.00050,0.00007
23.38000,1.02194,0.99761,0.00182,0.00050,0.00007
23.52000,1.02194,0.99760,0.00183,0.00050,0.00007
23.66000,1.02194,0.99741,0.00199,0.00053,0.00007
23.80000,1.02194,0.99740,0.00200,0.00053,0.00007
23.94000,1.02194,0.99735,0.00203,0.00054,0.00007
24.08000,1.02194,0.99741,0.00198,0.00054,0.00007
24.22000,1.02194,0.99726,0.00211,0.00056,0.00007
24.36000,1.02194,0.99701,0.00233,0.00059,0.00007
24.50000,1.02194,0.99696,0.00236,0.00060,0.00007
24.64000,1.02194,0.99680,0.00249,0.00062,0.00008
24.78000,1.02194,0.99623,0.00298,0.00071,0.00009
24.92000,1.02194,0.99603,0.00311,0.00077,0.00009
25.06000,1.02194,0.99558,0.00349,0.00083,0.00009
25.20000,1.02194,0.99555,0.00352,0.00084,0.00009
25.34000,1.02194,0.99591,0.00320,0.00080,0.00010
25.48000,1.02194,0.99607,0.00301,0.00080,0.00011
25.62000,1.02194,0.99629,0.00292,0.00071,0.00009
25.76000,1.02194,0.99649,0.00276,0.00066,0.00008
25.90000,1.02194,0.99642,0.00283,0.00067,0.00008
26.04000,1.02194,0.99627,0.00296,0.00070,0.00008
26.18000,1.02194,0.99605,0.00314,0.00073,0.00008
26.32000,1.02194,0.99614,0.00305,0.00072,0.00008
26.46000,1.02194,0.99646,0.00277,0.00070,0.00008
26.60000,1.02194,0.99692,0.00234,0.00066,0.00008
26.74000,1.02194,0.99785,0.00155,0.00053,0.00008
26.88000,1.02194,0.99700,0.00236,0.00056,0.00008
27.02000,1.02194,0.99698,0.00235,0.00060,0.00007
27.16000,1.02194,0.99643,0.00214,0.00133,0.00011
27.30000,1.02194,0.99045,0.00707,0.00216,0.00032
27.44000,1.02194,0.98173,0.01460,0.00304,0.00063
27.58000,1.02194,0.97817,0.01450,0.00575,0.00158
27.72000,1.02194,0.97617,0.01743,0.00545,0.00095
27.86000,1.02194,0.98314,0.01371,0.00252,0.00063
28.00000,1.02194,0.97475,0.02038,0.00394,0.00094
28.14000,1.02194,0.98338,0.01418,0.00224,0.00020
28.28000,1.02194,0.99484,0.00361,0.00135,0.00020
28.42000,1.02194,0.99617,0.00273,0.00094,0.00017
28.56000,1.02194,0.99575,0.00322,0.00092,0.00012
28.70000,1.02194,0.99593,0.00316,0.00081,0.00010
28.84000,1.02194,0.99700,0.00218,0.00069,0.00014
28.98000,1.02194,0.99695,0.00228,0.00067,0.00011
29.12000,1.02194,0.99680,0.00247,0.00064,0.00009
29.26000,1.02194,0.99712,0.00223,0.00057,0.00008
29.40000,1.02194,0.99724,0.00213,0.00055,0.00008
29.54000,1.02194,0.99712,0.00225,0.00056,0.00007
29.68000,1.02194,0.99716,0.00222,0.00054,0.00007
29.82000,1.02194,0.99726,0.00215,0.00053,0.00007
29.96000,1.02194,0.99721,0.00220,0.00053,0.00006
30.10000,1.02194,0.99725,0.00217,0.00052,0.00006
30.24000,1.02194,0.99729,0.00213,0.00052,0.00006
30.38000,1.02194,0.99730,0.00211,0.00052,0.00007
30.52000,1.02194,0.99730,0.00212,0.00052,0.00006
30.66000,1.02194,0.99723,0.00218,0.00052,0.00006
30.80000,1.02194,0.99713,0.00226,0.00054,0.00007
30.94000,1.02194,0.99699,0.00237,0.00057,0.00007
31.08000,1.02194,0.99689,0.00245,0.00059,0.00007
31.22000,1.02194,0.99686,0.00246,0.00060,0.00007
31.36000,1.02194,0.99669,0.00261,0.00063,0.00007
31.50000,1.02194,0.99685,0.00243,0.00064,0.00008
31.64000,1.02194,0.99708,0.00224,0.00061,0.00008
31.78000,1.02194,0.99713,0.00220,0.00060,0.00008
31.92000,1.02194,0.99679,0.00250,0.00063,0.00007
32.06000,1.02193,0.99678,0.00251,0.00064,0.00007
32.20000,1.02194,0.99690,0.00239,0.00063,0.00007
32.34000,1.02194,0.99683,0.00244,0.00065,0.00008
32.48000,1.02194,0.99669,0.00256,0.00067,0.00008
32.62000,1.02194,0.99682,0.00239,0.00068,0.00010
32.76000,1.02194,0.99690,0.00241,0.00060,0.00008
32.90000,1.02193,0.99615,0.00305,0.00072,0.00008
33.04000,1.02194,0.99628,0.00291,0.00072,0.00008
33.18000,1.02194,0.99626,0.00293,0.00073,0.00008
33.32000,1.02194,0.99676,0.00247,0.00069,0.00008
33.46000,1.02194,0.99231,0.00428,0.00284,0.00056
33.60000,1.02194,0.98226,0.00701,0.00544,0.00528
33.74000,1.02193,0.97418,0.01059,0.00804,0.00718
33.88000,1.02194,0.98626,0.00374,0.00413,0.00587
34.02000,1.02194,0.98142,0.00338,0.00658,0.00862
34.16000,1.02194,0.97813,0.00610,0.00718,0.00858
34.30000,1.02194,0.99518,0.00118,0.00140,0.00224
34.44000,1.02194,0.99494,0.00318,0.00129,0.00058
34.58000,1.02193,0.99666,0.00253,0.00068,0.00013
34.72000,1.02193,0.99707,0.00213,0.00065,0.00014
34.86000,1.02194,0.99691,0.00207,0.00081,0.00021
35.00000,1.02194,0.99787,0.00153,0.00049,0.00011
35.14000,1.02194,0.99719,0.00201,0.00065,0.00015
35.28000,1.02194,0.99654,0.00270,0.00067,0.00008
35.42000,1.02194,0.99627,0.00294,0.00071,0.00008
35.56000,1.02193,0.99665,0.00264,0.00063,0.00008
35.70000,1.02194,0.99669,0.00262,0.00062,0.00007
35.84000,1.02194,0.99642,0.00286,0.00065,0.00007
35.98000,1.02194,0.99667,0.00265,0.00061,0.00007
36.12000,1.02194,0.99686,0.00248,0.00059,0.00007
36.26000,1.02194,0.99693,0.00242,0.00058,0.00007
36.40000,1.02193,0.99692,0.00243,0.00058,0.00007
36.54000,1.02194,0.99693,0.00242,0.00058,0.00007
36.68000,1.02194,0.99686,0.00248,0.00059,0.00007
36.82000,1.02194,0.99710,0.00229,0.00055,0.00007
36.96000,1.02194,0.99713,0.00226,0.00054,0.00007
37.10000,1.02194,0.99728,0.00214,0.00052,0.00006
37.24000,1.02193,0.99723,0.00219,0.00052,0.00006
37.38000,1.02194,0.99724,0.00218,0.00052,0.00006
37.52000,1.02194,0.99759,0.00170,0.00064,0.00007
37.66000,1.02194,0.98990,0.00824,0.00145,0.00040
37.80000,1.02194,0.98953,0.00710,0.00246,0.00090
37.94000,1.02194,0.98216,0.00780,0.00747,0.00257
38.08000,1.02193,0.92863,0.01591,0.05014,0.00531
38.22000,1.02193,0.75939,0.02712,0.19857,0.01492
38.36000,1.02194,0.42144,0.02961,0.51594,0.03301
38.50000,1.02194,0.09792,0.01276,0.88732,0.00200
38.64000,1.02194,0.03851,0.00729,0.95245,0.00175
38.78000,1.02194,0.01736,0.00548,0.97657,0.00060
38.92000,1.02194,0.01328,0.00468,0.98165,0.00039
39.06000,1.02193,0.01243,0.00444,0.98277,0.00036
39.20000,1.02194,0.01194,0.00425,0.98349,0.00032
39.34000,1.02194,0.01244,0.00420,0.98301,0.00034
39.48000,1.02194,0.01227,0.00423,0.98316,0.00034
39.62000,1.02194,0.01232,0.00409,0.98326,0.00033
39.76000,1.02194,0.01239,0.00411,0.98316,0.00034
39.90000,1.02193,0.01207,0.00437,0.98319,0.00037
40.04000,1.02194,0.01255,0.00426,0.98280,0.00039
40.18000,1.02194,0.01211,0.00402,0.98351,0.00036
40.32000,1.02194,0.01109,0.00383,0.98477,0.00032
40.46000,1.02194,0.01147,0.00369,0.98451,0.00033
40.60000,1.02194,0.01130,0.00389,0.98449,0.00032
40.74000,1.02193,0.01015,0.00385,0.98572,0.00028
40.88000,1.02194,0.01016,0.00368,0.98590,0.00027
41.02000,1.02194,0.00962,0.00322,0.98694,0.00022
41.16000,1.02194,0.00912,0.00329,0.98737,0.00021
41.30000,1.02194,0.00918,0.00332,0.98729,0.00021
41.44000,1.02194,0.00939,0.00325,0.98716,0.00021
41.58000,1.02193,0.00916,0.00317,0.98746,0.00020
41.72000,1.02193,0.00909,0.00308,0.98764,0.00020
41.86000,1.02194,0.00914,0.00315,0.98750,0.00021
42.00000,1.02194,0.00913,0.00320,0.98745,0.00021
42.14000,1.02194,0.00903,0.00317,0.98759,0.00021
42.28000,1.02194,0.00891,0.00300,0.98789,0.00020
42.42000,1.02194,0.00881,0.00317,0.98782,0.00020
42.56000,1.02193,0.00903,0.00301,0.98776,0.00020
42.70000,1.02194,0.00910,0.00316,0.98753,0.00020
42.84000,1.02194,0.00892,0.00315,0.98773,0.00020
42.98000,1.02194,0.00893,0.00318,0.98769,0.00021
43.12000,1.02194,0.00903,0.00307,0.98770,0.00020
43.26000,1.02194,0.00862,0.00315,0.98804,0.00020
43.40000,1.02193,0.00881,0.00314,0.98784,0.00021
43.54000,1.02194,0.00868,0.00312,0.98801,0.00019
43.68000,1.02194,0.00878,0.00320,0.98782,0.00019
43.82000,1.02194,0.00899,0.00322,0.98758,0.00021
43.96000,1.02194,0.00901,0.00314,0.98765,0.00020
44.10000,1.02194,0.00887,0.00317,0.98776,0.00020
44.24000,1.02193,0.00907,0.00317,0.98756,0.00021
44.38000,1.02194,0.00888,0.00318,0.98774,0.00020
44.52000,1.02194,0.00925,0.00324,0.98730,0.00020
44.66000,1.02194,0.00918,0.00317,0.98744,0.00020
44.80000,1.02194,0.00931,0.00327,0.98722,0.00021
44.94000,1.02194,0.00927,0.00331,0.98721,0.00021
45.08000,1.02193,0.00933,0.00325,0.98721,0.00021
45.22000,1.02193,0.00965,0.00340,0.98672,0.00023
45.36000,1.02194,0.00972,0.00345,0.98660,0.00023
45.50000,1.02194,0.00992,0.00325,0.98660,0.00023
45.64000,1.02194,0.00935,0.00321,0.98722,0.00022
45.78000,1.02194,0.00953,0.00313,0.98712,0.00022
45.92000,1.02194,0.00940,0.00327,0.98712,0.00022
46.06000,1.02193,0.00948,0.00307,0.98724,0.00021
46.20000,1.02194,0.00863,0.00311,0.98806,0.00020
46.34000,1.02194,0.00909,0.00308,0.98763,0.00020
46.48000,1.02194,0.00884,0.00315,0.98782,0.00019
46.62000,1.02194,0.00932,0.00322,0.98726,0.00021
46.76000,1.02194,0.00959,0.00317,0.98703,0.00021
46.90000,1.02193,0.00921,0.00315,0.98744,0.00020
47.04000,1.02194,0.00890,0.00301,0.98789,0.00019
47.18000,1.02194,0.00892,0.00307,0.98781,0.00020
47.32000,1.02194,0.00895,0.00304,0.98781,0.00020
47.46000,1.02194,0.00882,0.00295,0.98803,0.00020
47.60000,1.02194,0.00888,0.00301,0.98791,0.00019
47.74000,1.02193,0.00885,0.00305,0.98790,0.00020
47.88000,1.02194,0.00885,0.00313,0.98782,0.00020
48.02000,1.02194,0.00894,0.00296,0.98790,0.00020
48.16000,1.02194,0.00911,0.00305,0.98764,0.00020
48.30000,1.02194,0.00893,0.00298,0.98789,0.00020
48.44000,1.02194,0.00943,0.00307,0.98729,0.00021
48.58000,1.02193,0.00936,0.00310,0.98733,0.00021
48.72000,1.02193,0.00916,0.00319,0.98743,0.00022
48.86000,1.02194,0.00911,0.00323,0.98744,0.00022
49.00000,1.02194,0.00894,0.00315,0.98770,0.00021
49.14000,1.02194,0.00882,0.00310,0.98788,0.00020
49.28000,1.02194,0.00893,0.00306,0.98781,0.00020
49.42000,1.02194,0.00913,0.00301,0.98766,0.00020
49.56000,1.02193,0.00900,0.00311,0.98768,0.00020
49.70000,1.02194,0.00903,0.00316,0.98761,0.00020
49.84000,1.02194,0.00858,0.00297,0.98826,0.00019
49.98000,1.02194,0.00830,0.00277,0.98875,0.00018
50.12000,1.02194,0.00872,0.00278,0.98831,0.00019
50.26000,1.02194,0.00845,0.00285,0.98852,0.00019
50.40000,1.02193,0.00839,0.00288,0.98855,0.00019
50.54000,1.02194,0.00851,0.00277,0.98854,0.00018
50.68000,1.02194,0.00847,0.00302,0.98832,0.00020
50.82000,1.02194,0.00891,0.00309,0.98780,0.00020
50.96000,1.02194,0.00907,0.00295,0.98778,0.00020
51.10000,1.02194,0.00891,0.00299,0.98789,0.00021
51.24000,1.02193,0.00889,0.00303,0.98786,0.00021
51.38000,1.02194,0.00915,0.00300,0.98763,0.00021
51.52000,1.02194,0.00898,0.00303,0.98779,0.00021
51.66000,1.02194,0.00904,0.00304,0.98771,0.00021
51.80000,1.02194,0.00938,0.00309,0.98731,0.00022
51.94000,1.02194,0.00914,0.00303,0.98763,0.00020
52.08000,1.02193,0.00909,0.00317,0.98753,0.00021
52.22000,1.02193,0.00896,0.00298,0.98786,0.00020
52.36000,1.02194,0.00844,0.00297,0.98840,0.00019
52.50000,1.02194,0.00881,0.00304,0.98795,0.00019
52.64000,1.02194,0.00889,0.00303,0.98789,0.00020
52.78000,1.02194,0.00874,0.00290,0.98817,0.00019
52.92000,1.02194,0.00833,0.00295,0.98854,0.00018
53.06000,1.02193,0.00872,0.00297,0.98812,0.00019
53.20000,1.02194,0.00881,0.00316,0.98783,0.00020
53.34000,1.02194,0.00947,0.00301,0.98730,0.00021
53.48000,1.02194,0.00898,0.00296,0.98786,0.00020
53.62000,1.02194,0.00929,0.00320,0.98728,0.00023
53.76000,1.02194,0.00902,0.00304,0.98773,0.00021
53.90000,1.02193,0.00949,0.00314,0.98714,0.00022
54.04000,1.02194,0.00922,0.00315,0.98742,0.00021
54.18000,1.02194,0.00914,0.00318,0.98747,0.00022
54.32000,1.02194,0.00918,0.00312,0.98749,0.00021
54.46000,1.02194,0.00949,0.00319,0.98711,0.00021
54.60000,1.02194,0.00931,0.00322,0.98725,0.00022
54.74000,1.02193,0.00943,0.00336,0.98700,0.00022
54.88000,1.02194,0.00964,0.00323,0.98692,0.00021
55.02000,1.02194,0.00927,0.00319,0.98734,0.00021
55.16000,1.02194,0.00940,0.00338,0.98700,0.00022
55.30000,1.02194,0.00957,0.00324,0.98696,0.00022
55.44000,1.02194,0.00989,0.00334,0.98654,0.00023
55.58000,1.02193,0.00959,0.00341,0.98678,0.00023
55.72000,1.02193,0.00979,0.00320,0.98679,0.00023
55.86000,1.02194,0.00911,0.00334,0.98733,0.00021
56.00000,1.02194,0.00905,0.00325,0.98750,0.00020
56.14000,1.02194,0.00905,0.00325,0.98750,0.00020
56.28000,1.02194,0.00900,0.00325,0.98756,0.00020
56.42000,1.02194,0.00912,0.00320,0.98748,0.00020
56.56000,1.02193,0.00914,0.00315,0.98751,0.00020
56.70000,1.02194,0.00947,0.00325,0.98708,0.00021
56.84000,1.02194,0.00968,0.00325,0.98684,0.00022
56.98000,1.02194,0.00936,0.00337,0.98706,0.00022
57.12000,1.02194,0.00933,0.00341,0.98704,0.00022
57.26000,1.02194,0.00951,0.00341,0.98686,0.00023
57.40000,1.02193,0.00947,0.00350,0.98681,0.00022
57.54000,1.02194,0.00979,0.00329,0.98669,0.00023
57.68000,1.02194,0.00960,0.00333,0.98684,0.00022
57.82000,1.02194,0.00931,0.00328,0.98720,0.00021
57.96000,1.02194,0.00941,0.00316,0.98721,0.00021
58.10000,1.02194,0.00955,0.00321,0.98701,0.00022
58.24000,1.02193,0.00901,0.00309,0.98769,0.00021
58.38000,1.02194,0.00899,0.00322,0.98758,0.00021
58.52000,1.02194,0.00886,0.00315,0.98778,0.00020
58.66000,1.02194,0.00887,0.00296,0.98798,0.00019
58.80000,1.02194,0.00917,0.00309,0.98753,0.00020
58.94000,1.02194,0.00917,0.00310,0.98753,0.00021
59.08000,1.02193,0.00917,0.00311,0.98751,0.00021
59.22000,1.02193,0.00920,0.00310,0.98750,0.00021
59.36000,1.02194,0.00929,0.00318,0.98731,0.00022
59.50000,1.02194,0.00961,0.00321,0.98694,0.00024
59.64000,1.02194,0.00990,0.00323,0.98664,0.00024
59.78000,1.02194,0.00938,0.00322,0.98716,0.00023
59.92000,1.02194,0.00976,0.00328,0.98672,0.00024
60.06000,1.02193,0.00966,0.00331,0.98679,0.00024
60.20000,1.02194,0.00972,0.00323,0.98683,0.00022
60.34000,1.02194,0.00944,0.00321,0.98713,0.00021
60.48000,1.02194,0.00910,0.00321,0.98750,0.00020
60.62000,1.02194,0.00912,0.00315,0.98752,0.00020
60.76000,1.02194,0.00900,0.00320,0.98759,0.00020
60.90000,1.02193,0.00893,0.00310,0.98777,0.00020
61.04000,1.02194,0.00878,0.00305,0.98797,0.00019
61.18000,1.02194,0.00909,0.00305,0.98766,0.00020
61.32000,1.02194,0.00950,0.00312,0.98716,0.00022
61.46000,1.02194,0.00941,0.00317,0.98718,0.00023
61.60000,1.02194,0.00922,0.00308,0.98748,0.00022
61.74000,1.02193,0.00941,0.00311,0.98725,0.00023
61.88000,1.02194,0.00919,0.00317,0.98742,0.00022
62.02000,1.02194,0.01011,0.00327,0.98638,0.00024
62.16000,1.02194,0.01008,0.00344,0.98625,0.00023
62.30000,1.02194,0.01010,0.00342,0.98624,0.00023
62.44000,1.02194,0.00986,0.00357,0.98635,0.00023
62.58000,1.02193,0.00978,0.00353,0.98647,0.00022
62.72000,1.02193,0.00987,0.00361,0.98630,0.00023
62.86000,1.02194,0.00991,0.00361,0.98624,0.00024
63.00000,1.02193,0.00997,0.00350,0.98630,0.00023
63.14000,1.02193,0.01023,0.00334,0.98619,0.00023
63.28000,1.02194,0.01051,0.00342,0.98583,0.00025
63.42000,1.02194,0.01001,0.00360,0.98614,0.00025
63.56000,1.02194,0.00972,0.00357,0.98646,0.00025
63.70000,1.02194,0.00987,0.00321,0.98668,0.00024
63.84000,1.02194,0.00939,0.00343,0.98694,0.00024
63.98000,1.02194,0.00939,0.00340,0.98698,0.00023
64.12000,1.02193,0.01021,0.00321,0.98633,0.00025
64.26000,1.02193,0.00988,0.00315,0.98674,0.00023
64.40000,1.02193,0.00966,0.00342,0.98667,0.00024
64.54000,1.02193,0.00958,0.00321,0.98699,0.00022
64.68000,1.02193,0.00947,0.00300,0.98731,0.00021
64.82000,1.02193,0.00913,0.00329,0.98736,0.00022
64.96000,1.02194,0.00931,0.00333,0.98713,0.00022
65.10000,1.02194,0.01024,0.00337,0.98615,0.00023
65.24000,1.02194,0.00917,0.00335,0.98726,0.00022
65.38000,1.02194,0.00975,0.00332,0.98670,0.00023
65.52000,1.02194,0.01004,0.00337,0.98636,0.00023
65.66000,1.02193,0.00986,0.00351,0.98640,0.00023
65.80000,1.02193,0.01002,0.00360,0.98614,0.00024
65.94000,1.02193,0.01066,0.00349,0.98560,0.00026
66.08000,1.02193,0.00950,0.00347,0.98680,0.00023
66.22000,1.02193,0.00961,0.00338,0.98679,0.00022
66.36000,1.02193,0.00977,0.00352,0.98647,0.00024
66.50000,1.02193,0.00979,0.00335,0.98664,0.00023
66.64000,1.02193,0.00923,0.00328,0.98727,0.00021
66.78000,1.02194,0.01039,0.00330,0.98607,0.00024
66.92000,1.02194,0.00999,0.00350,0.98625,0.00026
67.06000,1.02194,0.00989,0.00342,0.98645,0.00024
67.20000,1.02194,0.01015,0.00352,0.98608,0.00026
67.34000,1.02194,0.00994,0.00350,0.98631,0.00025
67.48000,1.02193,0.01050,0.00345,0.98578,0.00026
67.62000,1.02193,0.01024,0.00337,0.98614,0.00025
67.76000,1.02193,0.00984,0.00348,0.98643,0.00024
67.90000,1.02193,0.01004,0.00352,0.98620,0.00024
68.04000,1.02193,0.01032,0.00349,0.98595,0.00025
68.18000,1.02193,0.01003,0.00348,0.98624,0.00025
68.32000,1.02193,0.01001,0.00355,0.98620,0.00024
68.46000,1.02194,0.01035,0.00331,0.98610,0.00024
68.60000,1.02194,0.00978,0.00343,0.98656,0.00024
68.74000,1.02194,0.00996,0.00347,0.98632,0.00025
68.88000,1.02194,0.00979,0.00334,0.98665,0.00023
69.02000,1.02194,0.00960,0.00329,0.98688,0.00022
69.16000,1.02193,0.00955,0.00327,0.98695,0.00022
69.30000,1.02193,0.00932,0.00325,0.98722,0.00021
69.44000,1.02193,0.00953,0.00317,0.98708,0.00021
69.58000,1.02193,0.00877,0.00300,0.98804,0.00019
69.72000,1.02193,0.00869,0.00293,0.98819,0.00019
69.86000,1.02193,0.00840,0.00295,0.98846,0.00019
70.00000,1.02193,0.00864,0.00293,0.98824,0.00019
70.14000,1.02193,0.00885,0.00289,0.98807,0.00019
70.28000,1.02194,0.00870,0.00298,0.98814,0.00019
70.42000,1.02194,0.00831,0.00292,0.98858,0.00018
70.56000,1.02194,0.00855,0.00290,0.98836,0.00019
70.70000,1.02194,0.00865,0.00290,0.98825,0.00020
70.84000,1.02194,0.00835,0.00288,0.98858,0.00019
70.98000,1.02193,0.00894,0.00294,0.98791,0.00020
71.12000,1.02193,0.00884,0.00304,0.98792,0.00020
71.26000,1.02193,0.00925,0.00325,0.98728,0.00021
71.40000,1.02193,0.00954,0.00325,0.98699,0.00022
71.54000,1.02193,0.00972,0.00336,0.98669,0.00022
71.68000,1.02193,0.00993,0.00328,0.98657,0.00023
71.82000,1.02193,0.00989,0.00348,0.98640,0.00023
71.96000,1.02194,0.01010,0.00352,0.98614,0.00024
72.10000,1.02194,0.00975,0.00352,0.98649,0.00024
72.24000,1.02194,0.00966,0.00333,0.98678,0.00023
72.38000,1.02194,0.00930,0.00324,0.98724,0.00022
72.52000,1.02194,0.00967,0.00332,0.98678,0.00023
72.66000,1.02193,0.00986,0.00340,0.98651,0.00023
72.80000,1.02193,0.01033,0.00337,0.98605,0.00025
72.94000,1.02193,0.00976,0.00358,0.98642,0.00024
73.08000,1.02193,0.01008,0.00354,0.98614,0.00024
73.22000,1.02193,0.01018,0.00341,0.98617,0.00024
73.36000,1.02193,0.01077,0.00356,0.98542,0.00026
73.50000,1.02193,0.01053,0.00369,0.98551,0.00026
73.64000,1.02193,0.01090,0.00357,0.98528,0.00025
73.78000,1.02194,0.01008,0.00370,0.98597,0.00024
73.92000,1.02194,0.01054,0.00369,0.98553,0.00025
74.06000,1.02194,0.01023,0.00377,0.98575,0.00025
74.20000,1.02194,0.01048,0.00376,0.98552,0.00024
74.34000,1.02194,0.01028,0.00373,0.98574,0.00025
74.48000,1.02193,0.01053,0.00360,0.98561,0.00026
74.62000,1.02193,0.01011,0.00364,0.98598,0.00027
74.76000,1.02193,0.01076,0.00354,0.98543,0.00027
74.90000,1.02193,0.00989,0.00365,0.98620,0.00025
75.04000,1.02193,0.01010,0.00361,0.98604,0.00025
75.18000,1.02193,0.01037,0.00367,0.98570,0.00025
75.32000,1.02193,0.01034,0.00351,0.98592,0.00023
75.46000,1.02194,0.00990,0.00355,0.98632,0.00024
75.60000,1.02194,0.01012,0.00350,0.98614,0.00024
75.74000,1.02194,0.00992,0.00347,0.98636,0.00024
75.88000,1.02194,0.00961,0.00337,0.98679,0.00023
76.02000,1.02194,0.00951,0.00334,0.98692,0.00023
76.16000,1.02193,0.00961,0.00325,0.98692,0.00022
76.30000,1.02193,0.00976,0.00332,0.98668,0.00024
76.44000,1.02193,0.00988,0.00334,0.98654,0.00024
76.58000,1.02193,0.00992,0.00333,0.98652,0.00023
76.72000,1.02193,0.00959,0.00327,0.98691,0.00023
76.86000,1.02193,0.00983,0.00338,0.98656,0.00024
77.00000,1.02193,0.01000,0.00321,0.98656,0.00023
77.14000,1.02193,0.00954,0.00327,0.98696,0.00023
77.28000,1.02194,0.00961,0.00317,0.98699,0.00023
77.42000,1.02194,0.00935,0.00319,0.98723,0.00023
77.56000,1.02194,0.00942,0.00309,0.98726,0.00022
77.70000,1.02194,0.00895,0.00314,0.98770,0.00021
77.84000,1.02194,0.00923,0.00297,0.98758,0.00021
77.98000,1.02193,0.00894,0.00311,0.98775,0.00020
78.12000,1.02193,0.00935,0.00304,0.98739,0.00022
78.26000,1.02193,0.00894,0.00336,0.98748,0.00022
78.40000,1.02193,0.00955,0.00323,0.98700,0.00021
78.54000,1.02193,0.00926,0.00335,0.98718,0.00021
78.68000,1.02193,0.00926,0.00326,0.98726,0.00022
78.82000,1.02193,0.00940,0.00325,0.98713,0.00021
78.96000,1.02194,0.00969,0.00328,0.98681,0.00022
79.10000,1.02194,0.00901,0.00322,0.98756,0.00021
79.24000,1.02194,0.00926,0.00325,0.98729,0.00021
79.38000,1.02194,0.00913,0.00314,0.98753,0.00020
79.52000,1.02194,0.00898,0.00319,0.98763,0.00020
79.66000,1.02193,0.00915,0.00316,0.98749,0.00020
79.80000,1.02193,0.00902,0.00322,0.98756,0.00020
79.94000,1.02193,0.00913,0.00328,0.98739,0.00021
80.08000,1.02193,0.00914,0.00330,0.98734,0.00022
80.22000,1.02193,0.00925,0.00324,0.98728,0.00022
80.36000,1.02193,0.00909,0.00327,0.98742,0.00022
80.50000,1.02193,0.00923,0.00313,0.98743,0.00021
80.64000,1.02193,0.00933,0.00331,0.98714,0.00022
80.78000,1.02194,0.00968,0.00323,0.98687,0.00022
80.92000,1.02194,0.00925,0.00337,0.98717,0.00022
81.06000,1.02194,0.00920,0.00322,0.98737,0.00021
81.20000,1.02194,0.00917,0.00326,0.98735,0.00021
81.34000,1.02194,0.00908,0.00317,0.98755,0.00020
81.48000,1.02193,0.00928,0.00319,0.98732,0.00021
81.62000,1.02193,0.00906,0.00320,0.98753,0.00020
81.76000,1.02193,0.00895,0.00324,0.98761,0.00020
81.90000,1.02193,0.00903,0.00324,0.98753,0.00020
82.04000,1.02193,0.00912,0.00312,0.98756,0.00020
82.18000,1.02193,0.00902,0.00318,0.98760,0.00020
82.32000,1.02193,0.00928,0.00313,0.98739,0.00020
82.46000,1.02194,0.00932,0.00318,0.98728,0.00021
82.60000,1.02194,0.00937,0.00333,0.98708,0.00022
82.74000,1.02194,0.00982,0.00324,0.98671,0.00023
82.88000,1.02194,0.00965,0.00314,0.98697,0.00023
83.02000,1.02194,0.00930,0.00331,0.98717,0.00022
83.16000,1.02193,0.00939,0.00325,0.98713,0.00023
83.30000,1.02193,0.00943,0.00322,0.98713,0.00022
83.44000,1.02193,0.00918,0.00306,0.98755,0.00022
83.58000,1.02193,0.00949,0.00309,0.98721,0.00021
83.72000,1.02193,0.00974,0.00328,0.98676,0.00023
83.86000,1.02193,0.00978,0.00344,0.98655,0.00023
84.00000,1.02193,0.00968,0.00348,0.98661,0.00023
84.14000,1.02193,0.01005,0.00337,0.98634,0.00024
84.28000,1.02194,0.01007,0.00350,0.98618,0.00024
84.42000,1.02194,0.01018,0.00350,0.98607,0.00025
84.56000,1.02194,0.01045,0.00353,0.98577,0.00025
84.70000,1.02194,0.01019,0.00339,0.98619,0.00024
84.84000,1.02194,0.00975,0.00338,0.98664,0.00022
84.98000,1.02193,0.00996,0.00338,0.98643,0.00023
85.12000,1.02193,0.00986,0.00343,0.98648,0.00023
85.26000,1.02193,0.00979,0.00349,0.98650,0.00023
85.40000,1.02193,0.01031,0.00346,0.98599,0.00023
85.54000,1.02193,0.00973,0.00350,0.98654,0.00023
85.68000,1.02193,0.00977,0.00338,0.98663,0.00022
85.82000,1.02193,0.00952,0.00325,0.98702,0.00022
85.96000,1.02194,0.00951,0.00324,0.98702,0.00022
86.10000,1.02194,0.00946,0.00328,0.98704,0.00022
86.24000,1.02194,0.00942,0.00321,0.98715,0.00022
86.38000,1.02194,0.00898,0.00324,0.98756,0.00022
86.52000,1.02194,0.00980,0.00313,0.98684,0.00023
86.66000,1.02193,0.00914,0.00331,0.98732,0.00023
86.80000,1.02193,0.00959,0.00323,0.98696,0.00022
86.94000,1.02193,0.00954,0.00328,0.98695,0.00022
87.08000,1.02193,0.00934,0.00319,0.98725,0.00022
87.22000,1.02193,0.00955,0.00325,0.98698,0.00022
87.36000,1.02193,0.00935,0.00326,0.98716,0.00022
87.50000,1.02193,0.00927,0.00330,0.98720,0.00023
87.64000,1.02193,0.00930,0.00331,0.98717,0.00022
87.78000,1.02194,0.00929,0.00324,0.98726,0.00022
87.92000,1.02194,0.00947,0.00338,0.98692,0.00023
88.06000,1.02194,0.00949,0.00346,0.98683,0.00022
88.20000,1.02194,0.00964,0.00336,0.98678,0.00022
88.34000,1.02194,0.00959,0.00338,0.98680,0.00022
88.48000,1.02193,0.00981,0.00340,0.98656,0.00023
88.62000,1.02193,0.00961,0.00342,0.98675,0.00022
88.76000,1.02193,0.00956,0.00316,0.98706,0.00021
88.90000,1.02193,0.00957,0.00335,0.98685,0.00022
89.04000,1.02193,0.00938,0.00319,0.98722,0.00021
89.18000,1.02193,0.00957,0.00320,0.98700,0.00023
89.32000,1.02193,0.00920,0.00310,0.98750,0.00020
89.46000,1.02194,0.00911,0.00319,0.98749,0.00021
89.60000,1.02194,0.00870,0.00293,0.98817,0.00019
89.74000,1.02194,0.00866,0.00305,0.98810,0.00019
89.88000,1.02194,0.00892,0.00298,0.98791,0.00019
90.02000,1.02194,0.00858,0.00290,0.98833,0.00018
90.16000,1.02193,0.00839,0.00277,0.98867,0.00018
90.30000,1.02193,0.00855,0.00291,0.98835,0.00019
90.44000,1.02193,0.00859,0.00294,0.98827,0.00019
90.58000,1.02193,0.00853,0.00296,0.98832,0.00019
90.72000,1.02193,0.00879,0.00299,0.98801,0.00020
90.86000,1.02193,0.00867,0.00306,0.98806,0.00020
91.00000,1.02193,0.00865,0.00302,0.98814,0.00020
91.14000,1.02193,0.00870,0.00312,0.98798,0.00019
91.28000,1.02194,0.00922,0.00329,0.98728,0.00021
91.42000,1.02194,0.01008,0.00327,0.98642,0.00023
91.56000,1.02194,0.01385,0.00416,0.98161,0.00039
91.70000,1.02194,0.04333,0.00618,0.94896,0.00154
91.84000,1.02194,0.13724,0.01047,0.84877,0.00352
91.98000,1.02193,0.47019,0.02377,0.50181,0.00423
92.12000,1.02193,0.85278,0.01933,0.12535,0.00255
92.26000,1.02193,0.96639,0.01081,0.02176,0.00103
92.40000,1.02193,0.99029,0.00540,0.00384,0.00047
92.54000,1.02193,0.99643,0.00232,0.00108,0.00017
92.68000,1.02193,0.99779,0.00150,0.00060,0.00011
92.82000,1.02193,0.99702,0.00227,0.00064,0.00007
92.96000,1.02194,0.99729,0.00208,0.00056,0.00007
93.10000,1.02194,0.99713,0.00225,0.00055,0.00006
93.24000,1.02194,0.99831,0.00103,0.00059,0.00007
93.38000,1.02194,0.99202,0.00282,0.00495,0.00020
93.52000,1.02194,0.97199,0.00661,0.02075,0.00065
93.66000,1.02193,0.91187,0.00954,0.07673,0.00185
93.80000,1.02193,0.88485,0.00546,0.10508,0.00461
93.94000,1.02193,0.86010,0.00817,0.12649,0.00524
94.08000,1.02193,0.87116,0.01475,0.10935,0.00474
94.22000,1.02193,0.79829,0.09380,0.10492,0.00300
94.36000,1.02193,0.92331,0.05033,0.02454,0.00182
94.50000,1.02193,0.95191,0.03812,0.00891,0.00106
94.64000,1.02193,0.98679,0.01095,0.00195,0.00031
94.78000,1.02194,0.99406,0.00456,0.00099,0.00039
94.92000,1.02194,0.98866,0.00862,0.00233,0.00040
95.06000,1.02194,0.99585,0.00331,0.00075,0.00009
95.20000,1.02194,0.99660,0.00270,0.00063,0.00007
95.34000,1.02194,0.99664,0.00267,0.00062,0.00007
95.48000,1.02193,0.99703,0.00235,0.00056,0.00007
95.62000,1.02193,0.99700,0.00237,0.00056,0.00007
95.76000,1.02193,0.99702,0.00235,0.00056,0.00007
95.90000,1.02193,0.99708,0.00231,0.00055,0.00007
96.04000,1.02193,0.99712,0.00227,0.00054,0.00007
96.18000,1.02193,0.99711,0.00229,0.00054,0.00007
96.32000,1.02193,0.99714,0.00226,0.00054,0.00006
96.46000,1.02194,0.99720,0.00221,0.00053,0.00006
96.60000,1.02194,0.99726,0.00216,0.00052,0.00006
96.74000,1.02194,0.99715,0.00226,0.00053,0.00006
96.88000,1.02194,0.99717,0.00224,0.00053,0.00006
97.02000,1.02194,0.99707,0.00233,0.00054,0.00006
97.16000,1.02193,0.99707,0.00232,0.00055,0.00007
97.30000,1.02193,0.99699,0.00238,0.00056,0.00007
97.44000,1.02193,0.99701,0.00237,0.00056,0.00007
97.58000,1.02193,0.99690,0.00246,0.00057,0.00007
97.72000,1.02193,0.99688,0.00247,0.00058,0.00007
97.86000,1.02193,0.99699,0.00237,0.00057,0.00007
98.00000,1.02193,0.99707,0.00231,0.00055,0.00007
98.14000,1.02193,0.99706,0.00233,0.00055,0.00007
98.28000,1.02194,0.99705,0.00234,0.00055,0.00007
98.42000,1.02194,0.99704,0.00234,0.00055,0.00007
98.56000,1.02194,0.99702,0.00236,0.00055,0.00007
98.70000,1.02194,0.99708,0.00230,0.00055,0.00007
98.84000,1.02194,0.99700,0.00237,0.00056,0.00007
98.98000,1.02193,0.99698,0.00239,0.00056,0.00007
99.12000,1.02193,0.99692,0.00244,0.00057,0.00007
99.26000,1.02193,0.99708,0.00230,0.00055,0.00007
99.40000,1.02193,0.99712,0.00226,0.00055,0.00007
99.54000,1.02193,0.99712,0.00227,0.00054,0.00007
99.68000,1.02193,0.99714,0.00225,0.00054,0.00007
99.82000,1.02193,0.99707,0.00232,0.00055,0.00007
99.96000,1.02194,0.99715,0.00225,0.00054,0.00007
100.10000,1.02194,0.99716,0.00223,0.00054,0.00007
100.24000,1.02194,0.99713,0.00226,0.00054,0.00007
100.38000,1.02194,0.99708,0.00231,0.00054,0.00007
100.52000,1.02194,0.99704,0.00234,0.00055,0.00007
100.66000,1.02193,0.99707,0.00232,0.00055,0.00007
100.80000,1.02193,0.99710,0.00229,0.00054,0.00007
100.94000,1.02193,0.99718,0.00221,0.00054,0.00007
101.08000,1.02193,0.99725,0.00216,0.00053,0.00007
101.22000,1.02193,0.99723,0.00217,0.00053,0.00007
101.36000,1.02193,0.99719,0.00221,0.00054,0.00007
101.50000,1.02193,0.99721,0.00219,0.00053,0.00007
101.64000,1.02193,0.99711,0.00228,0.00054,0.00007
101.78000,1.02194,0.99705,0.00232,0.00055,0.00007
101.92000,1.02194,0.99694,0.00242,0.00057,0.00007
102.06000,1.02194,0.99685,0.00246,0.00061,0.00007
102.20000,1.02194,0.99490,0.00432,0.00070,0.00008
102.34000,1.02194,0.99518,0.00395,0.00079,0.00009
102.48000,1.02193,0.99527,0.00385,0.00079,0.00009
102.62000,1.02193,0.99489,0.00419,0.00084,0.00009
102.76000,1.02193,0.99525,0.00395,0.00071,0.00009
102.90000,1.02193,0.99298,0.00540,0.00148,0.00015
103.04000,1.02193,0.99349,0.00489,0.00149,0.00013
103.18000,1.02193,0.99410,0.00442,0.00134,0.00014
103.32000,1.02193,0.99518,0.00339,0.00130,0.00014
103.46000,1.02194,0.99471,0.00393,0.00122,0.00014
103.60000,1.02194,0.99454,0.00377,0.00151,0.00018
103.74000,1.02194,0.99406,0.00433,0.00145,0.00016
103.88000,1.02194,0.99118,0.00612,0.00252,0.00018
104.02000,1.02194,0.99697,0.00233,0.00062,0.00008
104.16000,1.02193,0.99692,0.00234,0.00065,0.00009
104.30000,1.02193,0.99708,0.00227,0.00057,0.00008
104.44000,1.02193,0.99709,0.00228,0.00056,0.00007
104.58000,1.02193,0.99707,0.00230,0.00056,0.00007
104.72000,1.02193,0.99709,0.00228,0.00056,0.00007
104.86000,1.02193,0.99714,0.00225,0.00055,0.00007
105.00000,1.02193,0.99715,0.00224,0.00055,0.00007
105.14000,1.02193,0.99724,0.00217,0.00053,0.00007
105.28000,1.02194,0.99733,0.00209,0.00051,0.00007
105.42000,1.02194,0.99723,0.00218,0.00052,0.00006
105.56000,1.02194,0.99725,0.00217,0.00052,0.00006
105.70000,1.02194,0.99735,0.00208,0.00051,0.00007
105.84000,1.02194,0.99733,0.00209,0.00051,0.00006
105.98000,1.02193,0.99731,0.00212,0.00051,0.00006
106.12000,1.02193,0.99695,0.00242,0.00056,0.00007
106.26000,1.02193,0.99558,0.00360,0.00074,0.00008
106.40000,1.02193,0.98692,0.01164,0.00118,0.00027
106.54000,1.02193,0.96865,0.02927,0.00164,0.00045
106.68000,1.02193,0.93808,0.05842,0.00244,0.00105
106.82000,1.02193,0.78200,0.21065,0.00389,0.00347
106.96000,1.02194,0.67199,0.30968,0.00711,0.01122
107.10000,1.02194,0.58628,0.37934,0.00872,0.02566
107.24000,1.02194,0.50616,0.47295,0.00528,0.01561
107.38000,1.02194,0.39563,0.59328,0.00404,0.00705
107.52000,1.02194,0.44251,0.55031,0.00232,0.00486
107.66000,1.02193,0.19953,0.79867,0.00102,0.00078
107.80000,1.02193,0.34039,0.65595,0.00157,0.00209
107.94000,1.02193,0.21400,0.78394,0.00091,0.00115
108.08000,1.02193,0.13088,0.86779,0.00073,0.00059
108.22000,1.02193,0.10001,0.89921,0.00047,0.00031
108.36000,1.02193,0.10310,0.89610,0.00050,0.00030
108.50000,1.02193,0.15823,0.84026,0.00072,0.00079
108.64000,1.02193,0.12193,0.87718,0.00053,0.00036
108.78000,1.02194,0.06939,0.92996,0.00041,0.00023
108.92000,1.02194,0.07035,0.92908,0.00036,0.00020
109.06000,1.02194,0.05347,0.94612,0.00027,0.00013
109.20000,1.02194,0.06062,0.93894,0.00029,0.00015
109.34000,1.02194,0.06792,0.93162,0.00030,0.00016
109.48000,1.02193,0.09015,0.90915,0.00050,0.00020
109.62000,1.02193,0.15927,0.83958,0.00072,0.00042
109.76000,1.02193,0.10217,0.89725,0.00041,0.00018
109.90000,1.02193,0.15094,0.84813,0.00063,0.00031
110.04000,1.02193,0.13553,0.86356,0.00063,0.00029
110.18000,1.02193,0.18825,0.81089,0.00066,0.00020
110.32000,1.02193,0.23316,0.76557,0.00077,0.00050
110.46000,1.02194,0.27867,0.71957,0.00107,0.00069
110.60000,1.02194,0.42490,0.57315,0.00126,0.00069
110.74000,1.02194,0.65649,0.34021,0.00244,0.00086
110.88000,1.02194,0.90816,0.08895,0.00200,0.00089
111.02000,1.02194,0.97004,0.02735,0.00162,0.00099
111.16000,1.02193,0.97903,0.01864,0.00182,0.00051
111.30000,1.02193,0.99611,0.00280,0.00077,0.00032
111.44000,1.02193,0.99701,0.00229,0.00061,0.00009
111.58000,1.02193,0.99728,0.00211,0.00054,0.00008
111.72000,1.02193,0.99728,0.00211,0.00054,0.00007
111.86000,1.02193,0.99749,0.00192,0.00051,0.00007
112.00000,1.02193,0.99741,0.00202,0.00050,0.00006
112.14000,1.02193,0.99742,0.00200,0.00051,0.00007
112.28000,1.02194,0.99725,0.00216,0.00052,0.00007
112.42000,1.02194,0.99700,0.00236,0.00058,0.00007
112.56000,1.02194,0.99700,0.00236,0.00058,0.00007
112.70000,1.02194,0.99663,0.00261,0.00066,0.00010
112.84000,1.02194,0.99566,0.00345,0.00081,0.00008
112.98000,1.02193,0.99594,0.00314,0.00083,0.00008
113.12000,1.02193,0.99651,0.00266,0.00075,0.00008
113.26000,1.02193,0.99628,0.00290,0.00075,0.00008
113.40000,1.02193,0.99482,0.00352,0.00153,0.00013
113.54000,1.02193,0.99323,0.00472,0.00192,0.00012
113.68000,1.02193,0.99690,0.00215,0.00086,0.00009
113.82000,1.02193,0.99720,0.00187,0.00084,0.00009
113.96000,1.02194,0.99609,0.00269,0.00111,0.00012
114.10000,1.02194,0.99611,0.00267,0.00110,0.00012
114.24000,1.02194,0.99369,0.00449,0.00170,0.00012
114.38000,1.02194,0.99727,0.00215,0.00052,0.00006
114.52000,1.02194,0.99718,0.00222,0.00053,0.00006
114.66000,1.02193,0.99718,0.00223,0.00053,0.00007
114.80000,1.02193,0.99718,0.00222,0.00053,0.00007
114.94000,1.02193,0.99710,0.00229,0.00054,0.00007
115.08000,1.02193,0.99701,0.00236,0.00056,0.00007
115.22000,1.02193,0.99696,0.00240,0.00057,0.00007
115.36000,1.02193,0.99704,0.00233,0.00056,0.00007
115.50000,1.02193,0.99700,0.00237,0.00056,0.00007
115.64000,1.02193,0.99688,0.00248,0.00058,0.00007
115.78000,1.02194,0.99686,0.00249,0.00059,0.00007
115.92000,1.02194,0.99696,0.00241,0.00056,0.00007
116.06000,1.02194,0.99693,0.00243,0.00058,0.00007
116.20000,1.02194,0.99701,0.00237,0.00056,0.00007
116.34000,1.02194,0.99687,0.00248,0.00058,0.00007
116.48000,1.02193,0.99690,0.00245,0.00058,0.00007
116.62000,1.02193,0.99682,0.00252,0.00059,0.00007
116.76000,1.02193,0.99693,0.00244,0.00057,0.00007
116.90000,1.02193,0.99699,0.00237,0.00057,0.00007
117.04000,1.02193,0.99649,0.00277,0.00067,0.00007
117.18000,1.02193,0.98295,0.01534,0.00137,0.00035
117.32000,1.02193,0.96708,0.03023,0.00207,0.00062
117.46000,1.02194,0.98564,0.01236,0.00143,0.00057
117.60000,1.02194,0.98569,0.01261,0.00136,0.00034
117.74000,1.02194,0.98550,0.01277,0.00123,0.00049
117.88000,1.02194,0.98496,0.01250,0.00148,0.00106
118.02000,1.02194,0.98803,0.01041,0.00145,0.00011
118.16000,1.02193,0.99163,0.00745,0.00082,0.00009
118.30000,1.02193,0.96854,0.03047,0.00084,0.00015
118.44000,1.02193,0.93203,0.06675,0.00102,0.00020
118.58000,1.02193,0.89844,0.09967,0.00158,0.00032
118.72000,1.02193,0.91185,0.08590,0.00179,0.00045
118.86000,1.02193,0.96075,0.03729,0.00109,0.00087
119.00000,1.02193,0.96467,0.03281,0.00193,0.00059
119.14000,1.02193,0.98180,0.01635,0.00163,0.00022
119.28000,1.02194,0.99258,0.00599,0.00124,0.00018
119.42000,1.02194,0.99716,0.00219,0.00056,0.00009
119.56000,1.02194,0.99708,0.00230,0.00055,0.00007
119.70000,1.02194,0.99706,0.00231,0.00056,0.00007
119.84000,1.02194,0.99697,0.00240,0.00056,0.00007
119.98000,1.02193,0.99690,0.00245,0.00058,0.00007
120.12000,1.02193,0.99678,0.00255,0.00060,0.00007
120.26000,1.02193,0.99694,0.00242,0.00057,0.00007
120.40000,1.02193,0.99715,0.00223,0.00055,0.00007
120.54000,1.02193,0.99705,0.00232,0.00056,0.00007
120.68000,1.02193,0.99704,0.00234,0.00056,0.00007
120.82000,1.02193,0.99720,0.00221,0.00053,0.00006
120.96000,1.02194,0.99717,0.00224,0.00053,0.00006
121.10000,1.02194,0.99710,0.00230,0.00054,0.00006
121.24000,1.02194,0.99625,0.00305,0.00063,0.00007
121.38000,1.02194,0.99442,0.00484,0.00067,0.00008
121.52000,1.02194,0.99209,0.00719,0.00064,0.00009
121.66000,1.02193,0.99138,0.00781,0.00072,0.00009
121.80000,1.02193,0.99066,0.00841,0.00083,0.00010
121.94000,1.02193,0.99078,0.00833,0.00079,0.00010
122.08000,1.02193,0.98803,0.01072,0.00113,0.00011
122.22000,1.02193,0.98969,0.00862,0.00154,0.00015
122.36000,1.02193,0.99431,0.00460,0.00092,0.00018
122.50000,1.02193,0.99168,0.00726,0.00095,0.00011
122.64000,1.02193,0.98864,0.01025,0.00100,0.00011
122.78000,1.02194,0.98304,0.01565,0.00119,0.00012
122.92000,1.02194,0.97622,0.02226,0.00138,0.00014
123.06000,1.02194,0.96790,0.03017,0.00178,0.00015
123.20000,1.02194,0.97080,0.02740,0.00165,0.00016
123.34000,1.02194,0.95319,0.04476,0.00189,0.00016
123.48000,1.02193,0.87909,0.11879,0.00189,0.00022
123.62000,1.02193,0.82431,0.17357,0.00189,0.00024
123.76000,1.02193,0.77517,0.22282,0.00174,0.00027
123.90000,1.02193,0.77433,0.22353,0.00187,0.00028
124.04000,1.02193,0.80618,0.19162,0.00185,0.00035
124.18000,1.02193,0.76649,0.23051,0.00271,0.00029
124.32000,1.02193,0.89562,0.10203,0.00215,0.00020
124.46000,1.02194,0.95470,0.04205,0.00303,0.00022
124.60000,1.02194,0.97087,0.02640,0.00256,0.00017
124.74000,1.02194,0.97997,0.01737,0.00250,0.00016
124.88000,1.02194,0.98639,0.01148,0.00200,0.00013
125.02000,1.02194,0.99117,0.00725,0.00147,0.00011
125.16000,1.02193,0.99355,0.00520,0.00116,0.00009
125.30000,1.02193,0.98661,0.01181,0.00147,0.00011
125.44000,1.02193,0.97425,0.02449,0.00116,0.00011
125.58000,1.02193,0.96400,0.03486,0.00101,0.00013
125.72000,1.02193,0.93563,0.06315,0.00106,0.00016
125.86000,1.02193,0.72249,0.27597,0.00124,0.00029
126.00000,1.02193,0.40682,0.59160,0.00132,0.00026
126.14000,1.02193,0.51373,0.48438,0.00162,0.00027
126.28000,1.02194,0.76573,0.23192,0.00210,0.00025
126.42000,1.02194,0.89558,0.10206,0.00209,0.00026
126.56000,1.02194,0.95061,0.04728,0.00184,0.00027
126.70000,1.02194,0.98662,0.01195,0.00130,0.00013
126.84000,1.02194,0.99608,0.00307,0.00078,0.00007
126.98000,1.02193,0.99714,0.00218,0.00061,0.00006
127.12000,1.02193,0.99778,0.00167,0.00049,0.00006
127.26000,1.02193,0.99822,0.00129,0.00042,0.00007
127.40000,1.02193,0.99835,0.00116,0.00041,0.00008
127.54000,1.02193,0.99812,0.00135,0.00045,0.00008
127.68000,1.02193,0.99806,0.00142,0.00044,0.00008
127.82000,1.02193,0.99727,0.00208,0.00055,0.00010
127.96000,1.02193,0.99638,0.00288,0.00064,0.00009
128.10001,1.02193,0.99459,0.00447,0.00083,0.00011
128.24001,1.02193,0.99186,0.00691,0.00107,0.00016
128.38000,1.02193,0.98343,0.01480,0.00159,0.00018
128.52000,1.02193,0.97550,0.02266,0.00170,0.00014
128.66000,1.02193,0.96719,0.03074,0.00194,0.00014
128.80000,1.02193,0.97040,0.02753,0.00193,0.00015
128.94000,1.02194,0.96440,0.03356,0.00189,0.00014
129.08000,1.02194,0.96713,0.03067,0.00207,0.00014
129.22000,1.02194,0.97364,0.02413,0.00208,0.00015
129.36000,1.02194,0.98152,0.01662,0.00173,0.00013
129.50000,1.02194,0.98566,0.01274,0.00148,0.00011
129.64000,1.02194,0.98986,0.00863,0.00139,0.00012
129.78000,1.02194,0.99134,0.00737,0.00120,0.00009
129.92000,1.02194,0.99432,0.00463,0.00097,0.00008
130.06000,1.02194,0.99549,0.00364,0.00081,0.00007
130.20000,1.02194,0.99557,0.00363,0.00072,0.00008
130.34000,1.02194,0.99021,0.00894,0.00075,0.00009
130.48000,1.02194,0.97958,0.01946,0.00084,0.00012
130.62000,1.02194,0.93110,0.06761,0.00111,0.00018
130.75999,1.02194,0.74898,0.24967,0.00108,0.00028
130.89999,1.02194,0.37875,0.62009,0.00091,0.00024
131.03999,1.02194,0.12196,0.87737,0.00057,0.00010
131.17999,1.02194,0.06984,0.92973,0.00036,0.00007
131.32001,1.02193,0.05002,0.94956,0.00036,0.00006
131.46001,1.02193,0.03509,0.96459,0.00027,0.00005
131.60001,1.02193,0.03364,0.96611,0.00022,0.00004
131.74001,1.02193,0.11356,0.88566,0.00067,0.00011
131.88000,1.02193,0.26349,0.73514,0.00120,0.00017
132.02000,1.02193,0.55180,0.44624,0.00174,0.00023
132.16000,1.02193,0.80062,0.19670,0.00238,0.00030
132.30000,1.02193,0.94047,0.05736,0.00197,0.00020
132.44000,1.02194,0.98368,0.01459,0.00163,0.00011
132.58000,1.02194,0.99008,0.00845,0.00135,0.00011
132.72000,1.02194,0.99131,0.00724,0.00136,0.00010
132.86000,1.02194,0.99247,0.00620,0.00124,0.00009
133.00000,1.02194,0.99417,0.00467,0.00107,0.00009
133.14000,1.02194,0.99307,0.00565,0.00118,0.00010
133.28000,1.02194,0.99064,0.00789,0.00135,0.00012
133.42000,1.02194,0.98174,0.01657,0.00156,0.00012
133.56000,1.02194,0.95375,0.04455,0.00154,0.00016
133.70000,1.02194,0.87348,0.12461,0.00166,0.00025
133.84000,1.02194,0.69297,0.30517,0.00154,0.00032
133.98000,1.02194,0.36249,0.63621,0.00107,0.00023
134.12000,1.02194,0.17665,0.82244,0.00077,0.00015
134.25999,1.02194,0.09386,0.90544,0.00060,0.00010
134.39999,1.02194,0.08070,0.91868,0.00051,0.00010
134.53999,1.02194,0.08173,0.91773,0.00046,0.00008
134.67999,1.02194,0.06466,0.93494,0.00032,0.00007
134.82001,1.02193,0.07307,0.92647,0.00038,0.00008
134.96001,1.02193,0.12829,0.87094,0.00067,0.00011
135.10001,1.02193,0.33104,0.66723,0.00147,0.00026
135.24001,1.02193,0.67547,0.32200,0.00223,0.00030
135.38000,1.02193,0.87205,0.12573,0.00195,0.00027
135.52000,1.02193,0.93910,0.05868,0.00198,0.00024
135.66000,1.02193,0.98041,0.01740,0.00202,0.00016
135.80000,1.02193,0.99165,0.00693,0.00131,0.00010
135.94000,1.02194,0.98715,0.01153,0.00121,0.00011
136.08000,1.02194,0.95398,0.04439,0.00144,0.00018
136.22000,1.02194,0.84818,0.14981,0.00175,0.00026
136.36000,1.02194,0.72056,0.27750,0.00169,0.00025
136.50000,1.02194,0.56243,0.43582,0.00150,0.00025
136.64000,1.02194,0.47517,0.52305,0.00148,0.00029
136.78000,1.02194,0.43380,0.56468,0.00131,0.00021
136.92000,1.02194,0.58556,0.41275,0.00148,0.00022
137.06000,1.02194,0.73901,0.25895,0.00182,0.00022
137.20000,1.02194,0.78933,0.20914,0.00135,0.00018
137.34000,1.02194,0.81368,0.18475,0.00139,0.00018
137.48000,1.02194,0.83796,0.16019,0.00165,0.00020
137.62000,1.02194,0.75402,0.24457,0.00123,0.00018
137.75999,1.02194,0.68010,0.31828,0.00136,0.00025
137.89999,1.02194,0.77122,0.22660,0.00191,0.00027
138.03999,1.02194,0.87614,0.12160,0.00203,0.00023
138.17999,1.02194,0.88674,0.11125,0.00178,0.00023
138.32001,1.02193,0.88626,0.11122,0.00222,0.00030
138.46001,1.02193,0.92367,0.07401,0.00212,0.00021
138.60001,1.02193,0.97257,0.02586,0.00141,0.00016
138.74001,1.02193,0.95936,0.03907,0.00142,0.00015
138.88000,1.02193,0.95081,0.04734,0.00168,0.00017
139.02000,1.02193,0.95536,0.04268,0.00180,0.00016
139.16000,1.02193,0.95683,0.04109,0.00194,0.00015
139.30000,1.02193,0.96473,0.03347,0.00165,0.00015
139.44000,1.02194,0.96215,0.03592,0.00177,0.00016
139.58000,1.02194,0.96766,0.03042,0.00177,0.00015
139.72000,1.02194,0.97714,0.02096,0.00175,0.00015
139.86000,1.02194,0.98355,0.01479,0.00153,0.00013
140.00000,1.02194,0.98913,0.00942,0.00133,0.00012
140.14000,1.02194,0.99270,0.00605,0.00115,0.00010
140.28000,1.02194,0.99291,0.00586,0.00114,0.00009
140.42000,1.02194,0.99390,0.00509,0.00092,0.00009
140.56000,1.02194,0.99370,0.00527,0.00093,0.00009
140.70000,1.02194,0.99204,0.00681,0.00104,0.00011
140.84000,1.02194,0.98974,0.00889,0.00124,0.00013
140.98000,1.02194,0.98665,0.01173,0.00147,0.00016
141.12000,1.02194,0.96720,0.03005,0.00257,0.00019
141.25999,1.02194,0.97411,0.02372,0.00196,0.00020
141.39999,1.02194,0.98361,0.01452,0.00158,0.00030
141.53999,1.02194,0.97857,0.01927,0.00190,0.00025
141.67999,1.02194,0.98364,0.01437,0.00168,0.00030
141.82001,1.02193,0.97988,0.01788,0.00198,0.00026
141.96001,1.02193,0.97610,0.02154,0.00215,0.00021
142.10001,1.02193,0.98011,0.01790,0.00176,0.00023
142.24001,1.02193,0.97818,0.01986,0.00177,0.00019
142.38000,1.02193,0.97811,0.01988,0.00185,0.00016
142.52000,1.02193,0.98375,0.01458,0.00152,0.00016
142.66000,1.02193,0.98429,0.01402,0.00153,0.00016
142.80000,1.02193,0.98792,0.01035,0.00157,0.00016
142.94000,1.02194,0.98969,0.00856,0.00159,0.00016
143.08000,1.02194,0.99244,0.00609,0.00133,0.00014
143.22000,1.02194,0.99362,0.00507,0.00118,0.00013
143.36000,1.02194,0.99288,0.00579,0.00122,0.00011
143.50000,1.02194,0.99327,0.00545,0.00117,0.00011
143.64000,1.02194,0.99322,0.00550,0.00117,0.00011
143.78000,1.02194,0.99265,0.00599,0.00124,0.00012
143.92000,1.02194,0.99299,0.00574,0.00115,0.00012
144.06000,1.02194,0.99310,0.00549,0.00128,0.00013
144.20000,1.02194,0.99122,0.00733,0.00132,0.00013
144.34000,1.02194,0.98873,0.00979,0.00136,0.00013
144.48000,1.02194,0.98655,0.01186,0.00144,0.00015
144.62000,1.02194,0.98736,0.01097,0.00152,0.00015
144.75999,1.02194,0.98626,0.01209,0.00151,0.00014
144.89999,1.02194,0.98362,0.01441,0.00179,0.00018
145.03999,1.02194,0.97962,0.01827,0.00196,0.00015
145.17999,1.02194,0.97814,0.01966,0.00204,0.00016
145.32001,1.02193,0.97830,0.01983,0.00172,0.00016
145.46001,1.02193,0.97773,0.02070,0.00144,0.00013
145.60001,1.02193,0.96295,0.03552,0.00141,0.00012
145.74001,1.02193,0.94472,0.05382,0.00133,0.00013
145.88000,1.02193,0.93385,0.06464,0.00136,0.00015
146.02000,1.02193,0.94797,0.05048,0.00141,0.00014
146.16000,1.02193,0.95844,0.03986,0.00155,0.00014
146.30000,1.02193,0.96974,0.02844,0.00165,0.00016
146.44000,1.02194,0.97261,0.02534,0.00191,0.00014
146.58000,1.02194,0.97511,0.02246,0.00229,0.00014
146.72000,1.02194,0.97872,0.01907,0.00209,0.00012
146.86000,1.02194,0.98150,0.01660,0.00178,0.00013
147.00000,1.02194,0.98274,0.01533,0.00180,0.00013
147.14000,1.02194,0.97792,0.01985,0.00210,0.00014
147.28000,1.02194,0.97402,0.02387,0.00196,0.00015
147.42000,1.02194,0.95937,0.03850,0.00197,0.00017
147.56000,1.02194,0.96593,0.03213,0.00179,0.00015
147.70000,1.02194,0.97037,0.02775,0.00171,0.00016
147.84000,1.02194,0.96061,0.03757,0.00167,0.00014
147.98000,1.02194,0.95886,0.03911,0.00186,0.00017
148.12000,1.02194,0.96947,0.02813,0.00224,0.00015
148.25999,1.02194,0.98509,0.01319,0.00160,0.00012
148.39999,1.02194,0.98935,0.00918,0.00136,0.00011
148.53999,1.02194,0.99266,0.00612,0.00112,0.00010
148.67999,1.02194,0.99422,0.00478,0.00092,0.00008
148.82001,1.02193,0.99570,0.00349,0.00074,0.00007
148.96001,1.02193,0.99657,0.00278,0.00059,0.00006
149.10001,1.02193,0.99722,0.00218,0.00053,0.00007
149.24001,1.02193,0.99723,0.00218,0.00053,0.00007
149.38000,1.02193,0.99725,0.00216,0.00052,0.00007
149.52000,1.02193,0.99724,0.00218,0.00052,0.00006
149.66000,1.02193,0.99721,0.00220,0.00052,0.00007
149.80000,1.02193,0.99712,0.00228,0.00054,0.00006
149.94000,1.02194,0.99713,0.00227,0.00053,0.00006
150.08000,1.02194,0.99715,0.00225,0.00054,0.00006
150.22000,1.02194,0.99722,0.00219,0.00053,0.00006
150.36000,1.02194,0.99717,0.00223,0.00053,0.00007
150.50000,1.02194,0.99723,0.00218,0.00053,0.00007
150.64000,1.02194,0.99721,0.00220,0.00053,0.00006
150.78000,1.02194,0.99723,0.00218,0.00052,0.00006
150.92000,1.02194,0.99725,0.00217,0.00052,0.00007
151.06000,1.02194,0.99725,0.00217,0.00052,0.00007
151.20000,1.02194,0.99724,0.00217,0.00053,0.00007
151.34000,1.02194,0.99721,0.00219,0.00053,0.00007
151.48000,1.02194,0.99721,0.00219,0.00053,0.00007
151.62000,1.02194,0.99720,0.00220,0.00053,0.00007
151.75999,1.02194,0.99724,0.00217,0.00052,0.00007
151.89999,1.02194,0.99724,0.00217,0.00052,0.00006
152.03999,1.02194,0.99723,0.00218,0.00052,0.00006
152.17999,1.02194,0.99720,0.00221,0.00053,0.00006
152.32001,1.02193,0.99723,0.00218,0.00052,0.00006
152.46001,1.02193,0.99722,0.00219,0.00052,0.00006
152.60001,1.02193,0.99723,0.00219,0.00052,0.00006
152.74001,1.02193,0.99723,0.00219,0.00052,0.00006
152.88000,1.02193,0.99723,0.00218,0.00052,0.00006
153.02000,1.02193,0.99722,0.00220,0.00052,0.00006
153.16000,1.02193,0.99725,0.00217,0.00052,0.00006
153.30000,1.02193,0.99721,0.00221,0.00052,0.00006
153.44000,1.02194,0.99722,0.00220,0.00052,0.00006
153.58000,1.02194,0.99715,0.00226,0.00053,0.00006
153.72000,1.02194,0.99717,0.00223,0.00053,0.00007
153.86000,1.02194,0.99709,0.00231,0.00054,0.00006
154.00000,1.02194,0.99708,0.00232,0.00054,0.00007
154.14000,1.02194,0.99708,0.00232,0.00054,0.00007
154.28000,1.02194,0.99711,0.00229,0.00054,0.00007
154.42000,1.02194,0.99716,0.00224,0.00053,0.00007
154.56000,1.02194,0.99716,0.00224,0.00053,0.00006
154.70000,1.02194,0.99736,0.00206,0.00052,0.00006
154.84000,1.02194,0.99725,0.00216,0.00053,0.00006
154.98000,1.02194,0.99677,0.00256,0.00060,0.00007
155.12000,1.02194,0.99629,0.00296,0.00068,0.00007
155.25999,1.02194,0.99507,0.00400,0.00084,0.00008
155.39999,1.02194,0.99259,0.00626,0.00105,0.00010
155.53999,1.02194,0.98982,0.00892,0.00113,0.00013
155.67999,1.02194,0.98126,0.01715,0.00144,0.00014
155.82001,1.02193,0.96078,0.03763,0.00145,0.00014
155.96001,1.02193,0.93419,0.06424,0.00141,0.00016
156.10001,1.02193,0.89950,0.09873,0.00160,0.00017
156.24001,1.02193,0.90034,0.09755,0.00191,0.00019
156.38000,1.02193,0.91563,0.08245,0.00174,0.00018
156.52000,1.02193,0.92919,0.06859,0.00205,0.00017
156.66000,1.02193,0.94411,0.05314,0.00257,0.00017
156.80000,1.02193,0.95574,0.04180,0.00231,0.00015
156.94000,1.02194,0.96356,0.03414,0.00217,0.00013
157.08000,1.02194,0.97282,0.02492,0.00210,0.00015
157.22000,1.02194,0.98251,0.01577,0.00161,0.00011
157.36000,1.02194,0.98679,0.01166,0.00144,0.00011
157.50000,1.02194,0.98228,0.01596,0.00165,0.00011
157.64000,1.02194,0.96843,0.03003,0.00141,0.00013
157.78000,1.02194,0.97480,0.02378,0.00129,0.00013
157.92000,1.02194,0.97722,0.02155,0.00110,0.00013
158.06000,1.02194,0.97379,0.02491,0.00111,0.00019
158.20000,1.02194,0.94236,0.05554,0.00192,0.00019
158.34000,1.02194,0.93800,0.05937,0.00244,0.00018
158.48000,1.02194,0.96957,0.02838,0.00192,0.00013
158.62000,1.02194,0.98574,0.01231,0.00174,0.00021
158.75999,1.02194,0.98607,0.01203,0.00172,0.00018
158.89999,1.02194,0.98810,0.01038,0.00138,0.00015
159.03999,1.02194,0.98972,0.00858,0.00151,0.00018
159.17999,1.02194,0.99098,0.00735,0.00147,0.00020
159.32001,1.02193,0.99074,0.00780,0.00131,0.00014
159.46001,1.02193,0.99044,0.00806,0.00137,0.00013
159.60001,1.02193,0.98983,0.00860,0.00144,0.00013
159.74001,1.02193,0.99183,0.00673,0.00131,0.00013
159.88000,1.02193,0.99367,0.00510,0.00109,0.00013
160.02000,1.02193,0.99383,0.00490,0.00114,0.00013
160.16000,1.02193,0.99368,0.00513,0.00108,0.00010
160.30000,1.02193,0.99385,0.00495,0.00108,0.00011
160.44000,1.02194,0.99340,0.00545,0.00105,0.00010
160.58000,1.02194,0.99260,0.00612,0.00117,0.00011
160.72000,1.02194,0.99256,0.00615,0.00118,0.00011
160.86000,1.02194,0.99186,0.00671,0.00130,0.00013
161.00000,1.02194,0.99234,0.00630,0.00124,0.00012
161.14000,1.02194,0.99302,0.00560,0.00124,0.00014
161.28000,1.02194,0.99305,0.00559,0.00122,0.00013
161.42000,1.02194,0.99404,0.00468,0.00114,0.00014
161.56000,1.02194,0.99357,0.00513,0.00117,0.00013
161.70000,1.02194,0.99382,0.00497,0.00109,0.00011
161.84000,1.02194,0.99340,0.00535,0.00114,0.00012
161.98000,1.02194,0.99266,0.00601,0.00122,0.00011
162.12000,1.02194,0.99252,0.00610,0.00125,0.00013
162.25999,1.02194,0.99321,0.00541,0.00121,0.00017
162.39999,1.02194,0.99063,0.00791,0.00131,0.00015
162.53999,1.02194,0.98941,0.00905,0.00141,0.00014
162.67999,1.02194,0.98886,0.00944,0.00158,0.00013
162.82001,1.02193,0.98984,0.00861,0.00143,0.00011
162.96001,1.02193,0.99124,0.00740,0.00126,0.00010
163.10001,1.02193,0.99221,0.00649,0.00120,0.00009
163.24001,1.02193,0.99430,0.00467,0.00095,0.00008
163.38000,1.02193,0.99564,0.00352,0.00077,0.00007
163.52000,1.02193,0.99706,0.00227,0.00060,0.00007
163.66000,1.02193,0.99692,0.00241,0.00060,0.00007
163.80000,1.02193,0.99604,0.00316,0.00072,0.00008
163.94000,1.02194,0.99574,0.00337,0.00081,0.00008
164.08000,1.02194,0.99448,0.00439,0.00104,0.00009
164.22000,1.02194,0.99331,0.00537,0.00121,0.00011
164.36000,1.02194,0.99024,0.00807,0.00155,0.00013
164.50000,1.02194,0.98059,0.01732,0.00197,0.00012
164.64000,1.02194,0.97570,0.02211,0.00206,0.00013
164.78000,1.02194,0.97370,0.02445,0.00173,0.00012
164.92000,1.02194,0.95481,0.04334,0.00172,0.00013
165.06000,1.02194,0.93690,0.06136,0.00159,0.00015
165.20000,1.02194,0.93490,0.06350,0.00146,0.00014
165.34000,1.02194,0.94151,0.05685,0.00150,0.00014
165.48000,1.02194,0.93866,0.05956,0.00163,0.00015
165.62000,1.02194,0.93886,0.05921,0.00177,0.00016
165.75999,1.02194,0.95844,0.03951,0.00192,0.00014
165.89999,1.02194,0.96509,0.03274,0.00203,0.00014
166.03999,1.02194,0.96856,0.02937,0.00192,0.00014
166.17999,1.02194,0.96649,0.03147,0.00191,0.00014
166.32001,1.02193,0.95816,0.03964,0.00204,0.00016
166.46001,1.02193,0.94964,0.04863,0.00159,0.00014
166.60001,1.02193,0.97145,0.02682,0.00158,0.00015
166.74001,1.02193,0.98080,0.01788,0.00120,0.00012
166.88000,1.02193,0.98502,0.01382,0.00105,0.00011
167.02000,1.02193,0.97759,0.02087,0.00141,0.00013
167.16000,1.02193,0.95436,0.04397,0.00152,0.00015
167.30000,1.02193,0.95047,0.04800,0.00138,0.00015
167.44000,1.02194,0.94316,0.05508,0.00141,0.00035
167.58000,1.02194,0.90391,0.09448,0.00128,0.00032
167.72000,1.02194,0.75297,0.24481,0.00194,0.00028
167.86000,1.02194,0.79223,0.20556,0.00199,0.00022
168.00000,1.02194,0.90114,0.09693,0.00175,0.00018
168.14000,1.02194,0.92877,0.06868,0.00236,0.00018
168.28000,1.02194,0.93607,0.06182,0.00197,0.00014
168.42000,1.02194,0.91314,0.08499,0.00172,0.00016
168.56000,1.02194,0.82225,0.17580,0.00176,0.00019
168.70000,1.02194,0.71990,0.27822,0.00168,0.00020
168.84000,1.02194,0.59184,0.40649,0.00146,0.00021
168.98000,1.02194,0.62752,0.37037,0.00184,0.00027
169.12000,1.02194,0.73925,0.25808,0.00240,0.00027
169.25999,1.02194,0.82627,0.17068,0.00278,0.00027
169.39999,1.02194,0.92413,0.07310,0.00257,0.00020
169.53999,1.02194,0.96024,0.03647,0.00311,0.00019
169.67999,1.02194,0.97937,0.01815,0.00235,0.00013
169.82001,1.02193,0.98383,0.01387,0.00216,0.00014
169.96001,1.02193,0.98092,0.01675,0.00219,0.00014
170.10001,1.02193,0.97426,0.02313,0.00246,0.00015
170.24001,1.02193,0.95945,0.03823,0.00216,0.00016
170.38000,1.02193,0.94868,0.04928,0.00186,0.00019
170.52000,1.02193,0.89769,0.10042,0.00169,0.00020
170.66000,1.02193,0.84179,0.15627,0.00171,0.00023
170.80000,1.02193,0.76711,0.23131,0.00139,0.00019
170.94000,1.02194,0.75670,0.24162,0.00148,0.00021
171.08000,1.02194,0.82552,0.17278,0.00152,0.00018
171.22000,1.02194,0.83943,0.15882,0.00157,0.00018
171.36000,1.02194,0.88127,0.11728,0.00130,0.00015
171.50000,1.02194,0.93644,0.06191,0.00149,0.00017
171.64000,1.02194,0.96569,0.03280,0.00138,0.00013
171.78000,1.02194,0.97995,0.01879,0.00115,0.00011
171.92000,1.02194,0.98610,0.01265,0.00114,0.00012
172.06000,1.02194,0.99070,0.00805,0.00115,0.00009
172.20000,1.02194,0.99459,0.00445,0.00088,0.00007
172.34000,1.02194,0.99673,0.00261,0.00059,0.00006
172.48000,1.02194,0.99733,0.00209,0.00052,0.00007
172.62000,1.02194,0.99704,0.00234,0.00055,0.00007
172.75999,1.02194,0.99706,0.00232,0.00055,0.00007
172.89999,1.02194,0.99704,0.00233,0.00056,0.00007
173.03999,1.02194,0.99701,0.00234,0.00057,0.00007
173.17999,1.02194,0.99674,0.00259,0.00060,0.00007
173.32001,1.02193,0.99674,0.00258,0.00061,0.00007
173.46001,1.02193,0.99663,0.00267,0.00063,0.00007
173.60001,1.02193,0.99701,0.00236,0.00056,0.00007
173.74001,1.02193,0.99695,0.00241,0.00057,0.00007
173.88000,1.02193,0.99697,0.00239,0.00056,0.00007
174.02000,1.02193,0.99695,0.00241,0.00057,0.00007
174.16000,1.02193,0.99711,0.00228,0.00054,0.00007
174.30000,1.02193,0.99710,0.00229,0.00054,0.00007
174.44000,1.02194,0.99708,0.00231,0.00054,0.00007
174.58000,1.02194,0.99718,0.00223,0.00053,0.00006
174.72000,1.02194,0.99717,0.00223,0.00053,0.00007
174.86000,1.02194,0.99719,0.00222,0.00053,0.00006
175.00000,1.02194,0.99722,0.00219,0.00052,0.00006
175.14000,1.02194,0.99719,0.00222,0.00053,0.00006
175.28000,1.02194,0.99724,0.00218,0.00052,0.00006
175.42000,1.02194,0.99725,0.00217,0.00052,0.00006
