Time (seconds), Duration (seconds),pred_(unlabeled),pred_brushing_teeth,pred_hair_drying,pred_showering,pred_air,pred_plastic,pred_plastic_out,pred_wood,pred_wood_out
0.00000,1.02194,0.99520,0.00011,0.00000,0.00381,0.00000,0.00000,0.00038,0.00000,0.00050
0.14000,1.02194,0.98862,0.00007,0.00000,0.00908,0.00000,0.00000,0.00100,0.00000,0.00123
0.28000,1.02194,0.95038,0.00028,0.00000,0.04736,0.00001,0.00000,0.00073,0.00000,0.00124
0.42000,1.02194,0.97389,0.00004,0.00000,0.02556,0.00001,0.00000,0.00023,0.00000,0.00028
0.56000,1.02194,0.97427,0.00036,0.00003,0.02333,0.00020,0.00000,0.00044,0.00000,0.00136
0.70000,1.02194,0.96540,0.00023,0.00002,0.02943,0.00069,0.00000,0.00108,0.00001,0.00313
0.84000,1.02194,0.97120,0.00011,0.00002,0.01379,0.00489,0.00001,0.00257,0.00002,0.00740
0.98000,1.02194,0.94352,0.00015,0.00001,0.00490,0.02337,0.00002,0.00644,0.00005,0.02155
1.12000,1.02194,0.87623,0.00012,0.00000,0.00353,0.05674,0.00004,0.01541,0.00010,0.04782
1.26000,1.02194,0.82361,0.00012,0.00000,0.01677,0.10072,0.00022,0.01734,0.00058,0.04064
1.40000,1.02194,0.04907,0.00083,0.00014,0.00354,0.71770,0.16228,0.00039,0.06482,0.00123
1.54000,1.02194,0.04433,0.00067,0.00009,0.00281,0.71463,0.16505,0.00035,0.07097,0.00110
1.68000,1.02194,0.04306,0.00075,0.00010,0.00279,0.73826,0.15321,0.00037,0.06029,0.00118
1.82000,1.02194,0.04315,0.00078,0.00009,0.00251,0.69746,0.17489,0.00037,0.07958,0.00118
1.96000,1.02194,0.04371,0.00075,0.00009,0.00274,0.65937,0.19599,0.00035,0.09595,0.00103
2.10000,1.02194,0.03731,0.00076,0.00012,0.00308,0.73312,0.16192,0.00031,0.06236,0.00100
2.24000,1.02194,0.03753,0.00086,0.00019,0.00358,0.75616,0.15038,0.00030,0.04992,0.00109
2.38000,1.02194,0.03935,0.00093,0.00025,0.00419,0.74370,0.15693,0.00034,0.05311,0.00120
2.52000,1.02194,0.04363,0.00097,0.00035,0.00526,0.73167,0.16347,0.00040,0.05286,0.00139
2.66000,1.02194,0.04444,0.00107,0.00044,0.00550,0.71425,0.17507,0.00044,0.05728,0.00150
2.80000,1.02194,0.04484,0.00099,0.00041,0.00538,0.72845,0.16511,0.00042,0.05295,0.00145
2.94000,1.02194,0.04536,0.00092,0.00037,0.00522,0.74655,0.15420,0.00040,0.04561,0.00138
3.08000,1.02194,0.04515,0.00076,0.00027,0.00494,0.78907,0.12506,0.00036,0.03309,0.00129
3.22000,1.02194,0.04146,0.00065,0.00021,0.00419,0.81627,0.10910,0.00030,0.02671,0.00112
3.36000,1.02194,0.04005,0.00063,0.00017,0.00386,0.83127,0.09946,0.00028,0.02323,0.00106
3.50000,1.02194,0.03915,0.00055,0.00015,0.00362,0.84110,0.09230,0.00025,0.02189,0.00099
3.64000,1.02194,0.03898,0.00065,0.00015,0.00355,0.82419,0.10371,0.00027,0.02750,0.00101
3.78000,1.02194,0.32310,0.00049,0.00003,0.01377,0.63748,0.00521,0.00381,0.00283,0.01329
3.92000,1.02194,0.82428,0.00049,0.00001,0.00368,0.13908,0.00024,0.00711,0.00033,0.02478
4.06000,1.02194,0.95078,0.00047,0.00001,0.00182,0.03127,0.00004,0.00272,0.00010,0.01280
4.20000,1.02194,0.98022,0.00124,0.00003,0.00224,0.01064,0.00002,0.00082,0.00007,0.00470
4.34000,1.02194,0.99453,0.00112,0.00003,0.00126,0.00147,0.00000,0.00020,0.00002,0.00136
4.48000,1.02194,0.99820,0.00040,0.00002,0.00062,0.00026,0.00000,0.00005,0.00000,0.00045
4.62000,1.02194,0.99943,0.00002,0.00000,0.00019,0.00003,0.00000,0.00003,0.00000,0.00030
4.76000,1.02194,0.99828,0.00012,0.00002,0.00098,0.00011,0.00000,0.00005,0.00000,0.00042
4.90000,1.02194,0.99586,0.00015,0.00003,0.00189,0.00072,0.00000,0.00018,0.00001,0.00116
5.04000,1.02194,0.99054,0.00024,0.00003,0.00225,0.00238,0.00001,0.00084,0.00003,0.00369
5.18000,1.02194,0.96941,0.00040,0.00003,0.00281,0.00990,0.00004,0.00397,0.00019,0.01323
5.32000,1.02194,0.90668,0.00051,0.00009,0.01082,0.03736,0.00049,0.01351,0.00140,0.02912
5.46000,1.02194,0.78194,0.00195,0.00060,0.02072,0.10940,0.00833,0.01955,0.01905,0.03847
5.60000,1.02194,0.03144,0.00147,0.00408,0.00295,0.09309,0.46166,0.00031,0.40439,0.00063
5.74000,1.02194,0.02516,0.00094,0.00335,0.00190,0.05157,0.43099,0.00025,0.48540,0.00045
5.88000,1.02194,0.02522,0.00111,0.00439,0.00207,0.04590,0.42773,0.00029,0.49280,0.00049
6.02000,1.02194,0.01923,0.00081,0.00347,0.00131,0.03237,0.41536,0.00019,0.52696,0.00031
6.16000,1.02194,0.02004,0.00075,0.00373,0.00130,0.02868,0.40443,0.00021,0.54054,0.00032
6.30000,1.02194,0.03638,0.00095,0.00417,0.00247,0.04133,0.38919,0.00037,0.52454,0.00060
6.44000,1.02194,0.05580,0.00137,0.00381,0.00485,0.09714,0.42270,0.00063,0.41253,0.00117
6.58000,1.02194,0.05837,0.00123,0.00248,0.00496,0.19146,0.43556,0.00052,0.30429,0.00114
6.72000,1.02194,0.06248,0.00102,0.00142,0.00474,0.30297,0.40105,0.00051,0.22459,0.00122
6.86000,1.02194,0.05932,0.00103,0.00076,0.00535,0.52735,0.28560,0.00051,0.11863,0.00145
7.00000,1.02194,0.05078,0.00085,0.00036,0.00504,0.73924,0.15398,0.00043,0.04789,0.00144
7.14000,1.02194,0.04152,0.00060,0.00018,0.00374,0.82463,0.10267,0.00029,0.02531,0.00107
7.28000,1.02194,0.03813,0.00049,0.00013,0.00301,0.85697,0.08169,0.00024,0.01840,0.00095
7.42000,1.02194,0.03752,0.00046,0.00012,0.00283,0.86312,0.07734,0.00023,0.01748,0.00091
7.56000,1.02194,0.03763,0.00049,0.00012,0.00294,0.85681,0.08170,0.00023,0.01916,0.00091
7.70000,1.02194,0.03791,0.00053,0.00014,0.00282,0.82573,0.10410,0.00023,0.02766,0.00089
7.84000,1.02194,0.04071,0.00065,0.00016,0.00324,0.80990,0.11107,0.00029,0.03287,0.00111
7.98000,1.02194,0.04479,0.00088,0.00030,0.00317,0.65925,0.20798,0.00036,0.08211,0.00117
8.12000,1.02194,0.05227,0.00122,0.00059,0.00362,0.50854,0.29013,0.00049,0.14174,0.00141
8.26000,1.02194,0.89148,0.00274,0.00006,0.00281,0.06170,0.00105,0.00941,0.00285,0.02790
8.40000,1.02194,0.94089,0.00681,0.00005,0.00169,0.01536,0.00030,0.00762,0.00147,0.02581
8.54000,1.02194,0.98217,0.00289,0.00004,0.00141,0.00286,0.00004,0.00231,0.00031,0.00797
8.68000,1.02194,0.99390,0.00169,0.00001,0.00089,0.00034,0.00000,0.00053,0.00002,0.00261
8.82000,1.02194,0.99282,0.00123,0.00001,0.00209,0.00057,0.00000,0.00055,0.00002,0.00271
8.96000,1.02194,0.99292,0.00346,0.00006,0.00080,0.00109,0.00001,0.00023,0.00007,0.00136
9.10000,1.02194,0.99611,0.00027,0.00000,0.00037,0.00005,0.00000,0.00040,0.00000,0.00279
9.24000,1.02194,0.99015,0.00005,0.00000,0.00013,0.00002,0.00000,0.00156,0.00000,0.00809
9.38000,1.02194,0.97954,0.00015,0.00000,0.00019,0.00009,0.00000,0.00337,0.00000,0.01666
9.52000,1.02194,0.98621,0.00007,0.00000,0.00006,0.00002,0.00000,0.00198,0.00000,0.01166
9.66000,1.02194,0.99568,0.00008,0.00000,0.00020,0.00002,0.00000,0.00044,0.00000,0.00357
9.80000,1.02194,0.99836,0.00083,0.00001,0.00020,0.00009,0.00000,0.00004,0.00000,0.00046
9.94000,1.02194,0.99833,0.00027,0.00001,0.00030,0.00016,0.00000,0.00010,0.00000,0.00083
10.08000,1.02194,0.99818,0.00042,0.00001,0.00016,0.00015,0.00000,0.00011,0.00000,0.00096
10.22000,1.02194,0.99508,0.00012,0.00000,0.00033,0.00030,0.00000,0.00062,0.00000,0.00355
10.36000,1.02194,0.98585,0.00004,0.00000,0.00006,0.00009,0.00000,0.00232,0.00000,0.01164
10.50000,1.02194,0.97193,0.00032,0.00000,0.00007,0.00010,0.00000,0.00480,0.00000,0.02278
10.64000,1.02194,0.98674,0.00030,0.00000,0.00016,0.00005,0.00000,0.00202,0.00000,0.01073
10.78000,1.02194,0.99633,0.00106,0.00001,0.00032,0.00032,0.00000,0.00024,0.00001,0.00171
10.92000,1.02194,0.99632,0.00035,0.00000,0.00041,0.00034,0.00000,0.00034,0.00000,0.00224
11.06000,1.02194,0.99618,0.00058,0.00002,0.00045,0.00083,0.00000,0.00025,0.00001,0.00168
11.20000,1.02194,0.99712,0.00022,0.00000,0.00022,0.00024,0.00000,0.00028,0.00000,0.00191
11.34000,1.02194,0.99462,0.00003,0.00000,0.00002,0.00004,0.00000,0.00074,0.00000,0.00456
11.48000,1.02194,0.97928,0.00008,0.00000,0.00008,0.00004,0.00000,0.00320,0.00000,0.01732
11.62000,1.02194,0.98655,0.00012,0.00000,0.00012,0.00003,0.00000,0.00210,0.00000,0.01108
11.76000,1.02194,0.99603,0.00047,0.00000,0.00028,0.00019,0.00000,0.00033,0.00000,0.00270
11.90000,1.02194,0.99786,0.00038,0.00000,0.00027,0.00022,0.00000,0.00014,0.00000,0.00112
12.04000,1.02194,0.99776,0.00061,0.00003,0.00020,0.00074,0.00000,0.00007,0.00001,0.00057
12.18000,1.02194,0.99666,0.00117,0.00005,0.00029,0.00070,0.00000,0.00010,0.00002,0.00100
12.32000,1.02194,0.99389,0.00008,0.00000,0.00006,0.00004,0.00000,0.00074,0.00000,0.00520
12.46000,1.02194,0.98271,0.00042,0.00000,0.00018,0.00013,0.00000,0.00225,0.00000,0.01430
12.60000,1.02194,0.98418,0.00024,0.00000,0.00012,0.00005,0.00000,0.00212,0.00000,0.01330
12.74000,1.02194,0.99332,0.00010,0.00000,0.00054,0.00005,0.00000,0.00075,0.00000,0.00524
12.88000,1.02194,0.99380,0.00080,0.00001,0.00170,0.00058,0.00000,0.00044,0.00001,0.00266
13.02000,1.02194,0.99292,0.00186,0.00008,0.00139,0.00188,0.00001,0.00024,0.00006,0.00156
13.16000,1.02194,0.99595,0.00087,0.00002,0.00055,0.00066,0.00000,0.00024,0.00001,0.00170
13.30000,1.02194,0.99280,0.00006,0.00000,0.00005,0.00004,0.00000,0.00096,0.00000,0.00610
13.44000,1.02194,0.98056,0.00018,0.00000,0.00016,0.00008,0.00000,0.00276,0.00000,0.01627
13.58000,1.02194,0.98724,0.00021,0.00000,0.00023,0.00007,0.00000,0.00186,0.00000,0.01039
13.72000,1.02194,0.99525,0.00030,0.00000,0.00054,0.00011,0.00000,0.00044,0.00000,0.00335
13.86000,1.02194,0.99500,0.00033,0.00000,0.00077,0.00044,0.00000,0.00051,0.00000,0.00294
14.00000,1.02194,0.99452,0.00050,0.00001,0.00126,0.00089,0.00000,0.00046,0.00001,0.00233
14.14000,1.02194,0.99225,0.00123,0.00006,0.00169,0.00193,0.00001,0.00037,0.00003,0.00243
14.28000,1.02194,0.96827,0.00081,0.00028,0.00283,0.02080,0.00032,0.00120,0.00078,0.00472
14.42000,1.02194,0.93429,0.00134,0.00015,0.00524,0.02632,0.00039,0.00695,0.00132,0.02399
14.56000,1.02194,0.84145,0.00095,0.00028,0.02441,0.05442,0.00110,0.02350,0.00373,0.05016
14.70000,1.02194,0.04529,0.00234,0.00321,0.00461,0.25898,0.41262,0.00053,0.27104,0.00137
14.84000,1.02194,0.02812,0.00131,0.00240,0.00232,0.10075,0.44833,0.00030,0.41583,0.00063
14.98000,1.02194,0.02354,0.00093,0.00246,0.00163,0.05845,0.43554,0.00024,0.47678,0.00043
15.12000,1.02194,0.02369,0.00089,0.00319,0.00172,0.05101,0.43926,0.00023,0.47959,0.00041
15.26000,1.02194,0.06887,0.00151,0.00352,0.00512,0.09803,0.37181,0.00072,0.44902,0.00139
15.40000,1.02194,0.06076,0.00127,0.00285,0.00477,0.14232,0.43305,0.00058,0.35323,0.00117
15.54000,1.02194,0.07689,0.00109,0.00137,0.00546,0.26288,0.38349,0.00064,0.26674,0.00145
15.68000,1.02194,0.06695,0.00106,0.00089,0.00507,0.37914,0.33952,0.00057,0.20538,0.00142
15.82000,1.02194,0.06295,0.00122,0.00062,0.00474,0.46244,0.29332,0.00058,0.17254,0.00159
15.96000,1.02194,0.05373,0.00118,0.00067,0.00428,0.48757,0.30504,0.00046,0.14579,0.00128
16.10000,1.02194,0.05761,0.00135,0.00085,0.00450,0.44275,0.32306,0.00051,0.16798,0.00139
16.24000,1.02194,0.05419,0.00138,0.00135,0.00400,0.33819,0.38867,0.00048,0.21048,0.00127
16.38000,1.02194,0.06665,0.00184,0.00184,0.00583,0.27542,0.37000,0.00068,0.27601,0.00172
16.52000,1.02194,0.06271,0.00133,0.00171,0.00568,0.27389,0.40328,0.00062,0.24932,0.00147
16.66000,1.02194,0.06265,0.00111,0.00117,0.00560,0.39758,0.35945,0.00057,0.17039,0.00148
16.80000,1.02194,0.05162,0.00097,0.00064,0.00436,0.50530,0.29708,0.00042,0.13838,0.00123
16.94000,1.02194,0.05493,0.00118,0.00061,0.00519,0.56280,0.25544,0.00051,0.11784,0.00150
17.08000,1.02194,0.05092,0.00105,0.00041,0.00563,0.70821,0.17038,0.00050,0.06128,0.00164
17.22000,1.02194,0.04455,0.00101,0.00044,0.00431,0.69753,0.18692,0.00040,0.06345,0.00137
17.36000,1.02194,0.04565,0.00119,0.00061,0.00452,0.62237,0.23517,0.00044,0.08862,0.00143
17.50000,1.02194,0.07158,0.00161,0.00068,0.00833,0.66253,0.17446,0.00088,0.07704,0.00291
17.64000,1.02194,0.05774,0.00118,0.00053,0.00655,0.63819,0.20434,0.00062,0.08890,0.00195
17.78000,1.02194,0.06313,0.00100,0.00036,0.00617,0.67783,0.17234,0.00062,0.07656,0.00199
17.92000,1.02194,0.05726,0.00095,0.00033,0.00583,0.68599,0.17411,0.00054,0.07321,0.00177
18.06000,1.02194,0.06092,0.00118,0.00046,0.00650,0.66870,0.18431,0.00056,0.07554,0.00184
18.20000,1.02194,0.06240,0.00129,0.00055,0.00679,0.66690,0.19050,0.00058,0.06914,0.00184
18.34000,1.02194,0.04669,0.00148,0.00082,0.00454,0.55772,0.27285,0.00044,0.11405,0.00142
18.48000,1.02194,0.05383,0.00158,0.00102,0.00656,0.50645,0.30270,0.00058,0.12555,0.00174
18.62000,1.02194,0.06626,0.00145,0.00088,0.00716,0.53906,0.25634,0.00068,0.12605,0.00212
18.76000,1.02194,0.85008,0.00091,0.00005,0.00772,0.09010,0.00077,0.01238,0.00152,0.03647
18.90000,1.02194,0.87274,0.00318,0.00006,0.00598,0.07525,0.00093,0.00940,0.00189,0.03058
19.04000,1.02194,0.95516,0.00350,0.00004,0.00450,0.01826,0.00010,0.00337,0.00036,0.01470
19.18000,1.02194,0.98861,0.00171,0.00001,0.00163,0.00224,0.00000,0.00073,0.00003,0.00504
19.32000,1.02194,0.99725,0.00070,0.00001,0.00045,0.00040,0.00000,0.00012,0.00000,0.00107
19.46000,1.02194,0.99917,0.00029,0.00001,0.00020,0.00008,0.00000,0.00002,0.00000,0.00022
19.60000,1.02194,0.99888,0.00029,0.00001,0.00042,0.00005,0.00000,0.00003,0.00000,0.00031
19.74000,1.02194,0.99873,0.00019,0.00005,0.00037,0.00040,0.00000,0.00002,0.00000,0.00022
19.88000,1.02194,0.99723,0.00012,0.00003,0.00039,0.00139,0.00000,0.00009,0.00001,0.00073
20.02000,1.02194,0.98866,0.00021,0.00002,0.00112,0.00456,0.00001,0.00074,0.00003,0.00466
20.16000,1.02194,0.92439,0.00075,0.00007,0.00411,0.05006,0.00021,0.00363,0.00053,0.01626
20.30000,1.02194,0.81434,0.00165,0.00016,0.01216,0.12087,0.00124,0.00998,0.00248,0.03712
20.44000,1.02194,0.48661,0.00178,0.00033,0.04162,0.39373,0.01970,0.00782,0.02312,0.02530
20.58000,1.02194,0.04507,0.00162,0.00155,0.00466,0.36425,0.38450,0.00045,0.19667,0.00124
20.72000,1.02194,0.06409,0.00168,0.00171,0.00760,0.37764,0.35933,0.00071,0.18538,0.00186
20.86000,1.02194,0.08506,0.00197,0.00174,0.01048,0.43934,0.29055,0.00094,0.16726,0.00266
21.00000,1.02194,0.66163,0.00119,0.00020,0.01710,0.26257,0.00927,0.01102,0.01089,0.02611
21.14000,1.02194,0.89610,0.00363,0.00006,0.00450,0.05352,0.00082,0.00905,0.00209,0.03023
21.28000,1.02194,0.92235,0.00094,0.00001,0.00214,0.02941,0.00011,0.00906,0.00030,0.03569
21.42000,1.02194,0.92175,0.00085,0.00003,0.00162,0.04127,0.00025,0.00581,0.00072,0.02772
21.56000,1.02194,0.92461,0.00108,0.00002,0.00196,0.03951,0.00020,0.00545,0.00055,0.02661
21.70000,1.02194,0.90465,0.00213,0.00006,0.00501,0.05210,0.00055,0.00686,0.00192,0.02672
21.84000,1.02194,0.90970,0.00167,0.00011,0.00234,0.04318,0.00050,0.00909,0.00147,0.03194
21.98000,1.02194,0.87426,0.00117,0.00006,0.00479,0.04985,0.00047,0.01542,0.00146,0.05252
22.12000,1.02194,0.74657,0.00105,0.00016,0.04677,0.13122,0.00329,0.01823,0.00724,0.04547
22.26000,1.02194,0.04985,0.00172,0.00194,0.00524,0.28544,0.40495,0.00054,0.24896,0.00136
22.40000,1.02194,0.07187,0.00177,0.00175,0.00689,0.27315,0.36073,0.00081,0.28105,0.00199
22.54000,1.02194,0.13097,0.00183,0.00139,0.01309,0.43102,0.23845,0.00168,0.17707,0.00450
22.68000,1.02194,0.88412,0.00170,0.00007,0.00673,0.05701,0.00075,0.01225,0.00187,0.03550
22.82000,1.02194,0.93263,0.00284,0.00004,0.00406,0.02467,0.00018,0.00730,0.00062,0.02767
22.96000,1.02194,0.97426,0.00112,0.00003,0.00357,0.00692,0.00002,0.00298,0.00012,0.01098
23.10000,1.02194,0.99018,0.00007,0.00000,0.00152,0.00116,0.00000,0.00117,0.00000,0.00590
23.24000,1.02194,0.99135,0.00003,0.00000,0.00197,0.00072,0.00000,0.00140,0.00000,0.00453
23.38000,1.02194,0.99225,0.00004,0.00000,0.00089,0.00109,0.00000,0.00134,0.00001,0.00437
23.52000,1.02194,0.99280,0.00004,0.00000,0.00039,0.00068,0.00000,0.00135,0.00000,0.00472
23.66000,1.02194,0.97347,0.00003,0.00000,0.00117,0.00506,0.00000,0.00541,0.00002,0.01483
23.80000,1.02194,0.90655,0.00004,0.00000,0.00445,0.02679,0.00004,0.02082,0.00018,0.04112
23.94000,1.02194,0.83146,0.00019,0.00000,0.00353,0.08583,0.00053,0.02645,0.00199,0.05002
24.08000,1.02194,0.04520,0.00052,0.00007,0.00139,0.38860,0.29751,0.00045,0.26527,0.00099
24.22000,1.02194,0.04753,0.00049,0.00006,0.00145,0.44968,0.28079,0.00042,0.21861,0.00096
24.36000,1.02194,0.04949,0.00052,0.00007,0.00199,0.58570,0.23274,0.00043,0.12796,0.00110
24.50000,1.02194,0.04818,0.00046,0.00006,0.00203,0.67537,0.18755,0.00035,0.08503,0.00098
24.64000,1.02194,0.04600,0.00044,0.00006,0.00227,0.73465,0.15620,0.00030,0.05917,0.00091
24.78000,1.02194,0.04058,0.00046,0.00007,0.00239,0.78323,0.12974,0.00026,0.04241,0.00086
24.92000,1.02194,0.04311,0.00055,0.00009,0.00290,0.77065,0.13443,0.00028,0.04708,0.00090
25.06000,1.02194,0.03864,0.00062,0.00011,0.00268,0.76561,0.14185,0.00029,0.04924,0.00096
25.20000,1.02194,0.03993,0.00074,0.00017,0.00341,0.76089,0.14686,0.00034,0.04652,0.00114
25.34000,1.02194,0.04174,0.00090,0.00021,0.00397,0.77651,0.13458,0.00037,0.04045,0.00127
25.48000,1.02194,0.04303,0.00090,0.00022,0.00429,0.78694,0.12603,0.00037,0.03690,0.00132
25.62000,1.02194,0.04150,0.00079,0.00016,0.00334,0.76178,0.14192,0.00032,0.04905,0.00113
25.76000,1.02194,0.03990,0.00057,0.00009,0.00273,0.78605,0.12688,0.00026,0.04258,0.00093
25.90000,1.02194,0.03548,0.00053,0.00009,0.00276,0.82227,0.10745,0.00023,0.03033,0.00087
26.04000,1.02194,0.03825,0.00066,0.00014,0.00287,0.78832,0.13004,0.00025,0.03853,0.00094
26.18000,1.02194,0.04184,0.00076,0.00018,0.00344,0.76557,0.14060,0.00030,0.04619,0.00110
26.32000,1.02194,0.07055,0.00076,0.00014,0.00602,0.79302,0.09065,0.00061,0.03603,0.00223
26.46000,1.02194,0.04915,0.00067,0.00018,0.00419,0.73655,0.15128,0.00038,0.05630,0.00130
26.60000,1.02194,0.06045,0.00086,0.00025,0.00617,0.73115,0.14460,0.00056,0.05412,0.00184
26.74000,1.02194,0.06369,0.00107,0.00035,0.00700,0.73055,0.14342,0.00056,0.05146,0.00188
26.88000,1.02194,0.04912,0.00069,0.00019,0.00499,0.79285,0.11507,0.00037,0.03538,0.00134
27.02000,1.02194,0.03691,0.00049,0.00010,0.00309,0.84849,0.08869,0.00023,0.02112,0.00088
27.16000,1.02194,0.03329,0.00048,0.00007,0.00245,0.85553,0.08513,0.00021,0.02200,0.00084
27.30000,1.02194,0.03379,0.00047,0.00006,0.00226,0.84481,0.09242,0.00021,0.02516,0.00080
27.44000,1.02194,0.03140,0.00041,0.00004,0.00189,0.85639,0.08597,0.00019,0.02295,0.00074
27.58000,1.02194,0.03018,0.00036,0.00003,0.00153,0.86321,0.08162,0.00018,0.02216,0.00073
27.72000,1.02194,0.03100,0.00038,0.00003,0.00151,0.82524,0.10584,0.00019,0.03512,0.00069
27.86000,1.02194,0.03343,0.00041,0.00005,0.00173,0.80373,0.11939,0.00023,0.04025,0.00079
28.00000,1.02194,0.03758,0.00049,0.00006,0.00187,0.73044,0.16097,0.00026,0.06749,0.00083
28.14000,1.02194,0.03725,0.00057,0.00008,0.00208,0.69887,0.18139,0.00032,0.07850,0.00095
28.28000,1.02194,0.04012,0.00057,0.00010,0.00217,0.62236,0.22111,0.00036,0.11222,0.00100
28.42000,1.02194,0.04865,0.00065,0.00012,0.00261,0.55224,0.25216,0.00039,0.14213,0.00105
28.56000,1.02194,0.83932,0.00113,0.00002,0.00593,0.09567,0.00088,0.01511,0.00221,0.03974
28.70000,1.02194,0.87392,0.00318,0.00009,0.02076,0.06383,0.00146,0.00945,0.00341,0.02390
28.84000,1.02194,0.95198,0.00046,0.00005,0.02781,0.00725,0.00004,0.00369,0.00013,0.00859
28.98000,1.02194,0.99206,0.00015,0.00001,0.00462,0.00060,0.00000,0.00059,0.00000,0.00194
29.12000,1.02194,0.99639,0.00020,0.00004,0.00246,0.00018,0.00000,0.00012,0.00000,0.00061
29.26000,1.02194,0.99673,0.00018,0.00004,0.00281,0.00003,0.00000,0.00003,0.00000,0.00017
29.40000,1.02194,0.99662,0.00014,0.00005,0.00311,0.00001,0.00000,0.00001,0.00000,0.00007
29.54000,1.02194,0.99488,0.00023,0.00015,0.00459,0.00002,0.00000,0.00001,0.00000,0.00013
29.68000,1.02194,0.99695,0.00047,0.00020,0.00210,0.00003,0.00000,0.00003,0.00000,0.00023
29.82000,1.02194,0.99829,0.00008,0.00000,0.00064,0.00000,0.00000,0.00022,0.00000,0.00077
29.96000,1.02194,0.99880,0.00013,0.00001,0.00039,0.00001,0.00000,0.00019,0.00000,0.00048
30.10000,1.02194,0.99842,0.00011,0.00000,0.00049,0.00000,0.00000,0.00029,0.00000,0.00068
30.24000,1.02194,0.99645,0.00005,0.00001,0.00256,0.00000,0.00000,0.00028,0.00000,0.00065
30.38000,1.02194,0.99364,0.00012,0.00019,0.00572,0.00004,0.00000,0.00008,0.00000,0.00020
30.52000,1.02194,0.99749,0.00004,0.00009,0.00227,0.00003,0.00000,0.00002,0.00000,0.00007
30.66000,1.02194,0.99672,0.00004,0.00003,0.00315,0.00001,0.00000,0.00001,0.00000,0.00004
30.80000,1.02194,0.99874,0.00012,0.00005,0.00101,0.00003,0.00000,0.00001,0.00000,0.00005
30.94000,1.02194,0.99957,0.00005,0.00002,0.00030,0.00002,0.00000,0.00000,0.00000,0.00004
31.08000,1.02194,0.99968,0.00006,0.00002,0.00018,0.00001,0.00000,0.00000,0.00000,0.00004
31.22000,1.02194,0.99971,0.00008,0.00001,0.00015,0.00001,0.00000,0.00000,0.00000,0.00004
31.36000,1.02194,0.99969,0.00007,0.00002,0.00017,0.00001,0.00000,0.00000,0.00000,0.00004
