Time (seconds), Duration (seconds),pred_(unlabeled),pred_brushing_teeth,pred_hair_drying,pred_showering
0.00000,1.02194,0.99683,0.00226,0.00077,0.00014
0.14000,1.02194,0.99610,0.00268,0.00105,0.00017
0.28000,1.02194,0.99547,0.00308,0.00124,0.00021
0.42000,1.02194,0.99541,0.00283,0.00149,0.00027
0.56000,1.02194,0.99410,0.00386,0.00173,0.00031
0.70000,1.02194,0.99521,0.00330,0.00130,0.00019
0.84000,1.02194,0.98518,0.01027,0.00425,0.00030
0.98000,1.02194,0.97457,0.01517,0.00960,0.00066
1.12000,1.02194,0.97238,0.01116,0.01041,0.00605
1.26000,1.02194,0.92571,0.01304,0.01699,0.04427
1.40000,1.02194,0.75412,0.03298,0.02363,0.18927
1.54000,1.02194,0.74820,0.02738,0.01563,0.20879
1.68000,1.02194,0.76269,0.01713,0.01448,0.20571
1.82000,1.02194,0.48555,0.02099,0.00608,0.48737
1.96000,1.02194,0.72018,0.00855,0.00316,0.26811
2.10000,1.02194,0.92690,0.01503,0.00416,0.05391
2.24000,1.02194,0.94739,0.03101,0.00771,0.01390
2.38000,1.02194,0.95274,0.00613,0.00863,0.03250
2.52000,1.02194,0.93598,0.03961,0.01398,0.01043
2.66000,1.02194,0.95167,0.03472,0.01087,0.00274
2.80000,1.02194,0.97262,0.01217,0.00991,0.00529
2.94000,1.02194,0.96630,0.02352,0.00861,0.00158
3.08000,1.02194,0.98596,0.00922,0.00325,0.00157
3.22000,1.02194,0.98596,0.01124,0.00253,0.00027
3.36000,1.02194,0.94780,0.04273,0.00706,0.00241
3.50000,1.02194,0.97747,0.01952,0.00191,0.00110
3.64000,1.02194,0.97616,0.02055,0.00246,0.00083
3.78000,1.02194,0.97277,0.02482,0.00180,0.00061
3.92000,1.02194,0.97810,0.01806,0.00276,0.00107
4.06000,1.02194,0.92472,0.06704,0.00548,0.00276
4.20000,1.02194,0.93869,0.05720,0.00339,0.00072
4.34000,1.02194,0.99156,0.00652,0.00165,0.00027
4.48000,1.02194,0.99203,0.00612,0.00163,0.00021
4.62000,1.02194,0.99528,0.00304,0.00137,0.00031
4.76000,1.02194,0.99462,0.00374,0.00145,0.00019
4.90000,1.02194,0.99628,0.00288,0.00076,0.00008
5.04000,1.02194,0.99804,0.00139,0.00048,0.00008
5.18000,1.02194,0.99777,0.00162,0.00053,0.00008
5.32000,1.02194,0.99746,0.00186,0.00059,0.00009
5.46000,1.02194,0.99705,0.00210,0.00074,0.00011
5.60000,1.02194,0.99668,0.00239,0.00083,0.00010
5.74000,1.02194,0.99677,0.00230,0.00082,0.00010
5.88000,1.02194,0.99744,0.00180,0.00067,0.00009
6.02000,1.02194,0.99753,0.00180,0.00059,0.00007
6.16000,1.02194,0.99776,0.00165,0.00052,0.00006
6.30000,1.02194,0.99816,0.00132,0.00046,0.00006
6.44000,1.02194,0.99848,0.00107,0.00039,0.00006
6.58000,1.02194,0.99859,0.00099,0.00036,0.00006
6.72000,1.02194,0.99868,0.00091,0.00034,0.00007
6.86000,1.02194,0.99820,0.00125,0.00048,0.00007
7.00000,1.02194,0.99420,0.00486,0.00084,0.00011
7.14000,1.02194,0.97183,0.02731,0.00055,0.00031
7.28000,1.02194,0.93951,0.05825,0.00152,0.00072
7.42000,1.02194,0.89262,0.10445,0.00216,0.00077
7.56000,1.02194,0.70160,0.29612,0.00146,0.00082
7.70000,1.02194,0.78017,0.21574,0.00174,0.00235
7.84000,1.02194,0.77029,0.22693,0.00190,0.00088
7.98000,1.02194,0.89745,0.09969,0.00254,0.00032
8.12000,1.02194,0.97650,0.02130,0.00187,0.00033
8.26000,1.02194,0.97451,0.02203,0.00311,0.00035
8.40000,1.02194,0.96858,0.02587,0.00499,0.00056
8.54000,1.02194,0.97188,0.02339,0.00393,0.00080
8.68000,1.02194,0.96691,0.02647,0.00569,0.00093
8.82000,1.02194,0.97781,0.01677,0.00462,0.00081
8.96000,1.02194,0.99315,0.00402,0.00196,0.00087
9.10000,1.02194,0.99655,0.00195,0.00087,0.00063
9.24000,1.02194,0.99604,0.00275,0.00096,0.00025
9.38000,1.02194,0.99741,0.00161,0.00072,0.00026
9.52000,1.02194,0.99742,0.00164,0.00069,0.00025
9.66000,1.02194,0.99718,0.00188,0.00070,0.00024
9.80000,1.02194,0.99549,0.00332,0.00106,0.00013
9.94000,1.02194,0.99700,0.00216,0.00073,0.00011
10.08000,1.02194,0.99130,0.00710,0.00137,0.00023
10.22000,1.02194,0.99098,0.00413,0.00312,0.00177
10.36000,1.02194,0.98109,0.00686,0.00483,0.00722
10.50000,1.02194,0.96831,0.01058,0.00735,0.01376
10.64000,1.02194,0.91516,0.03493,0.00822,0.04169
10.78000,1.02194,0.80265,0.05345,0.02046,0.12344
10.92000,1.02194,0.81770,0.05755,0.01196,0.11278
11.06000,1.02194,0.80624,0.12493,0.01268,0.05616
11.20000,1.02194,0.89676,0.08326,0.00462,0.01536
11.34000,1.02194,0.71222,0.26935,0.00996,0.00847
11.48000,1.02194,0.70319,0.24450,0.02653,0.02578
11.62000,1.02194,0.82670,0.10925,0.01846,0.04559
11.76000,1.02194,0.88365,0.07081,0.01010,0.03543
11.90000,1.02194,0.82642,0.12480,0.01985,0.02892
12.04000,1.02194,0.88097,0.09144,0.01158,0.01602
12.18000,1.02194,0.91378,0.07361,0.00485,0.00776
12.32000,1.02194,0.90202,0.08985,0.00344,0.00468
12.46000,1.02194,0.86151,0.12914,0.00461,0.00473
12.60000,1.02194,0.91197,0.07531,0.00486,0.00786
12.74000,1.02194,0.90329,0.06901,0.00798,0.01973
12.88000,1.02194,0.87913,0.08456,0.01194,0.02437
13.02000,1.02194,0.94014,0.03452,0.01116,0.01419
13.16000,1.02194,0.97263,0.01240,0.00730,0.00767
13.30000,1.02194,0.98327,0.01027,0.00451,0.00195
13.44000,1.02194,0.99331,0.00420,0.00195,0.00054
13.58000,1.02194,0.99800,0.00095,0.00065,0.00040
13.72000,1.02194,0.99680,0.00221,0.00081,0.00018
13.86000,1.02194,0.99632,0.00263,0.00087,0.00018
14.00000,1.02194,0.99666,0.00224,0.00089,0.00021
14.14000,1.02194,0.99616,0.00268,0.00091,0.00025
14.28000,1.02194,0.99626,0.00254,0.00093,0.00028
14.42000,1.02194,0.99831,0.00083,0.00046,0.00041
14.56000,1.02194,0.99770,0.00149,0.00062,0.00019
14.70000,1.02194,0.99794,0.00138,0.00055,0.00014
14.84000,1.02194,0.99857,0.00081,0.00042,0.00019
14.98000,1.02194,0.99859,0.00087,0.00041,0.00013
15.12000,1.02194,0.99831,0.00119,0.00041,0.00009
15.26000,1.02194,0.99825,0.00121,0.00045,0.00009
15.40000,1.02194,0.99816,0.00126,0.00047,0.00010
15.54000,1.02194,0.99795,0.00146,0.00047,0.00012
15.68000,1.02194,0.99834,0.00108,0.00042,0.00017
15.82000,1.02194,0.99847,0.00083,0.00047,0.00023
15.96000,1.02194,0.99586,0.00268,0.00122,0.00024
16.10000,1.02194,0.99536,0.00260,0.00160,0.00043
16.24000,1.02194,0.99751,0.00116,0.00081,0.00051
16.38000,1.02194,0.99710,0.00156,0.00112,0.00022
16.52000,1.02194,0.99632,0.00230,0.00121,0.00018
16.66000,1.02194,0.99493,0.00292,0.00182,0.00032
16.80000,1.02194,0.99746,0.00179,0.00066,0.00009
16.94000,1.02194,0.99797,0.00142,0.00053,0.00009
17.08000,1.02194,0.99800,0.00140,0.00052,0.00008
17.22000,1.02194,0.99818,0.00119,0.00052,0.00011
17.36000,1.02194,0.99817,0.00122,0.00051,0.00010
17.50000,1.02194,0.99774,0.00165,0.00055,0.00007
17.64000,1.02194,0.99812,0.00131,0.00049,0.00008
17.78000,1.02194,0.99819,0.00126,0.00047,0.00008
17.92000,1.02194,0.99796,0.00149,0.00049,0.00006
18.06000,1.02194,0.99829,0.00120,0.00044,0.00007
18.20000,1.02194,0.99847,0.00104,0.00041,0.00008
18.34000,1.02194,0.99818,0.00128,0.00046,0.00008
18.48000,1.02194,0.99779,0.00161,0.00051,0.00009
18.62000,1.02194,0.99761,0.00173,0.00056,0.00009
18.76000,1.02194,0.99771,0.00154,0.00062,0.00013
18.90000,1.02194,0.99711,0.00191,0.00081,0.00017
19.04000,1.02194,0.99665,0.00211,0.00093,0.00031
19.18000,1.02194,0.99697,0.00196,0.00079,0.00027
19.32000,1.02194,0.99621,0.00268,0.00093,0.00018
19.46000,1.02194,0.99629,0.00275,0.00081,0.00016
19.60000,1.02194,0.99488,0.00276,0.00178,0.00058
19.74000,1.02194,0.99633,0.00171,0.00134,0.00062
19.88000,1.02194,0.99685,0.00161,0.00119,0.00034
20.02000,1.02194,0.99678,0.00177,0.00119,0.00026
20.16000,1.02194,0.99619,0.00195,0.00152,0.00034
20.30000,1.02194,0.99592,0.00228,0.00149,0.00030
20.44000,1.02194,0.99475,0.00365,0.00148,0.00011
20.58000,1.02194,0.99772,0.00161,0.00059,0.00009
20.72000,1.02194,0.99737,0.00191,0.00061,0.00010
20.86000,1.02194,0.99761,0.00176,0.00056,0.00008
21.00000,1.02194,0.99757,0.00176,0.00058,0.00009
21.14000,1.02194,0.99794,0.00141,0.00054,0.00012
21.28000,1.02194,0.99789,0.00140,0.00058,0.00013
21.42000,1.02194,0.99837,0.00099,0.00046,0.00017
21.56000,1.02194,0.99741,0.00183,0.00067,0.00009
21.70000,1.02194,0.99762,0.00163,0.00063,0.00011
21.84000,1.02194,0.99670,0.00247,0.00072,0.00011
21.98000,1.02194,0.99664,0.00247,0.00077,0.00012
22.12000,1.02194,0.99562,0.00333,0.00094,0.00012
22.26000,1.02194,0.99463,0.00401,0.00121,0.00015
22.40000,1.02194,0.99594,0.00281,0.00107,0.00019
22.54000,1.02194,0.99729,0.00164,0.00081,0.00026
22.68000,1.02194,0.99419,0.00414,0.00146,0.00022
22.82000,1.02194,0.98851,0.00937,0.00185,0.00026
22.96000,1.02194,0.98583,0.01186,0.00193,0.00037
23.10000,1.02194,0.93361,0.05939,0.00561,0.00139
23.24000,1.02194,0.94770,0.04346,0.00657,0.00227
23.38000,1.02194,0.91055,0.07586,0.01004,0.00355
23.52000,1.02194,0.96668,0.02303,0.00497,0.00532
23.66000,1.02194,0.94422,0.04485,0.00842,0.00251
23.80000,1.02194,0.93262,0.05907,0.00503,0.00328
23.94000,1.02194,0.94274,0.05210,0.00395,0.00121
24.08000,1.02194,0.93651,0.05697,0.00507,0.00145
24.22000,1.02194,0.94276,0.05240,0.00412,0.00072
24.36000,1.02194,0.94971,0.04448,0.00427,0.00155
24.50000,1.02194,0.84864,0.13116,0.01370,0.00650
24.64000,1.02194,0.91180,0.07602,0.01035,0.00183
24.78000,1.02194,0.76778,0.21006,0.01228,0.00988
24.92000,1.02194,0.85603,0.11554,0.01227,0.01616
25.06000,1.02194,0.94728,0.03636,0.00645,0.00992
25.20000,1.02194,0.95038,0.03041,0.00510,0.01411
25.34000,1.02194,0.89531,0.09022,0.00489,0.00958
25.48000,1.02194,0.92951,0.05323,0.00728,0.00998
25.62000,1.02194,0.85109,0.13676,0.00965,0.00250
25.76000,1.02194,0.92770,0.05933,0.00863,0.00434
25.90000,1.02194,0.96678,0.02173,0.00470,0.00678
26.04000,1.02194,0.95011,0.04113,0.00486,0.00390
26.18000,1.02194,0.87807,0.10664,0.00843,0.00686
26.32000,1.02194,0.91300,0.06821,0.00805,0.01074
26.46000,1.02194,0.93456,0.05149,0.00517,0.00878
26.60000,1.02194,0.97689,0.01616,0.00275,0.00419
26.74000,1.02194,0.95007,0.04221,0.00353,0.00419
26.88000,1.02194,0.86842,0.12057,0.00850,0.00252
27.02000,1.02194,0.92662,0.06933,0.00309,0.00096
27.16000,1.02194,0.96988,0.02616,0.00301,0.00094
27.30000,1.02194,0.98453,0.01316,0.00159,0.00071
27.44000,1.02194,0.97063,0.02387,0.00481,0.00070
27.58000,1.02194,0.98144,0.01601,0.00235,0.00021
27.72000,1.02194,0.99547,0.00316,0.00114,0.00023
27.86000,1.02194,0.99459,0.00378,0.00142,0.00021
28.00000,1.02194,0.99634,0.00255,0.00095,0.00017
28.14000,1.02194,0.99675,0.00215,0.00096,0.00014
28.28000,1.02194,0.99720,0.00203,0.00068,0.00008
28.42000,1.02194,0.99785,0.00146,0.00060,0.00009
28.56000,1.02194,0.99744,0.00181,0.00065,0.00011
28.70000,1.02194,0.99513,0.00360,0.00112,0.00014
28.84000,1.02194,0.98040,0.01850,0.00080,0.00029
28.98000,1.02194,0.98048,0.01730,0.00164,0.00059
29.12000,1.02194,0.87478,0.11851,0.00434,0.00237
29.26000,1.02194,0.85745,0.13342,0.00403,0.00510
29.40000,1.02194,0.83232,0.16129,0.00338,0.00302
29.54000,1.02194,0.76805,0.22512,0.00402,0.00281
29.68000,1.02194,0.92955,0.06445,0.00456,0.00144
29.82000,1.02194,0.98212,0.01375,0.00307,0.00106
29.96000,1.02194,0.98535,0.01289,0.00159,0.00018
30.10000,1.02194,0.99539,0.00342,0.00103,0.00016
30.24000,1.02194,0.99508,0.00375,0.00106,0.00011
30.38000,1.02194,0.99653,0.00249,0.00086,0.00013
30.52000,1.02194,0.99782,0.00129,0.00061,0.00028
30.66000,1.02194,0.99646,0.00257,0.00086,0.00011
30.80000,1.02194,0.99368,0.00498,0.00120,0.00014
30.94000,1.02194,0.99365,0.00499,0.00115,0.00020
31.08000,1.02194,0.99262,0.00571,0.00143,0.00024
31.22000,1.02194,0.99011,0.00790,0.00165,0.00034
31.36000,1.02194,0.98408,0.01320,0.00234,0.00037
31.50000,1.02194,0.98607,0.01159,0.00204,0.00030
31.64000,1.02194,0.98454,0.01280,0.00244,0.00022
31.78000,1.02194,0.99399,0.00474,0.00113,0.00014
31.92000,1.02194,0.99439,0.00420,0.00113,0.00028
32.06000,1.02193,0.99047,0.00780,0.00133,0.00041
32.20000,1.02194,0.99522,0.00326,0.00110,0.00041
32.34000,1.02194,0.99441,0.00410,0.00127,0.00022
32.48000,1.02194,0.99241,0.00546,0.00170,0.00043
32.62000,1.02194,0.98910,0.00782,0.00241,0.00067
32.76000,1.02194,0.97726,0.01744,0.00467,0.00063
32.90000,1.02193,0.99490,0.00371,0.00121,0.00018
33.04000,1.02194,0.99462,0.00374,0.00139,0.00025
33.18000,1.02194,0.99401,0.00399,0.00164,0.00036
33.32000,1.02194,0.98392,0.01338,0.00192,0.00079
33.46000,1.02194,0.98947,0.00833,0.00146,0.00074
33.60000,1.02194,0.98697,0.01065,0.00204,0.00034
33.74000,1.02193,0.98999,0.00810,0.00162,0.00029
33.88000,1.02194,0.98571,0.01265,0.00137,0.00027
34.02000,1.02194,0.97380,0.02170,0.00377,0.00073
34.16000,1.02194,0.98646,0.01137,0.00204,0.00013
34.30000,1.02194,0.99150,0.00669,0.00165,0.00016
34.44000,1.02194,0.97016,0.02690,0.00253,0.00041
34.58000,1.02193,0.97153,0.02511,0.00285,0.00051
34.72000,1.02193,0.98103,0.01588,0.00239,0.00069
34.86000,1.02194,0.97680,0.02028,0.00265,0.00028
35.00000,1.02194,0.98255,0.01561,0.00158,0.00026
35.14000,1.02194,0.97712,0.01935,0.00310,0.00043
35.28000,1.02194,0.99284,0.00565,0.00140,0.00011
35.42000,1.02194,0.99725,0.00185,0.00077,0.00013
35.56000,1.02193,0.99784,0.00145,0.00058,0.00013
35.70000,1.02194,0.99689,0.00235,0.00067,0.00009
35.84000,1.02194,0.99601,0.00248,0.00133,0.00018
35.98000,1.02194,0.99616,0.00182,0.00160,0.00041
36.12000,1.02194,0.98215,0.01164,0.00486,0.00134
36.26000,1.02194,0.98307,0.00874,0.00562,0.00257
36.40000,1.02193,0.97853,0.01115,0.00850,0.00182
36.54000,1.02194,0.98348,0.00852,0.00625,0.00176
36.68000,1.02194,0.98733,0.00860,0.00324,0.00083
36.82000,1.02194,0.98959,0.00697,0.00277,0.00067
36.96000,1.02194,0.99373,0.00485,0.00131,0.00011
37.10000,1.02194,0.99736,0.00180,0.00071,0.00012
37.24000,1.02193,0.99119,0.00747,0.00114,0.00021
37.38000,1.02194,0.98279,0.01593,0.00102,0.00026
37.52000,1.02194,0.98294,0.01567,0.00108,0.00030
37.66000,1.02194,0.99007,0.00877,0.00091,0.00025
37.80000,1.02194,0.99248,0.00641,0.00081,0.00029
37.94000,1.02194,0.99025,0.00831,0.00109,0.00035
38.08000,1.02193,0.98628,0.01225,0.00130,0.00018
38.22000,1.02193,0.99782,0.00141,0.00053,0.00024
38.36000,1.02194,0.99742,0.00181,0.00067,0.00011
38.50000,1.02194,0.99761,0.00160,0.00066,0.00013
38.64000,1.02194,0.99759,0.00165,0.00066,0.00011
38.78000,1.02194,0.99739,0.00185,0.00066,0.00010
38.92000,1.02194,0.99723,0.00197,0.00070,0.00010
39.06000,1.02193,0.99580,0.00327,0.00084,0.00009
39.20000,1.02194,0.98223,0.01660,0.00101,0.00017
39.34000,1.02194,0.97252,0.02592,0.00132,0.00023
39.48000,1.02194,0.98095,0.01746,0.00127,0.00032
39.62000,1.02194,0.97916,0.01910,0.00142,0.00032
39.76000,1.02194,0.98499,0.01377,0.00100,0.00024
39.90000,1.02193,0.96394,0.03307,0.00260,0.00039
40.04000,1.02194,0.98566,0.01232,0.00175,0.00027
40.18000,1.02194,0.99456,0.00429,0.00102,0.00014
40.32000,1.02194,0.99588,0.00300,0.00096,0.00015
40.46000,1.02194,0.99338,0.00522,0.00124,0.00016
40.60000,1.02194,0.96497,0.03279,0.00185,0.00040
40.74000,1.02193,0.90929,0.08782,0.00246,0.00043
40.88000,1.02194,0.97712,0.02027,0.00151,0.00110
41.02000,1.02194,0.96697,0.03105,0.00159,0.00039
41.16000,1.02194,0.98879,0.00993,0.00070,0.00058
41.30000,1.02194,0.98149,0.01594,0.00181,0.00076
41.44000,1.02194,0.98684,0.01208,0.00089,0.00020
41.58000,1.02193,0.99761,0.00174,0.00056,0.00010
41.72000,1.02193,0.99828,0.00111,0.00048,0.00013
41.86000,1.02194,0.99817,0.00117,0.00052,0.00013
42.00000,1.02194,0.99835,0.00104,0.00047,0.00014
42.14000,1.02194,0.99798,0.00139,0.00052,0.00011
42.28000,1.02194,0.99680,0.00247,0.00062,0.00011
42.42000,1.02194,0.99288,0.00623,0.00073,0.00016
42.56000,1.02193,0.99200,0.00646,0.00124,0.00030
42.70000,1.02194,0.95461,0.04284,0.00206,0.00049
42.84000,1.02194,0.96318,0.03378,0.00222,0.00081
42.98000,1.02194,0.97420,0.02364,0.00154,0.00062
43.12000,1.02194,0.97011,0.02582,0.00334,0.00073
43.26000,1.02194,0.98948,0.00879,0.00138,0.00034
43.40000,1.02193,0.99039,0.00737,0.00171,0.00054
43.54000,1.02194,0.99474,0.00407,0.00111,0.00009
43.68000,1.02194,0.99592,0.00317,0.00075,0.00016
43.82000,1.02194,0.99504,0.00360,0.00113,0.00023
43.96000,1.02194,0.99223,0.00604,0.00145,0.00028
44.10000,1.02194,0.99226,0.00583,0.00161,0.00029
44.24000,1.02193,0.99087,0.00727,0.00148,0.00037
44.38000,1.02194,0.98602,0.01055,0.00298,0.00045
44.52000,1.02194,0.99560,0.00318,0.00101,0.00021
44.66000,1.02194,0.99624,0.00252,0.00102,0.00022
44.80000,1.02194,0.99712,0.00179,0.00081,0.00027
44.94000,1.02194,0.99665,0.00185,0.00095,0.00056
45.08000,1.02193,0.99484,0.00346,0.00121,0.00050
45.22000,1.02193,0.99450,0.00388,0.00129,0.00033
45.36000,1.02194,0.99183,0.00658,0.00128,0.00031
45.50000,1.02194,0.99137,0.00641,0.00181,0.00040
45.64000,1.02194,0.99713,0.00138,0.00089,0.00061
45.78000,1.02194,0.99828,0.00092,0.00049,0.00030
45.92000,1.02194,0.99722,0.00194,0.00069,0.00014
46.06000,1.02193,0.99744,0.00166,0.00073,0.00017
46.20000,1.02194,0.99733,0.00189,0.00067,0.00011
46.34000,1.02194,0.99805,0.00136,0.00050,0.00009
46.48000,1.02194,0.99816,0.00124,0.00050,0.00010
46.62000,1.02194,0.99820,0.00114,0.00053,0.00012
46.76000,1.02194,0.99826,0.00119,0.00046,0.00009
46.90000,1.02193,0.99759,0.00178,0.00054,0.00009
47.04000,1.02194,0.99678,0.00242,0.00066,0.00013
47.18000,1.02194,0.99573,0.00302,0.00098,0.00026
47.32000,1.02194,0.99338,0.00490,0.00140,0.00032
47.46000,1.02194,0.99292,0.00501,0.00160,0.00047
47.60000,1.02194,0.99283,0.00442,0.00208,0.00067
47.74000,1.02193,0.93678,0.03346,0.02059,0.00917
47.88000,1.02194,0.94445,0.02775,0.00667,0.02113
48.02000,1.02194,0.94545,0.02396,0.00681,0.02378
48.16000,1.02194,0.94263,0.02708,0.01087,0.01942
48.30000,1.02194,0.91759,0.04224,0.01370,0.02647
48.44000,1.02194,0.96149,0.01736,0.00403,0.01712
48.58000,1.02193,0.94191,0.05153,0.00464,0.00193
48.72000,1.02193,0.98226,0.01416,0.00312,0.00046
48.86000,1.02194,0.99402,0.00338,0.00193,0.00067
49.00000,1.02194,0.98652,0.00364,0.00558,0.00426
49.14000,1.02194,0.97087,0.00411,0.00648,0.01854
49.28000,1.02194,0.96965,0.00294,0.00744,0.01997
49.42000,1.02194,0.90605,0.00422,0.02030,0.06942
49.56000,1.02193,0.93339,0.01305,0.01377,0.03979
49.70000,1.02194,0.95674,0.01605,0.00799,0.01922
49.84000,1.02194,0.97710,0.01364,0.00390,0.00536
49.98000,1.02194,0.99516,0.00303,0.00095,0.00086
50.12000,1.02194,0.99331,0.00540,0.00099,0.00030
50.26000,1.02194,0.99291,0.00578,0.00113,0.00018
50.40000,1.02193,0.99400,0.00468,0.00121,0.00011
50.54000,1.02194,0.99684,0.00214,0.00078,0.00024
50.68000,1.02194,0.99656,0.00255,0.00077,0.00011
50.82000,1.02194,0.99690,0.00224,0.00074,0.00013
50.96000,1.02194,0.99606,0.00289,0.00092,0.00014
51.10000,1.02194,0.99580,0.00313,0.00095,0.00012
51.24000,1.02193,0.99672,0.00201,0.00103,0.00024
51.38000,1.02194,0.99641,0.00256,0.00084,0.00018
51.52000,1.02194,0.99500,0.00371,0.00116,0.00013
51.66000,1.02194,0.99403,0.00466,0.00116,0.00015
51.80000,1.02194,0.99518,0.00363,0.00106,0.00013
51.94000,1.02194,0.99614,0.00287,0.00086,0.00013
52.08000,1.02193,0.99643,0.00229,0.00102,0.00026
52.22000,1.02193,0.99732,0.00192,0.00063,0.00012
52.36000,1.02194,0.99711,0.00187,0.00082,0.00020
52.50000,1.02194,0.99761,0.00172,0.00058,0.00009
52.64000,1.02194,0.99818,0.00116,0.00052,0.00013
52.78000,1.02194,0.99756,0.00167,0.00068,0.00010
52.92000,1.02194,0.99670,0.00251,0.00067,0.00011
53.06000,1.02193,0.98694,0.01061,0.00218,0.00027
53.20000,1.02194,0.97743,0.01961,0.00238,0.00058
53.34000,1.02194,0.98244,0.01457,0.00223,0.00076
53.48000,1.02194,0.99091,0.00705,0.00141,0.00062
53.62000,1.02194,0.98231,0.01161,0.00439,0.00168
53.76000,1.02194,0.98480,0.01220,0.00232,0.00067
53.90000,1.02193,0.98247,0.01573,0.00142,0.00038
54.04000,1.02194,0.99627,0.00271,0.00086,0.00017
54.18000,1.02194,0.98950,0.00850,0.00167,0.00034
54.32000,1.02194,0.99402,0.00431,0.00116,0.00052
54.46000,1.02194,0.99573,0.00273,0.00085,0.00069
54.60000,1.02194,0.99430,0.00442,0.00099,0.00029
54.74000,1.02193,0.99454,0.00419,0.00093,0.00034
54.88000,1.02194,0.99363,0.00476,0.00132,0.00030
55.02000,1.02194,0.99465,0.00428,0.00095,0.00012
55.16000,1.02194,0.99734,0.00180,0.00056,0.00030
55.30000,1.02194,0.99625,0.00267,0.00082,0.00026
55.44000,1.02194,0.99493,0.00371,0.00112,0.00023
55.58000,1.02193,0.96625,0.03102,0.00209,0.00064
55.72000,1.02193,0.86681,0.12839,0.00307,0.00173
55.86000,1.02194,0.94787,0.04628,0.00266,0.00318
56.00000,1.02194,0.88489,0.10792,0.00601,0.00117
56.14000,1.02194,0.95811,0.03820,0.00244,0.00125
56.28000,1.02194,0.97253,0.02397,0.00205,0.00145
56.42000,1.02194,0.97827,0.02055,0.00094,0.00025
56.56000,1.02193,0.99801,0.00134,0.00049,0.00017
56.70000,1.02194,0.99823,0.00107,0.00051,0.00018
56.84000,1.02194,0.99819,0.00095,0.00053,0.00033
56.98000,1.02194,0.99701,0.00179,0.00084,0.00036
57.12000,1.02194,0.99722,0.00168,0.00084,0.00026
57.26000,1.02194,0.98816,0.00901,0.00223,0.00060
57.40000,1.02193,0.98830,0.00767,0.00270,0.00134
57.54000,1.02194,0.98711,0.00754,0.00322,0.00213
57.68000,1.02194,0.99496,0.00254,0.00125,0.00124
57.82000,1.02194,0.99432,0.00392,0.00122,0.00053
57.96000,1.02194,0.99291,0.00481,0.00156,0.00072
58.10000,1.02194,0.99837,0.00093,0.00041,0.00028
58.24000,1.02193,0.99829,0.00106,0.00047,0.00019
58.38000,1.02194,0.99817,0.00113,0.00052,0.00018
58.52000,1.02194,0.99694,0.00177,0.00107,0.00022
58.66000,1.02194,0.99463,0.00222,0.00224,0.00092
58.80000,1.02194,0.98996,0.00345,0.00476,0.00183
58.94000,1.02194,0.98549,0.00537,0.00643,0.00270
59.08000,1.02193,0.98954,0.00326,0.00462,0.00258
59.22000,1.02193,0.99027,0.00388,0.00414,0.00171
59.36000,1.02194,0.99691,0.00098,0.00109,0.00102
59.50000,1.02194,0.99877,0.00051,0.00037,0.00035
59.64000,1.02194,0.99907,0.00053,0.00025,0.00015
59.78000,1.02194,0.99895,0.00068,0.00028,0.00009
59.92000,1.02194,0.99893,0.00066,0.00030,0.00011
60.06000,1.02193,0.99840,0.00109,0.00042,0.00009
60.20000,1.02194,0.99815,0.00124,0.00049,0.00012
60.34000,1.02194,0.99813,0.00126,0.00052,0.00009
60.48000,1.02194,0.99757,0.00169,0.00063,0.00011
60.62000,1.02194,0.99746,0.00176,0.00066,0.00012
60.76000,1.02194,0.99769,0.00167,0.00055,0.00009
60.90000,1.02193,0.99790,0.00147,0.00053,0.00010
61.04000,1.02194,0.99810,0.00141,0.00042,0.00007
61.18000,1.02194,0.99866,0.00084,0.00038,0.00012
61.32000,1.02194,0.99885,0.00070,0.00033,0.00012
61.46000,1.02194,0.99870,0.00087,0.00034,0.00008
61.60000,1.02194,0.99851,0.00102,0.00039,0.00008
61.74000,1.02193,0.99837,0.00113,0.00043,0.00008
61.88000,1.02194,0.99826,0.00119,0.00047,0.00008
62.02000,1.02194,0.99835,0.00107,0.00049,0.00009
62.16000,1.02194,0.99802,0.00133,0.00054,0.00011
62.30000,1.02194,0.99760,0.00178,0.00054,0.00008
62.44000,1.02194,0.99766,0.00170,0.00055,0.00008
62.58000,1.02193,0.99529,0.00254,0.00185,0.00032
62.72000,1.02193,0.99378,0.00263,0.00288,0.00071
62.86000,1.02194,0.98906,0.00262,0.00571,0.00261
63.00000,1.02193,0.97663,0.00175,0.01491,0.00671
63.14000,1.02193,0.88557,0.00481,0.07170,0.03792
63.28000,1.02194,0.75108,0.00775,0.14977,0.09140
63.42000,1.02194,0.57254,0.00487,0.13621,0.28638
63.56000,1.02194,0.43587,0.00546,0.09759,0.46109
63.70000,1.02194,0.39742,0.00461,0.07580,0.52217
63.84000,1.02194,0.32248,0.03026,0.13020,0.51706
63.98000,1.02194,0.55216,0.01335,0.03616,0.39833
64.12000,1.02193,0.88491,0.01648,0.03806,0.06055
64.26000,1.02193,0.97458,0.00414,0.00438,0.01690
64.40000,1.02193,0.97347,0.01999,0.00372,0.00282
64.54000,1.02193,0.98833,0.00885,0.00162,0.00120
64.68000,1.02193,0.99583,0.00292,0.00107,0.00018
64.82000,1.02193,0.98805,0.00974,0.00195,0.00026
64.96000,1.02194,0.99200,0.00575,0.00178,0.00047
65.10000,1.02194,0.98610,0.01054,0.00300,0.00036
65.24000,1.02194,0.98945,0.00811,0.00214,0.00030
65.38000,1.02194,0.99318,0.00507,0.00152,0.00023
65.52000,1.02194,0.99305,0.00450,0.00202,0.00043
65.66000,1.02193,0.99712,0.00198,0.00074,0.00015
65.80000,1.02193,0.99713,0.00199,0.00076,0.00012
65.94000,1.02193,0.99681,0.00217,0.00089,0.00012
66.08000,1.02193,0.99779,0.00145,0.00060,0.00016
66.22000,1.02193,0.99789,0.00142,0.00057,0.00012
66.36000,1.02193,0.99782,0.00153,0.00056,0.00009
66.50000,1.02193,0.99808,0.00133,0.00050,0.00009
66.64000,1.02193,0.99823,0.00123,0.00045,0.00009
66.78000,1.02194,0.99793,0.00139,0.00057,0.00011
66.92000,1.02194,0.99786,0.00136,0.00064,0.00014
67.06000,1.02194,0.99841,0.00104,0.00045,0.00010
67.20000,1.02194,0.99636,0.00258,0.00091,0.00015
67.34000,1.02194,0.99610,0.00271,0.00104,0.00015
67.48000,1.02193,0.99695,0.00200,0.00092,0.00013
67.62000,1.02193,0.99647,0.00219,0.00111,0.00023
67.76000,1.02193,0.99525,0.00340,0.00111,0.00024
67.90000,1.02193,0.99053,0.00657,0.00256,0.00035
68.04000,1.02193,0.99486,0.00358,0.00124,0.00032
68.18000,1.02193,0.99607,0.00272,0.00103,0.00017
68.32000,1.02193,0.99652,0.00220,0.00094,0.00034
68.46000,1.02194,0.99590,0.00257,0.00128,0.00024
68.60000,1.02194,0.99751,0.00173,0.00066,0.00011
68.74000,1.02194,0.99716,0.00214,0.00060,0.00010
68.88000,1.02194,0.99757,0.00166,0.00064,0.00013
69.02000,1.02194,0.99741,0.00175,0.00070,0.00013
69.16000,1.02193,0.99755,0.00170,0.00064,0.00012
69.30000,1.02193,0.99738,0.00188,0.00064,0.00010
69.44000,1.02193,0.99587,0.00305,0.00096,0.00012
69.58000,1.02193,0.99550,0.00341,0.00099,0.00010
69.72000,1.02193,0.99759,0.00158,0.00071,0.00013
69.86000,1.02193,0.99567,0.00274,0.00136,0.00023
70.00000,1.02193,0.99413,0.00403,0.00159,0.00026
70.14000,1.02193,0.99126,0.00660,0.00185,0.00029
70.28000,1.02194,0.98970,0.00764,0.00234,0.00032
70.42000,1.02194,0.98494,0.01030,0.00402,0.00073
70.56000,1.02194,0.97602,0.01472,0.00746,0.00180
70.70000,1.02194,0.98718,0.00720,0.00364,0.00198
70.84000,1.02194,0.97880,0.01350,0.00637,0.00133
70.98000,1.02193,0.98359,0.01127,0.00433,0.00081
71.12000,1.02193,0.98869,0.00481,0.00510,0.00140
71.26000,1.02193,0.97971,0.00330,0.00474,0.01225
71.40000,1.02193,0.98697,0.00173,0.00387,0.00744
71.54000,1.02193,0.98312,0.00149,0.00471,0.01069
71.68000,1.02193,0.97668,0.00113,0.00443,0.01777
71.82000,1.02193,0.97084,0.00203,0.00484,0.02229
71.96000,1.02194,0.98533,0.00317,0.00368,0.00782
72.10000,1.02194,0.99701,0.00138,0.00088,0.00073
72.24000,1.02194,0.99702,0.00155,0.00093,0.00050
72.38000,1.02194,0.99167,0.00429,0.00301,0.00103
72.52000,1.02194,0.99228,0.00414,0.00267,0.00091
72.66000,1.02193,0.99371,0.00346,0.00187,0.00096
72.80000,1.02193,0.98921,0.00737,0.00279,0.00063
72.94000,1.02193,0.98862,0.00686,0.00348,0.00104
73.08000,1.02193,0.95975,0.01940,0.01824,0.00261
73.22000,1.02193,0.96610,0.01938,0.00834,0.00618
73.36000,1.02193,0.98240,0.00622,0.00525,0.00613
73.50000,1.02193,0.99158,0.00261,0.00294,0.00287
73.64000,1.02193,0.98854,0.00487,0.00362,0.00297
73.78000,1.02194,0.98626,0.00851,0.00344,0.00179
73.92000,1.02194,0.98779,0.00868,0.00258,0.00094
74.06000,1.02194,0.99657,0.00227,0.00101,0.00015
74.20000,1.02194,0.99261,0.00365,0.00305,0.00068
74.34000,1.02194,0.98605,0.00622,0.00612,0.00160
74.48000,1.02193,0.97630,0.00876,0.01165,0.00329
74.62000,1.02193,0.96594,0.01408,0.01546,0.00452
74.76000,1.02193,0.96730,0.01433,0.01331,0.00506
74.90000,1.02193,0.97353,0.01254,0.01072,0.00321
75.04000,1.02193,0.99049,0.00451,0.00328,0.00172
75.18000,1.02193,0.98998,0.00618,0.00301,0.00083
75.32000,1.02193,0.99574,0.00239,0.00128,0.00059
75.46000,1.02194,0.99391,0.00465,0.00132,0.00012
75.60000,1.02194,0.99517,0.00358,0.00113,0.00013
75.74000,1.02194,0.99693,0.00179,0.00101,0.00028
75.88000,1.02194,0.99630,0.00259,0.00095,0.00017
76.02000,1.02194,0.99722,0.00196,0.00070,0.00013
76.16000,1.02193,0.99731,0.00187,0.00071,0.00012
76.30000,1.02193,0.99589,0.00283,0.00106,0.00021
76.44000,1.02193,0.99337,0.00480,0.00156,0.00026
76.58000,1.02193,0.99487,0.00344,0.00136,0.00034
76.72000,1.02193,0.99378,0.00479,0.00131,0.00012
76.86000,1.02193,0.99510,0.00352,0.00122,0.00016
77.00000,1.02193,0.99464,0.00349,0.00166,0.00021
77.14000,1.02193,0.99688,0.00201,0.00093,0.00018
77.28000,1.02194,0.99741,0.00177,0.00071,0.00011
77.42000,1.02194,0.99784,0.00155,0.00053,0.00008
77.56000,1.02194,0.99775,0.00158,0.00058,0.00009
77.70000,1.02194,0.99807,0.00127,0.00056,0.00009
77.84000,1.02194,0.99781,0.00132,0.00069,0.00018
77.98000,1.02193,0.99459,0.00383,0.00135,0.00023
78.12000,1.02193,0.97990,0.01770,0.00189,0.00051
78.26000,1.02193,0.98444,0.01225,0.00252,0.00078
78.40000,1.02193,0.98868,0.00843,0.00193,0.00095
78.54000,1.02193,0.98950,0.00658,0.00191,0.00201
78.68000,1.02193,0.99537,0.00255,0.00083,0.00125
78.82000,1.02193,0.97781,0.01791,0.00337,0.00092
78.96000,1.02194,0.99216,0.00554,0.00200,0.00030
79.10000,1.02194,0.99418,0.00379,0.00172,0.00031
79.24000,1.02194,0.98840,0.00857,0.00250,0.00053
79.38000,1.02194,0.96366,0.03016,0.00516,0.00102
79.52000,1.02194,0.97940,0.01561,0.00377,0.00122
79.66000,1.02193,0.98500,0.01169,0.00297,0.00034
79.80000,1.02193,0.99115,0.00708,0.00151,0.00026
79.94000,1.02193,0.99204,0.00623,0.00137,0.00036
80.08000,1.02193,0.98990,0.00830,0.00161,0.00019
80.22000,1.02193,0.99657,0.00247,0.00085,0.00010
80.36000,1.02193,0.99763,0.00170,0.00058,0.00008
80.50000,1.02193,0.99808,0.00130,0.00053,0.00009
80.64000,1.02193,0.99698,0.00221,0.00071,0.00010
80.78000,1.02194,0.99691,0.00224,0.00076,0.00009
80.92000,1.02194,0.99751,0.00180,0.00061,0.00008
81.06000,1.02194,0.99796,0.00148,0.00049,0.00007
81.20000,1.02194,0.99805,0.00140,0.00047,0.00007
81.34000,1.02194,0.99797,0.00147,0.00049,0.00007
81.48000,1.02193,0.99847,0.00098,0.00043,0.00012
81.62000,1.02193,0.99872,0.00082,0.00035,0.00010
81.76000,1.02193,0.99857,0.00097,0.00038,0.00008
81.90000,1.02193,0.99841,0.00111,0.00041,0.00007
82.04000,1.02193,0.99850,0.00102,0.00040,0.00008
82.18000,1.02193,0.99800,0.00144,0.00047,0.00008
82.32000,1.02193,0.99811,0.00129,0.00050,0.00010
82.46000,1.02194,0.99804,0.00136,0.00051,0.00009
82.60000,1.02194,0.99811,0.00133,0.00048,0.00008
82.74000,1.02194,0.99779,0.00154,0.00057,0.00009
82.88000,1.02194,0.99753,0.00169,0.00067,0.00011
83.02000,1.02194,0.99796,0.00134,0.00056,0.00014
83.16000,1.02193,0.99761,0.00169,0.00062,0.00008
83.30000,1.02193,0.99766,0.00159,0.00065,0.00010
83.44000,1.02193,0.99739,0.00179,0.00072,0.00010
83.58000,1.02193,0.99627,0.00262,0.00098,0.00013
83.72000,1.02193,0.99547,0.00321,0.00119,0.00014
83.86000,1.02193,0.99580,0.00290,0.00117,0.00013
84.00000,1.02193,0.99221,0.00473,0.00262,0.00045
84.14000,1.02193,0.98487,0.00840,0.00504,0.00169
84.28000,1.02194,0.98028,0.00918,0.00828,0.00226
84.42000,1.02194,0.96429,0.01159,0.01597,0.00814
84.56000,1.02194,0.94466,0.01233,0.02201,0.02101
84.70000,1.02194,0.93767,0.01432,0.02832,0.01968
84.84000,1.02194,0.98105,0.00211,0.00453,0.01230
84.98000,1.02193,0.96551,0.01034,0.01637,0.00779
85.12000,1.02193,0.93037,0.01305,0.02115,0.03543
85.26000,1.02193,0.92871,0.00519,0.00981,0.05629
85.40000,1.02193,0.87000,0.01993,0.02563,0.08444
85.54000,1.02193,0.49303,0.01154,0.04558,0.44985
85.68000,1.02193,0.40885,0.02187,0.04760,0.52168
85.82000,1.02193,0.41779,0.01099,0.03339,0.53784
85.96000,1.02194,0.49642,0.01672,0.03931,0.44755
86.10000,1.02194,0.51250,0.01640,0.03988,0.43123
86.24000,1.02194,0.42599,0.02409,0.05488,0.49503
86.38000,1.02194,0.54494,0.02587,0.05610,0.37309
86.52000,1.02194,0.45362,0.01926,0.03911,0.48801
86.66000,1.02193,0.30917,0.01608,0.02880,0.64595
86.80000,1.02193,0.33229,0.01996,0.02637,0.62138
86.94000,1.02193,0.35471,0.01104,0.01811,0.61613
87.08000,1.02193,0.26080,0.01300,0.00918,0.71703
87.22000,1.02193,0.32245,0.01793,0.01256,0.64706
87.36000,1.02193,0.28025,0.01319,0.01456,0.69200
87.50000,1.02193,0.36674,0.02376,0.01751,0.59198
87.64000,1.02193,0.44937,0.03437,0.02126,0.49500
87.78000,1.02194,0.41085,0.03719,0.01868,0.53328
87.92000,1.02194,0.55479,0.07404,0.01882,0.35235
88.06000,1.02194,0.61586,0.05920,0.02141,0.30353
88.20000,1.02194,0.71288,0.06712,0.02059,0.19941
88.34000,1.02194,0.65619,0.25068,0.02380,0.06933
88.48000,1.02193,0.72624,0.17196,0.01469,0.08711
88.62000,1.02193,0.74271,0.15893,0.02274,0.07561
88.76000,1.02193,0.66724,0.12684,0.01658,0.18934
88.90000,1.02193,0.69576,0.08551,0.01568,0.20304
89.04000,1.02193,0.56624,0.05397,0.01676,0.36303
89.18000,1.02193,0.60740,0.11233,0.02997,0.25031
89.32000,1.02193,0.67420,0.05009,0.02862,0.24710
89.46000,1.02194,0.73815,0.06876,0.02788,0.16522
89.60000,1.02194,0.67962,0.19789,0.04190,0.08058
89.74000,1.02194,0.75690,0.09649,0.02866,0.11796
89.88000,1.02194,0.74233,0.13207,0.03368,0.09191
90.02000,1.02194,0.71961,0.18646,0.03227,0.06166
90.16000,1.02193,0.77108,0.13139,0.01433,0.08319
90.30000,1.02193,0.75655,0.10330,0.01565,0.12451
90.44000,1.02193,0.76201,0.08978,0.01731,0.13090
90.58000,1.02193,0.74967,0.07167,0.01722,0.16144
90.72000,1.02193,0.59861,0.03207,0.00730,0.36202
90.86000,1.02193,0.49135,0.17231,0.00583,0.33051
91.00000,1.02193,0.30081,0.02025,0.00094,0.67800
91.14000,1.02193,0.25081,0.00809,0.00087,0.74023
91.28000,1.02194,0.34875,0.01876,0.00021,0.63228
91.42000,1.02194,0.29277,0.11934,0.00030,0.58759
91.56000,1.02194,0.26234,0.51807,0.00013,0.21946
91.70000,1.02194,0.45289,0.17628,0.00151,0.36931
91.84000,1.02194,0.30374,0.56647,0.00061,0.12918
91.98000,1.02193,0.21873,0.70395,0.00094,0.07637
92.12000,1.02193,0.14144,0.83433,0.00075,0.02349
92.26000,1.02193,0.16505,0.81151,0.00095,0.02250
92.40000,1.02193,0.15082,0.84166,0.00119,0.00632
92.54000,1.02193,0.04187,0.95720,0.00024,0.00068
92.68000,1.02193,0.06751,0.93171,0.00043,0.00036
92.82000,1.02193,0.06288,0.93675,0.00021,0.00016
92.96000,1.02194,0.11571,0.88367,0.00045,0.00017
93.10000,1.02194,0.16462,0.83447,0.00066,0.00026
93.24000,1.02194,0.21429,0.78458,0.00082,0.00031
93.38000,1.02194,0.16732,0.83195,0.00055,0.00018
93.52000,1.02194,0.28080,0.71753,0.00094,0.00073
93.66000,1.02193,0.23346,0.76505,0.00091,0.00058
93.80000,1.02193,0.21356,0.78506,0.00090,0.00047
93.94000,1.02193,0.17337,0.82555,0.00073,0.00035
94.08000,1.02193,0.24299,0.75508,0.00120,0.00073
94.22000,1.02193,0.22309,0.77476,0.00135,0.00079
94.36000,1.02193,0.30829,0.68947,0.00140,0.00084
94.50000,1.02193,0.38860,0.60814,0.00172,0.00154
94.64000,1.02193,0.28064,0.71686,0.00147,0.00103
94.78000,1.02194,0.27399,0.72397,0.00136,0.00068
94.92000,1.02194,0.30103,0.69681,0.00120,0.00097
95.06000,1.02194,0.18534,0.81330,0.00087,0.00049
95.20000,1.02194,0.16864,0.83015,0.00068,0.00054
95.34000,1.02194,0.08828,0.91111,0.00041,0.00019
95.48000,1.02193,0.09264,0.90666,0.00048,0.00022
95.62000,1.02193,0.16433,0.83428,0.00085,0.00054
95.76000,1.02193,0.07063,0.92859,0.00049,0.00029
95.90000,1.02193,0.12059,0.87839,0.00058,0.00044
96.04000,1.02193,0.08389,0.91516,0.00047,0.00048
96.18000,1.02193,0.15769,0.84028,0.00096,0.00106
96.32000,1.02193,0.30290,0.69213,0.00228,0.00269
96.46000,1.02194,0.42795,0.56205,0.00289,0.00711
96.60000,1.02194,0.13036,0.86838,0.00069,0.00057
96.74000,1.02194,0.13763,0.86072,0.00092,0.00073
96.88000,1.02194,0.10886,0.89021,0.00059,0.00033
97.02000,1.02194,0.17823,0.81928,0.00171,0.00079
97.16000,1.02193,0.14498,0.85347,0.00074,0.00082
97.30000,1.02193,0.05002,0.94948,0.00035,0.00014
97.44000,1.02193,0.04864,0.95089,0.00034,0.00013
97.58000,1.02193,0.04552,0.95400,0.00032,0.00015
97.72000,1.02193,0.04050,0.95916,0.00021,0.00012
97.86000,1.02193,0.04240,0.95720,0.00022,0.00017
98.00000,1.02193,0.09159,0.90761,0.00051,0.00029
98.14000,1.02193,0.09797,0.90090,0.00071,0.00041
98.28000,1.02194,0.13264,0.86621,0.00073,0.00042
98.42000,1.02194,0.11491,0.88411,0.00069,0.00028
98.56000,1.02194,0.17626,0.82255,0.00085,0.00034
98.70000,1.02194,0.14718,0.85193,0.00065,0.00024
98.84000,1.02194,0.21241,0.78534,0.00127,0.00097
98.98000,1.02193,0.09084,0.90848,0.00043,0.00025
99.12000,1.02193,0.11613,0.88264,0.00061,0.00062
99.26000,1.02193,0.07076,0.92874,0.00033,0.00017
99.40000,1.02193,0.10129,0.89755,0.00072,0.00044
99.54000,1.02193,0.06474,0.93463,0.00039,0.00024
99.68000,1.02193,0.05721,0.94248,0.00018,0.00013
99.82000,1.02193,0.06866,0.93085,0.00034,0.00015
99.96000,1.02194,0.09949,0.89975,0.00054,0.00022
100.10000,1.02194,0.07937,0.92002,0.00045,0.00016
100.24000,1.02194,0.13522,0.86382,0.00068,0.00028
100.38000,1.02194,0.08927,0.91019,0.00041,0.00014
100.52000,1.02194,0.07030,0.92930,0.00029,0.00012
100.66000,1.02193,0.09399,0.90558,0.00034,0.00010
100.80000,1.02193,0.15513,0.84402,0.00062,0.00023
100.94000,1.02193,0.10628,0.89309,0.00049,0.00014
101.08000,1.02193,0.11138,0.88802,0.00044,0.00015
101.22000,1.02193,0.09162,0.90784,0.00041,0.00013
101.36000,1.02193,0.09162,0.90785,0.00039,0.00013
101.50000,1.02193,0.09738,0.90206,0.00043,0.00013
101.64000,1.02193,0.11270,0.88662,0.00046,0.00022
101.78000,1.02194,0.06802,0.93157,0.00032,0.00009
101.92000,1.02194,0.07660,0.92293,0.00037,0.00010
102.06000,1.02194,0.07158,0.92795,0.00037,0.00011
102.20000,1.02194,0.05551,0.94411,0.00028,0.00010
102.34000,1.02194,0.05398,0.94562,0.00031,0.00010
102.48000,1.02193,0.04955,0.95005,0.00031,0.00008
102.62000,1.02193,0.04661,0.95309,0.00019,0.00010
102.76000,1.02193,0.09752,0.90162,0.00045,0.00040
102.90000,1.02193,0.05804,0.94144,0.00033,0.00019
103.04000,1.02193,0.05551,0.94404,0.00030,0.00015
103.18000,1.02193,0.07918,0.92030,0.00032,0.00020
103.32000,1.02193,0.06644,0.93314,0.00026,0.00016
103.46000,1.02194,0.14212,0.85711,0.00060,0.00018
103.60000,1.02194,0.11758,0.88183,0.00046,0.00013
103.74000,1.02194,0.19127,0.80750,0.00079,0.00045
103.88000,1.02194,0.15319,0.84592,0.00066,0.00023
104.02000,1.02194,0.17533,0.82338,0.00088,0.00041
104.16000,1.02193,0.17273,0.82583,0.00094,0.00049
104.30000,1.02193,0.12732,0.87159,0.00066,0.00043
104.44000,1.02193,0.11275,0.88635,0.00060,0.00030
104.58000,1.02193,0.19228,0.80627,0.00094,0.00051
104.72000,1.02193,0.12393,0.87513,0.00070,0.00025
104.86000,1.02193,0.18182,0.81680,0.00080,0.00059
105.00000,1.02193,0.08067,0.91884,0.00037,0.00013
105.14000,1.02193,0.12811,0.87101,0.00062,0.00026
105.28000,1.02194,0.10088,0.89852,0.00045,0.00015
105.42000,1.02194,0.14112,0.85792,0.00063,0.00033
105.56000,1.02194,0.14635,0.85264,0.00075,0.00025
105.70000,1.02194,0.30682,0.69118,0.00125,0.00076
105.84000,1.02194,0.15882,0.83970,0.00106,0.00042
105.98000,1.02193,0.41199,0.58397,0.00178,0.00226
106.12000,1.02193,0.26141,0.73579,0.00166,0.00114
106.26000,1.02193,0.31009,0.68568,0.00226,0.00197
106.40000,1.02193,0.22297,0.77459,0.00166,0.00077
106.54000,1.02193,0.19802,0.79660,0.00165,0.00373
106.68000,1.02193,0.19952,0.79614,0.00128,0.00307
106.82000,1.02193,0.36652,0.62630,0.00155,0.00564
106.96000,1.02194,0.21191,0.78330,0.00131,0.00347
107.10000,1.02194,0.31185,0.68275,0.00239,0.00301
107.24000,1.02194,0.28530,0.70858,0.00192,0.00420
107.38000,1.02194,0.24704,0.75101,0.00084,0.00112
107.52000,1.02194,0.61320,0.37938,0.00246,0.00496
107.66000,1.02193,0.34504,0.64943,0.00325,0.00228
107.80000,1.02193,0.38110,0.61323,0.00334,0.00234
107.94000,1.02193,0.69869,0.28809,0.00435,0.00887
108.08000,1.02193,0.51887,0.46881,0.00604,0.00629
108.22000,1.02193,0.54027,0.44105,0.00828,0.01040
108.36000,1.02193,0.49643,0.49286,0.00364,0.00707
108.50000,1.02193,0.23030,0.76503,0.00241,0.00226
108.64000,1.02193,0.23334,0.76235,0.00281,0.00149
108.78000,1.02194,0.21049,0.78616,0.00144,0.00191
108.92000,1.02194,0.14213,0.85583,0.00096,0.00107
109.06000,1.02194,0.05941,0.93989,0.00045,0.00025
109.20000,1.02194,0.05036,0.94899,0.00042,0.00023
109.34000,1.02194,0.10873,0.89012,0.00070,0.00045
109.48000,1.02193,0.10121,0.89722,0.00084,0.00074
109.62000,1.02193,0.26629,0.72894,0.00216,0.00261
109.76000,1.02193,0.14591,0.85216,0.00117,0.00076
109.90000,1.02193,0.23671,0.76018,0.00175,0.00137
110.04000,1.02193,0.25525,0.74179,0.00176,0.00120
110.18000,1.02193,0.32282,0.67304,0.00175,0.00238
110.32000,1.02193,0.55456,0.43680,0.00376,0.00488
110.46000,1.02194,0.62772,0.36224,0.00385,0.00619
110.60000,1.02194,0.64921,0.34460,0.00402,0.00217
110.74000,1.02194,0.90002,0.09507,0.00333,0.00158
110.88000,1.02194,0.96521,0.03073,0.00297,0.00109
111.02000,1.02194,0.99046,0.00632,0.00257,0.00065
111.16000,1.02193,0.99693,0.00177,0.00091,0.00039
111.30000,1.02193,0.99744,0.00182,0.00065,0.00009
111.44000,1.02193,0.99241,0.00626,0.00113,0.00020
111.58000,1.02193,0.98960,0.00887,0.00129,0.00023
111.72000,1.02193,0.98598,0.01145,0.00197,0.00060
111.86000,1.02193,0.97891,0.01749,0.00298,0.00061
112.00000,1.02193,0.96076,0.03474,0.00381,0.00069
112.14000,1.02193,0.81049,0.17788,0.01005,0.00158
112.28000,1.02194,0.86809,0.12323,0.00783,0.00085
112.42000,1.02194,0.95531,0.03544,0.00689,0.00236
112.56000,1.02194,0.95296,0.04149,0.00411,0.00144
112.70000,1.02194,0.77444,0.21703,0.00623,0.00230
112.84000,1.02194,0.73264,0.24911,0.01118,0.00707
112.98000,1.02193,0.84651,0.14608,0.00481,0.00260
113.12000,1.02193,0.89727,0.09241,0.00463,0.00569
113.26000,1.02193,0.95234,0.03262,0.00538,0.00967
113.40000,1.02193,0.85136,0.10809,0.02555,0.01501
113.54000,1.02193,0.87246,0.08444,0.01939,0.02371
113.68000,1.02193,0.95274,0.00876,0.01105,0.02745
113.82000,1.02193,0.94301,0.02543,0.02032,0.01124
113.96000,1.02194,0.95575,0.01778,0.01748,0.00899
114.10000,1.02194,0.97641,0.01209,0.00815,0.00335
114.24000,1.02194,0.99483,0.00255,0.00156,0.00105
114.38000,1.02194,0.99437,0.00346,0.00160,0.00058
114.52000,1.02194,0.98902,0.00512,0.00426,0.00159
114.66000,1.02193,0.97706,0.00758,0.00988,0.00547
114.80000,1.02193,0.96399,0.00927,0.01686,0.00988
114.94000,1.02193,0.96332,0.01091,0.01802,0.00774
115.08000,1.02193,0.96598,0.01247,0.01527,0.00628
115.22000,1.02193,0.98565,0.00585,0.00573,0.00278
115.36000,1.02193,0.99462,0.00256,0.00184,0.00098
115.50000,1.02193,0.99667,0.00198,0.00094,0.00041
115.64000,1.02193,0.99412,0.00411,0.00153,0.00024
115.78000,1.02194,0.97994,0.01786,0.00190,0.00030
115.92000,1.02194,0.98210,0.01511,0.00231,0.00048
116.06000,1.02194,0.97621,0.02086,0.00249,0.00044
116.20000,1.02194,0.93969,0.05689,0.00253,0.00089
116.34000,1.02194,0.95888,0.03814,0.00209,0.00089
116.48000,1.02193,0.95764,0.03634,0.00459,0.00143
116.62000,1.02193,0.96875,0.02805,0.00277,0.00043
116.76000,1.02193,0.97205,0.02520,0.00217,0.00058
116.90000,1.02193,0.96234,0.03421,0.00310,0.00035
117.04000,1.02193,0.99313,0.00552,0.00120,0.00014
117.18000,1.02193,0.99554,0.00330,0.00096,0.00020
117.32000,1.02193,0.99336,0.00510,0.00135,0.00018
117.46000,1.02194,0.99136,0.00624,0.00188,0.00052
117.60000,1.02194,0.97999,0.01683,0.00261,0.00058
117.74000,1.02194,0.96602,0.02673,0.00534,0.00191
117.88000,1.02194,0.86426,0.11657,0.01177,0.00740
118.02000,1.02194,0.79620,0.16893,0.01226,0.02262
118.16000,1.02193,0.74567,0.17344,0.01752,0.06337
118.30000,1.02193,0.72961,0.20900,0.01149,0.04991
118.44000,1.02193,0.57730,0.40213,0.00621,0.01436
118.58000,1.02193,0.45822,0.52602,0.00334,0.01242
118.72000,1.02193,0.13578,0.85943,0.00219,0.00260
118.86000,1.02193,0.20129,0.79127,0.00197,0.00547
119.00000,1.02193,0.27329,0.71715,0.00184,0.00772
119.14000,1.02193,0.10895,0.88875,0.00121,0.00109
119.28000,1.02194,0.17479,0.82075,0.00196,0.00251
119.42000,1.02194,0.25046,0.74661,0.00160,0.00133
119.56000,1.02194,0.27715,0.72044,0.00118,0.00124
119.70000,1.02194,0.36575,0.63053,0.00252,0.00120
119.84000,1.02194,0.37524,0.61978,0.00293,0.00205
119.98000,1.02193,0.51813,0.47541,0.00338,0.00308
120.12000,1.02193,0.52211,0.47239,0.00316,0.00234
120.26000,1.02193,0.40579,0.59079,0.00212,0.00130
120.40000,1.02193,0.78285,0.20281,0.00544,0.00891
120.54000,1.02193,0.42636,0.56711,0.00293,0.00360
120.68000,1.02193,0.46031,0.52915,0.00168,0.00886
120.82000,1.02193,0.39684,0.58781,0.00150,0.01385
120.96000,1.02194,0.21257,0.78206,0.00140,0.00397
121.10000,1.02194,0.32126,0.67292,0.00264,0.00318
121.24000,1.02194,0.16423,0.83371,0.00125,0.00081
121.38000,1.02194,0.18511,0.81266,0.00103,0.00120
121.52000,1.02194,0.37512,0.61942,0.00208,0.00338
121.66000,1.02193,0.18725,0.80982,0.00162,0.00130
121.80000,1.02193,0.20058,0.79602,0.00211,0.00130
121.94000,1.02193,0.11216,0.88568,0.00128,0.00088
122.08000,1.02193,0.16111,0.83619,0.00136,0.00134
122.22000,1.02193,0.24298,0.75176,0.00284,0.00243
122.36000,1.02193,0.23959,0.75744,0.00152,0.00145
122.50000,1.02193,0.21370,0.78334,0.00189,0.00107
122.64000,1.02193,0.33436,0.66265,0.00175,0.00124
122.78000,1.02194,0.18437,0.81405,0.00120,0.00038
122.92000,1.02194,0.29111,0.70615,0.00195,0.00079
123.06000,1.02194,0.10599,0.89319,0.00062,0.00020
123.20000,1.02194,0.15049,0.84858,0.00073,0.00021
123.34000,1.02194,0.14691,0.85204,0.00081,0.00024
123.48000,1.02193,0.18929,0.80942,0.00094,0.00035
123.62000,1.02193,0.25140,0.74681,0.00114,0.00064
123.76000,1.02193,0.15239,0.84645,0.00078,0.00037
123.90000,1.02193,0.11530,0.88389,0.00054,0.00027
124.04000,1.02193,0.22378,0.77456,0.00086,0.00079
124.18000,1.02193,0.12841,0.87041,0.00075,0.00044
124.32000,1.02193,0.17898,0.81933,0.00094,0.00075
124.46000,1.02194,0.11741,0.88099,0.00093,0.00067
124.60000,1.02194,0.26256,0.73434,0.00150,0.00160
124.74000,1.02194,0.10990,0.88904,0.00062,0.00044
124.88000,1.02194,0.16554,0.83302,0.00095,0.00049
125.02000,1.02194,0.46585,0.52695,0.00516,0.00203
125.16000,1.02193,0.68217,0.29264,0.01889,0.00630
125.30000,1.02193,0.44139,0.52238,0.03322,0.00302
125.44000,1.02193,0.68058,0.29210,0.02429,0.00303
125.58000,1.02193,0.81190,0.15985,0.02626,0.00199
125.72000,1.02193,0.93702,0.03832,0.02268,0.00198
125.86000,1.02193,0.90580,0.06986,0.02362,0.00071
126.00000,1.02193,0.94050,0.05203,0.00713,0.00034
126.14000,1.02193,0.96735,0.02918,0.00306,0.00041
126.28000,1.02194,0.98000,0.01764,0.00198,0.00038
126.42000,1.02194,0.98348,0.01403,0.00212,0.00038
126.56000,1.02194,0.98683,0.01050,0.00232,0.00035
126.70000,1.02194,0.95326,0.04340,0.00256,0.00078
126.84000,1.02194,0.86500,0.13030,0.00361,0.00109
126.98000,1.02193,0.86408,0.13179,0.00297,0.00116
127.12000,1.02193,0.74872,0.24842,0.00224,0.00061
127.26000,1.02193,0.55209,0.44526,0.00148,0.00117
127.40000,1.02193,0.28899,0.70857,0.00133,0.00111
127.54000,1.02193,0.11934,0.87989,0.00055,0.00022
127.68000,1.02193,0.16652,0.83240,0.00083,0.00025
127.82000,1.02193,0.28426,0.71367,0.00121,0.00086
127.96000,1.02193,0.17853,0.82024,0.00094,0.00028
128.10001,1.02193,0.14967,0.84938,0.00072,0.00023
128.24001,1.02193,0.16946,0.82943,0.00086,0.00026
128.38000,1.02193,0.25797,0.74012,0.00148,0.00043
128.52000,1.02193,0.19677,0.80175,0.00119,0.00028
128.66000,1.02193,0.12529,0.87388,0.00063,0.00020
128.80000,1.02193,0.13332,0.86569,0.00073,0.00026
128.94000,1.02194,0.15642,0.84262,0.00077,0.00018
129.08000,1.02194,0.12096,0.87822,0.00064,0.00018
129.22000,1.02194,0.13232,0.86685,0.00056,0.00028
129.36000,1.02194,0.08196,0.91742,0.00043,0.00019
129.50000,1.02194,0.10157,0.89772,0.00050,0.00020
129.64000,1.02194,0.09047,0.90873,0.00053,0.00026
129.78000,1.02194,0.06767,0.93167,0.00048,0.00017
129.92000,1.02194,0.05719,0.94230,0.00033,0.00018
130.06000,1.02194,0.05620,0.94270,0.00055,0.00055
130.20000,1.02194,0.06527,0.93348,0.00037,0.00088
130.34000,1.02194,0.04152,0.95764,0.00041,0.00043
130.48000,1.02194,0.23364,0.76216,0.00171,0.00250
130.62000,1.02194,0.21680,0.78086,0.00113,0.00122
130.75999,1.02194,0.63423,0.36180,0.00283,0.00115
130.89999,1.02194,0.72909,0.26835,0.00210,0.00045
131.03999,1.02194,0.90652,0.08979,0.00327,0.00042
131.17999,1.02194,0.96983,0.02690,0.00305,0.00022
131.32001,1.02193,0.98000,0.01673,0.00287,0.00040
131.46001,1.02193,0.97751,0.01798,0.00329,0.00121
131.60001,1.02193,0.95668,0.03158,0.00723,0.00451
131.74001,1.02193,0.93984,0.04362,0.00916,0.00738
131.88000,1.02193,0.75003,0.23473,0.00726,0.00798
132.02000,1.02193,0.57078,0.40782,0.00861,0.01279
132.16000,1.02193,0.37679,0.61035,0.00660,0.00625
132.30000,1.02193,0.62264,0.36270,0.00584,0.00882
132.44000,1.02194,0.42920,0.56040,0.00574,0.00465
132.58000,1.02194,0.42103,0.57178,0.00160,0.00559
132.72000,1.02194,0.11881,0.87963,0.00099,0.00056
132.86000,1.02194,0.19561,0.79977,0.00251,0.00210
133.00000,1.02194,0.09989,0.89807,0.00123,0.00081
133.14000,1.02194,0.08175,0.91666,0.00095,0.00064
133.28000,1.02194,0.27103,0.72364,0.00267,0.00266
133.42000,1.02194,0.31611,0.67774,0.00129,0.00486
133.56000,1.02194,0.20625,0.78674,0.00063,0.00637
133.70000,1.02194,0.29257,0.69673,0.00125,0.00945
133.84000,1.02194,0.22630,0.76738,0.00108,0.00524
133.98000,1.02194,0.34356,0.64973,0.00124,0.00548
134.12000,1.02194,0.11425,0.88408,0.00077,0.00090
134.25999,1.02194,0.18895,0.80952,0.00087,0.00066
134.39999,1.02194,0.58818,0.40793,0.00288,0.00101
134.53999,1.02194,0.90959,0.08635,0.00227,0.00179
134.67999,1.02194,0.80063,0.19654,0.00227,0.00056
134.82001,1.02193,0.91347,0.08066,0.00438,0.00150
134.96001,1.02193,0.97300,0.02321,0.00263,0.00116
135.10001,1.02193,0.99162,0.00643,0.00144,0.00051
135.24001,1.02193,0.99184,0.00561,0.00186,0.00069
135.38000,1.02193,0.98801,0.00769,0.00276,0.00154
135.52000,1.02193,0.96909,0.02694,0.00321,0.00077
135.66000,1.02193,0.99434,0.00350,0.00170,0.00046
135.80000,1.02193,0.99471,0.00366,0.00138,0.00025
135.94000,1.02194,0.99560,0.00278,0.00135,0.00028
136.08000,1.02194,0.99607,0.00239,0.00119,0.00036
136.22000,1.02194,0.99853,0.00083,0.00043,0.00021
136.36000,1.02194,0.99740,0.00179,0.00070,0.00010
136.50000,1.02194,0.99678,0.00241,0.00070,0.00011
136.64000,1.02194,0.99675,0.00226,0.00085,0.00013
136.78000,1.02194,0.99481,0.00333,0.00154,0.00032
136.92000,1.02194,0.99230,0.00579,0.00164,0.00027
137.06000,1.02194,0.99414,0.00405,0.00149,0.00032
137.20000,1.02194,0.99488,0.00322,0.00147,0.00042
137.34000,1.02194,0.99556,0.00310,0.00114,0.00020
137.48000,1.02194,0.99730,0.00164,0.00076,0.00029
137.62000,1.02194,0.99529,0.00350,0.00087,0.00034
137.75999,1.02194,0.99019,0.00846,0.00111,0.00024
137.89999,1.02194,0.99225,0.00633,0.00108,0.00034
138.03999,1.02194,0.99435,0.00442,0.00092,0.00031
138.17999,1.02194,0.99213,0.00621,0.00130,0.00036
138.32001,1.02193,0.98779,0.01010,0.00178,0.00032
138.46001,1.02193,0.98744,0.01080,0.00158,0.00019
138.60001,1.02193,0.99653,0.00176,0.00123,0.00047
138.74001,1.02193,0.99404,0.00319,0.00219,0.00059
138.88000,1.02193,0.98253,0.00996,0.00355,0.00396
139.02000,1.02193,0.94868,0.00970,0.00447,0.03715
139.16000,1.02193,0.80315,0.00329,0.00612,0.18745
139.30000,1.02193,0.67929,0.00194,0.00799,0.31077
139.44000,1.02194,0.82620,0.00087,0.00141,0.17151
139.58000,1.02194,0.88134,0.00167,0.00246,0.11453
139.72000,1.02194,0.95677,0.00327,0.00498,0.03498
139.86000,1.02194,0.99011,0.00198,0.00243,0.00548
140.00000,1.02194,0.98234,0.01005,0.00448,0.00313
140.14000,1.02194,0.93360,0.05145,0.01018,0.00477
140.28000,1.02194,0.96196,0.02242,0.00787,0.00775
140.42000,1.02194,0.96083,0.02099,0.00566,0.01252
140.56000,1.02194,0.90420,0.05709,0.02136,0.01735
140.70000,1.02194,0.88019,0.04828,0.03200,0.03953
140.84000,1.02194,0.88166,0.03109,0.03004,0.05720
140.98000,1.02194,0.93050,0.03690,0.02450,0.00810
141.12000,1.02194,0.96736,0.01022,0.01130,0.01111
141.25999,1.02194,0.98798,0.00456,0.00452,0.00294
141.39999,1.02194,0.99358,0.00334,0.00216,0.00092
141.53999,1.02194,0.99766,0.00126,0.00065,0.00043
141.67999,1.02194,0.99659,0.00235,0.00086,0.00020
141.82001,1.02193,0.99581,0.00289,0.00100,0.00030
141.96001,1.02193,0.99487,0.00367,0.00126,0.00020
142.10001,1.02193,0.99623,0.00238,0.00111,0.00027
142.24001,1.02193,0.99344,0.00495,0.00146,0.00015
142.38000,1.02193,0.99519,0.00346,0.00118,0.00017
142.52000,1.02193,0.99519,0.00347,0.00119,0.00015
142.66000,1.02193,0.99602,0.00298,0.00090,0.00011
142.80000,1.02193,0.99750,0.00175,0.00063,0.00012
142.94000,1.02194,0.99780,0.00144,0.00062,0.00014
143.08000,1.02194,0.99782,0.00156,0.00053,0.00009
143.22000,1.02194,0.99798,0.00141,0.00051,0.00010
143.36000,1.02194,0.99796,0.00142,0.00053,0.00010
143.50000,1.02194,0.99764,0.00164,0.00061,0.00011
143.64000,1.02194,0.99739,0.00187,0.00065,0.00009
143.78000,1.02194,0.99745,0.00179,0.00065,0.00011
143.92000,1.02194,0.99732,0.00188,0.00069,0.00011
144.06000,1.02194,0.99718,0.00199,0.00072,0.00010
144.20000,1.02194,0.99796,0.00140,0.00054,0.00010
144.34000,1.02194,0.99799,0.00141,0.00051,0.00009
144.48000,1.02194,0.99805,0.00136,0.00050,0.00008
144.62000,1.02194,0.99826,0.00119,0.00046,0.00009
144.75999,1.02194,0.99824,0.00123,0.00045,0.00008
144.89999,1.02194,0.99822,0.00121,0.00048,0.00009
145.03999,1.02194,0.99822,0.00121,0.00048,0.00009
145.17999,1.02194,0.99819,0.00126,0.00047,0.00008
145.32001,1.02193,0.99828,0.00117,0.00046,0.00009
145.46001,1.02193,0.99797,0.00147,0.00048,0.00009
145.60001,1.02193,0.99781,0.00159,0.00052,0.00008
145.74001,1.02193,0.99806,0.00132,0.00052,0.00010
145.88000,1.02193,0.99829,0.00116,0.00046,0.00010
146.02000,1.02193,0.99837,0.00102,0.00049,0.00013
146.16000,1.02193,0.99756,0.00165,0.00064,0.00015
146.30000,1.02193,0.99747,0.00186,0.00057,0.00010
146.44000,1.02194,0.99627,0.00289,0.00073,0.00012
146.58000,1.02194,0.98101,0.01765,0.00106,0.00027
146.72000,1.02194,0.93931,0.05898,0.00125,0.00046
146.86000,1.02194,0.84921,0.14843,0.00141,0.00095
147.00000,1.02194,0.61144,0.38618,0.00188,0.00049
147.14000,1.02194,0.62955,0.36808,0.00184,0.00053
147.28000,1.02194,0.60785,0.38840,0.00322,0.00053
147.42000,1.02194,0.82459,0.17342,0.00172,0.00027
147.56000,1.02194,0.94880,0.04937,0.00161,0.00023
147.70000,1.02194,0.96245,0.03371,0.00338,0.00046
147.84000,1.02194,0.98496,0.01114,0.00340,0.00050
147.98000,1.02194,0.97649,0.01273,0.00940,0.00138
148.12000,1.02194,0.94694,0.03441,0.01071,0.00794
148.25999,1.02194,0.96484,0.01183,0.01022,0.01312
148.39999,1.02194,0.82298,0.02554,0.04610,0.10537
148.53999,1.02194,0.66484,0.05620,0.05408,0.22488
148.67999,1.02194,0.71480,0.01586,0.01699,0.25235
148.82001,1.02193,0.72730,0.03356,0.03282,0.20632
148.96001,1.02193,0.61592,0.00793,0.02981,0.34634
149.10001,1.02193,0.54964,0.02006,0.01280,0.41750
149.24001,1.02193,0.83463,0.00935,0.00781,0.14822
149.38000,1.02193,0.97645,0.00167,0.00201,0.01987
149.52000,1.02193,0.98357,0.00453,0.00310,0.00880
149.66000,1.02193,0.95965,0.01569,0.00640,0.01826
149.80000,1.02193,0.95273,0.03007,0.00821,0.00899
149.94000,1.02194,0.98810,0.00562,0.00396,0.00233
150.08000,1.02194,0.93557,0.05011,0.00982,0.00450
150.22000,1.02194,0.94412,0.03222,0.01689,0.00677
150.36000,1.02194,0.98184,0.00800,0.00597,0.00419
150.50000,1.02194,0.99299,0.00379,0.00179,0.00142
150.64000,1.02194,0.99381,0.00417,0.00123,0.00079
150.78000,1.02194,0.99003,0.00649,0.00270,0.00077
150.92000,1.02194,0.99107,0.00727,0.00151,0.00015
151.06000,1.02194,0.98774,0.01079,0.00128,0.00019
151.20000,1.02194,0.94221,0.05575,0.00164,0.00040
151.34000,1.02194,0.79818,0.19821,0.00256,0.00105
151.48000,1.02194,0.60821,0.38742,0.00269,0.00169
151.62000,1.02194,0.21141,0.78575,0.00139,0.00146
151.75999,1.02194,0.09156,0.90392,0.00140,0.00312
151.89999,1.02194,0.02263,0.97647,0.00044,0.00046
152.03999,1.02194,0.01735,0.98213,0.00028,0.00024
152.17999,1.02194,0.01290,0.98687,0.00014,0.00010
152.32001,1.02193,0.01643,0.98303,0.00033,0.00020
152.46001,1.02193,0.01693,0.98258,0.00035,0.00013
152.60001,1.02193,0.03679,0.96103,0.00104,0.00114
152.74001,1.02193,0.04216,0.95514,0.00084,0.00186
152.88000,1.02193,0.05058,0.94508,0.00070,0.00365
153.02000,1.02193,0.05660,0.93643,0.00204,0.00493
153.16000,1.02193,0.05241,0.94437,0.00100,0.00223
153.30000,1.02193,0.04564,0.95085,0.00156,0.00195
153.44000,1.02194,0.01715,0.98226,0.00035,0.00024
153.58000,1.02194,0.01387,0.98575,0.00024,0.00015
153.72000,1.02194,0.01103,0.98874,0.00016,0.00008
153.86000,1.02194,0.00987,0.98997,0.00009,0.00007
154.00000,1.02194,0.00862,0.99124,0.00009,0.00005
154.14000,1.02194,0.00758,0.99231,0.00006,0.00005
154.28000,1.02194,0.00682,0.99309,0.00006,0.00004
154.42000,1.02194,0.00630,0.99361,0.00006,0.00004
154.56000,1.02194,0.00547,0.99447,0.00004,0.00003
154.70000,1.02194,0.00529,0.99465,0.00003,0.00003
154.84000,1.02194,0.00549,0.99445,0.00003,0.00003
154.98000,1.02194,0.00537,0.99456,0.00003,0.00003
155.12000,1.02194,0.00534,0.99460,0.00003,0.00003
155.25999,1.02194,0.00531,0.99463,0.00003,0.00004
155.39999,1.02194,0.00517,0.99477,0.00003,0.00004
155.53999,1.02194,0.00490,0.99505,0.00003,0.00002
155.67999,1.02194,0.00522,0.99472,0.00003,0.00003
155.82001,1.02193,0.00514,0.99481,0.00003,0.00003
155.96001,1.02193,0.00497,0.99498,0.00003,0.00002
156.10001,1.02193,0.00488,0.99507,0.00003,0.00003
156.24001,1.02193,0.00471,0.99525,0.00002,0.00002
156.38000,1.02193,0.00488,0.99507,0.00003,0.00003
156.52000,1.02193,0.00467,0.99527,0.00003,0.00003
156.66000,1.02193,0.00420,0.99575,0.00002,0.00002
156.80000,1.02193,0.00418,0.99578,0.00002,0.00002
156.94000,1.02194,0.00419,0.99576,0.00002,0.00002
157.08000,1.02194,0.00409,0.99587,0.00002,0.00002
157.22000,1.02194,0.00449,0.99546,0.00002,0.00003
157.36000,1.02194,0.00478,0.99516,0.00003,0.00003
157.50000,1.02194,0.00511,0.99483,0.00003,0.00003
157.64000,1.02194,0.00538,0.99455,0.00003,0.00004
157.78000,1.02194,0.00505,0.99489,0.00003,0.00003
157.92000,1.02194,0.00524,0.99470,0.00003,0.00003
158.06000,1.02194,0.00565,0.99428,0.00004,0.00003
158.20000,1.02194,0.00555,0.99439,0.00003,0.00004
158.34000,1.02194,0.00466,0.99529,0.00002,0.00002
158.48000,1.02194,0.00485,0.99510,0.00003,0.00002
158.62000,1.02194,0.00483,0.99511,0.00003,0.00002
158.75999,1.02194,0.00424,0.99572,0.00002,0.00002
158.89999,1.02194,0.00407,0.99588,0.00002,0.00002
159.03999,1.02194,0.00413,0.99583,0.00002,0.00002
159.17999,1.02194,0.00419,0.99577,0.00002,0.00002
159.32001,1.02193,0.00448,0.99546,0.00002,0.00004
159.46001,1.02193,0.00472,0.99521,0.00002,0.00004
159.60001,1.02193,0.00492,0.99501,0.00003,0.00005
159.74001,1.02193,0.00546,0.99446,0.00004,0.00005
159.88000,1.02193,0.00557,0.99435,0.00003,0.00005
160.02000,1.02193,0.00583,0.99408,0.00005,0.00004
160.16000,1.02193,0.00525,0.99468,0.00003,0.00004
160.30000,1.02193,0.00542,0.99452,0.00004,0.00003
160.44000,1.02194,0.00547,0.99447,0.00004,0.00003
160.58000,1.02194,0.00520,0.99474,0.00003,0.00003
160.72000,1.02194,0.00535,0.99459,0.00003,0.00003
160.86000,1.02194,0.00581,0.99411,0.00004,0.00003
161.00000,1.02194,0.00543,0.99452,0.00003,0.00003
161.14000,1.02194,0.00576,0.99418,0.00004,0.00003
161.28000,1.02194,0.00599,0.99393,0.00004,0.00003
161.42000,1.02194,0.00651,0.99340,0.00005,0.00004
161.56000,1.02194,0.00616,0.99376,0.00003,0.00004
161.70000,1.02194,0.00644,0.99347,0.00004,0.00005
161.84000,1.02194,0.00691,0.99299,0.00005,0.00004
161.98000,1.02194,0.00678,0.99314,0.00005,0.00004
162.12000,1.02194,0.00712,0.99277,0.00007,0.00004
162.25999,1.02194,0.00678,0.99313,0.00005,0.00004
162.39999,1.02194,0.00668,0.99323,0.00005,0.00004
162.53999,1.02194,0.00725,0.99265,0.00005,0.00005
162.67999,1.02194,0.00779,0.99209,0.00005,0.00007
162.82001,1.02193,0.00826,0.99162,0.00007,0.00005
162.96001,1.02193,0.00780,0.99208,0.00007,0.00004
163.10001,1.02193,0.00778,0.99212,0.00006,0.00004
163.24001,1.02193,0.00903,0.99085,0.00008,0.00005
163.38000,1.02193,0.01010,0.98969,0.00012,0.00009
163.52000,1.02193,0.00887,0.99100,0.00007,0.00006
163.66000,1.02193,0.00845,0.99141,0.00008,0.00005
163.80000,1.02193,0.00945,0.99039,0.00010,0.00006
163.94000,1.02194,0.00925,0.99057,0.00009,0.00009
164.08000,1.02194,0.00876,0.99109,0.00009,0.00006
164.22000,1.02194,0.00718,0.99272,0.00005,0.00005
164.36000,1.02194,0.00758,0.99230,0.00008,0.00005
164.50000,1.02194,0.00743,0.99244,0.00008,0.00005
164.64000,1.02194,0.00737,0.99249,0.00009,0.00005
164.78000,1.02194,0.00566,0.99427,0.00004,0.00003
164.92000,1.02194,0.00570,0.99421,0.00004,0.00005
165.06000,1.02194,0.00517,0.99476,0.00003,0.00004
165.20000,1.02194,0.00519,0.99474,0.00003,0.00004
165.34000,1.02194,0.00507,0.99486,0.00003,0.00004
165.48000,1.02194,0.00592,0.99399,0.00004,0.00005
165.62000,1.02194,0.00569,0.99423,0.00004,0.00004
165.75999,1.02194,0.00624,0.99366,0.00004,0.00005
165.89999,1.02194,0.00616,0.99376,0.00004,0.00004
166.03999,1.02194,0.00683,0.99307,0.00006,0.00005
166.17999,1.02194,0.00646,0.99343,0.00005,0.00006
166.32001,1.02193,0.00761,0.99226,0.00007,0.00006
166.46001,1.02193,0.00685,0.99306,0.00006,0.00004
166.60001,1.02193,0.00746,0.99242,0.00007,0.00005
166.74001,1.02193,0.00747,0.99242,0.00006,0.00006
166.88000,1.02193,0.00622,0.99370,0.00005,0.00004
167.02000,1.02193,0.00550,0.99444,0.00003,0.00003
167.16000,1.02193,0.00520,0.99473,0.00004,0.00003
167.30000,1.02193,0.00522,0.99471,0.00004,0.00004
167.44000,1.02194,0.00474,0.99521,0.00003,0.00002
167.58000,1.02194,0.00589,0.99401,0.00005,0.00005
167.72000,1.02194,0.00663,0.99327,0.00004,0.00006
167.86000,1.02194,0.00671,0.99318,0.00006,0.00005
168.00000,1.02194,0.00713,0.99276,0.00005,0.00007
168.14000,1.02194,0.00626,0.99365,0.00004,0.00005
168.28000,1.02194,0.00681,0.99309,0.00005,0.00004
168.42000,1.02194,0.00693,0.99298,0.00004,0.00005
168.56000,1.02194,0.00793,0.99195,0.00007,0.00004
168.70000,1.02194,0.00873,0.99112,0.00009,0.00006
168.84000,1.02194,0.00837,0.99152,0.00006,0.00005
168.98000,1.02194,0.01166,0.98799,0.00019,0.00015
169.12000,1.02194,0.01120,0.98848,0.00009,0.00023
169.25999,1.02194,0.01017,0.98962,0.00010,0.00011
169.39999,1.02194,0.00861,0.99122,0.00005,0.00012
169.53999,1.02194,0.00861,0.99119,0.00006,0.00014
169.67999,1.02194,0.00702,0.99287,0.00005,0.00005
169.82001,1.02193,0.00574,0.99419,0.00004,0.00004
169.96001,1.02193,0.00538,0.99455,0.00003,0.00003
170.10001,1.02193,0.00454,0.99541,0.00002,0.00002
170.24001,1.02193,0.00454,0.99541,0.00002,0.00003
170.38000,1.02193,0.00609,0.99379,0.00005,0.00007
170.52000,1.02193,0.00554,0.99437,0.00003,0.00006
170.66000,1.02193,0.00712,0.99272,0.00006,0.00010
170.80000,1.02193,0.00647,0.99342,0.00004,0.00007
170.94000,1.02194,0.00713,0.99273,0.00006,0.00008
171.08000,1.02194,0.00724,0.99266,0.00006,0.00004
171.22000,1.02194,0.00694,0.99298,0.00005,0.00003
171.36000,1.02194,0.00823,0.99165,0.00007,0.00005
171.50000,1.02194,0.00957,0.99029,0.00009,0.00005
171.64000,1.02194,0.00968,0.99017,0.00008,0.00006
171.78000,1.02194,0.00921,0.99067,0.00007,0.00005
171.92000,1.02194,0.00824,0.99163,0.00007,0.00006
172.06000,1.02194,0.00803,0.99186,0.00005,0.00006
172.20000,1.02194,0.00710,0.99281,0.00005,0.00004
172.34000,1.02194,0.00784,0.99204,0.00007,0.00005
172.48000,1.02194,0.00634,0.99357,0.00005,0.00004
172.62000,1.02194,0.00610,0.99383,0.00004,0.00003
172.75999,1.02194,0.00608,0.99386,0.00004,0.00003
172.89999,1.02194,0.00561,0.99433,0.00004,0.00003
173.03999,1.02194,0.00484,0.99511,0.00003,0.00003
173.17999,1.02194,0.00450,0.99545,0.00002,0.00002
173.32001,1.02193,0.00426,0.99570,0.00002,0.00002
173.46001,1.02193,0.00401,0.99595,0.00002,0.00002
173.60001,1.02193,0.00407,0.99589,0.00002,0.00002
173.74001,1.02193,0.00438,0.99558,0.00002,0.00002
173.88000,1.02193,0.00456,0.99539,0.00002,0.00002
174.02000,1.02193,0.00489,0.99506,0.00002,0.00003
174.16000,1.02193,0.00562,0.99431,0.00003,0.00003
174.30000,1.02193,0.00588,0.99404,0.00004,0.00004
174.44000,1.02194,0.00610,0.99383,0.00004,0.00003
174.58000,1.02194,0.00679,0.99312,0.00005,0.00004
174.72000,1.02194,0.00844,0.99141,0.00010,0.00006
174.86000,1.02194,0.00864,0.99122,0.00009,0.00005
175.00000,1.02194,0.00912,0.99074,0.00009,0.00005
175.14000,1.02194,0.01172,0.98802,0.00016,0.00010
175.28000,1.02194,0.01660,0.98283,0.00028,0.00029
175.42000,1.02194,0.01091,0.98884,0.00012,0.00013
175.56000,1.02194,0.01566,0.98388,0.00025,0.00022
175.70000,1.02194,0.01418,0.98539,0.00017,0.00026
175.84000,1.02194,0.01955,0.97952,0.00026,0.00066
175.98000,1.02194,0.01203,0.98768,0.00016,0.00014
176.12000,1.02194,0.01174,0.98801,0.00016,0.00009
176.25999,1.02194,0.01144,0.98836,0.00012,0.00008
176.39999,1.02194,0.01419,0.98539,0.00024,0.00018
176.53999,1.02194,0.01103,0.98878,0.00011,0.00008
176.67999,1.02194,0.01195,0.98780,0.00018,0.00006
176.82001,1.02193,0.00966,0.99018,0.00008,0.00008
176.96001,1.02193,0.00991,0.98987,0.00011,0.00011
177.10001,1.02193,0.00711,0.99281,0.00005,0.00004
177.24001,1.02193,0.00595,0.99399,0.00004,0.00003
177.38000,1.02193,0.00559,0.99435,0.00003,0.00003
177.52000,1.02193,0.00629,0.99363,0.00005,0.00003
177.66000,1.02193,0.00626,0.99366,0.00004,0.00003
177.80000,1.02193,0.00675,0.99316,0.00005,0.00003
177.94000,1.02194,0.00728,0.99263,0.00005,0.00003
178.08000,1.02194,0.00763,0.99227,0.00006,0.00003
178.22000,1.02194,0.00829,0.99161,0.00007,0.00003
178.36000,1.02194,0.01018,0.98968,0.00009,0.00004
178.50000,1.02194,0.01156,0.98828,0.00012,0.00004
178.64000,1.02194,0.01420,0.98557,0.00015,0.00009
178.78000,1.02194,0.01559,0.98418,0.00016,0.00008
178.92000,1.02194,0.01654,0.98323,0.00015,0.00008
179.06000,1.02194,0.01877,0.98083,0.00026,0.00014
179.20000,1.02194,0.01651,0.98322,0.00018,0.00010
179.34000,1.02194,0.01515,0.98463,0.00015,0.00007
179.48000,1.02194,0.01479,0.98502,0.00013,0.00005
179.62000,1.02194,0.01375,0.98606,0.00014,0.00005
179.75999,1.02194,0.01188,0.98796,0.00011,0.00005
179.89999,1.02194,0.00975,0.99014,0.00008,0.00004
180.03999,1.02194,0.00939,0.99048,0.00010,0.00004
180.17999,1.02194,0.00706,0.99285,0.00005,0.00003
180.32001,1.02193,0.00596,0.99397,0.00004,0.00003
180.46001,1.02193,0.00559,0.99435,0.00003,0.00003
180.60001,1.02193,0.00589,0.99405,0.00003,0.00003
180.74001,1.02193,0.00577,0.99417,0.00004,0.00003
180.88000,1.02193,0.00645,0.99347,0.00005,0.00003
181.02000,1.02193,0.00671,0.99322,0.00004,0.00003
181.16000,1.02193,0.00842,0.99147,0.00007,0.00004
181.30000,1.02193,0.00979,0.99010,0.00007,0.00004
181.44000,1.02194,0.01178,0.98809,0.00009,0.00004
181.58000,1.02194,0.01289,0.98697,0.00008,0.00005
181.72000,1.02194,0.01152,0.98835,0.00007,0.00005
181.86000,1.02194,0.01133,0.98855,0.00007,0.00004
182.00000,1.02194,0.00973,0.99016,0.00007,0.00005
182.14000,1.02194,0.01126,0.98862,0.00009,0.00004
182.28000,1.02194,0.00905,0.99080,0.00010,0.00005
182.42000,1.02194,0.00700,0.99291,0.00006,0.00003
182.56000,1.02194,0.00731,0.99260,0.00005,0.00003
182.70000,1.02194,0.00826,0.99164,0.00007,0.00003
182.84000,1.02194,0.00994,0.98992,0.00010,0.00004
182.98000,1.02194,0.01160,0.98822,0.00012,0.00006
183.12000,1.02194,0.01738,0.98236,0.00018,0.00008
183.25999,1.02194,0.01998,0.97971,0.00019,0.00012
183.39999,1.02194,0.02337,0.97627,0.00023,0.00013
183.53999,1.02194,0.02433,0.97532,0.00022,0.00013
183.67999,1.02194,0.02449,0.97517,0.00023,0.00011
183.82001,1.02193,0.02622,0.97328,0.00037,0.00013
183.96001,1.02193,0.02232,0.97703,0.00046,0.00019
184.10001,1.02193,0.01209,0.98765,0.00019,0.00007
184.24001,1.02193,0.00864,0.99120,0.00011,0.00005
184.38000,1.02193,0.00661,0.99329,0.00006,0.00003
184.52000,1.02193,0.00564,0.99428,0.00005,0.00003
184.66000,1.02193,0.00464,0.99530,0.00004,0.00003
184.80000,1.02193,0.00412,0.99583,0.00003,0.00002
184.94000,1.02194,0.00354,0.99642,0.00002,0.00002
185.08000,1.02194,0.00329,0.99668,0.00002,0.00002
185.22000,1.02194,0.00301,0.99696,0.00001,0.00001
185.36000,1.02194,0.00300,0.99697,0.00001,0.00002
185.50000,1.02194,0.00301,0.99695,0.00001,0.00002
185.64000,1.02194,0.00298,0.99699,0.00001,0.00002
185.78000,1.02194,0.00303,0.99694,0.00001,0.00002
185.92000,1.02194,0.00313,0.99684,0.00002,0.00002
186.06000,1.02194,0.00345,0.99651,0.00002,0.00002
186.20000,1.02194,0.00389,0.99606,0.00003,0.00002
186.34000,1.02194,0.00453,0.99541,0.00004,0.00002
186.48000,1.02194,0.00450,0.99544,0.00003,0.00002
186.62000,1.02194,0.00509,0.99483,0.00005,0.00003
186.75999,1.02194,0.00504,0.99489,0.00004,0.00003
186.89999,1.02194,0.00481,0.99512,0.00004,0.00003
187.03999,1.02194,0.00493,0.99499,0.00004,0.00003
187.17999,1.02194,0.00510,0.99483,0.00004,0.00003
187.32001,1.02193,0.00521,0.99473,0.00004,0.00003
187.46001,1.02193,0.00615,0.99377,0.00005,0.00003
187.60001,1.02193,0.00748,0.99242,0.00007,0.00003
187.74001,1.02193,0.00733,0.99257,0.00006,0.00003
187.88000,1.02193,0.00796,0.99192,0.00007,0.00004
188.02000,1.02193,0.00825,0.99163,0.00008,0.00004
188.16000,1.02193,0.00814,0.99173,0.00008,0.00004
188.30000,1.02193,0.00812,0.99173,0.00010,0.00004
188.44000,1.02194,0.00736,0.99252,0.00007,0.00004
188.58000,1.02194,0.00768,0.99220,0.00009,0.00004
188.72000,1.02194,0.00819,0.99168,0.00009,0.00005
188.86000,1.02194,0.00988,0.98989,0.00014,0.00009
189.00000,1.02194,0.00972,0.99007,0.00015,0.00007
189.14000,1.02194,0.00888,0.99094,0.00011,0.00007
189.28000,1.02194,0.00798,0.99187,0.00009,0.00006
189.42000,1.02194,0.00835,0.99147,0.00011,0.00006
189.56000,1.02194,0.00637,0.99352,0.00007,0.00004
189.70000,1.02194,0.00548,0.99444,0.00005,0.00003
189.84000,1.02194,0.00576,0.99416,0.00005,0.00004
189.98000,1.02194,0.00539,0.99454,0.00004,0.00003
190.12000,1.02194,0.00545,0.99448,0.00004,0.00003
190.25999,1.02194,0.00575,0.99417,0.00005,0.00004
190.39999,1.02194,0.00625,0.99366,0.00005,0.00003
190.53999,1.02194,0.00638,0.99353,0.00006,0.00003
190.67999,1.02194,0.00602,0.99391,0.00005,0.00003
190.82001,1.02193,0.00628,0.99364,0.00005,0.00004
190.96001,1.02193,0.00640,0.99351,0.00006,0.00003
191.10001,1.02193,0.00633,0.99358,0.00005,0.00004
191.24001,1.02193,0.00636,0.99355,0.00005,0.00004
191.38000,1.02193,0.00653,0.99338,0.00005,0.00005
191.52000,1.02193,0.00712,0.99278,0.00006,0.00004
191.66000,1.02193,0.00706,0.99285,0.00007,0.00003
191.80000,1.02193,0.00721,0.99268,0.00007,0.00004
191.94000,1.02194,0.00739,0.99251,0.00007,0.00003
192.08000,1.02194,0.00737,0.99254,0.00006,0.00003
192.22000,1.02194,0.00798,0.99190,0.00009,0.00004
192.36000,1.02194,0.00743,0.99247,0.00007,0.00003
192.50000,1.02194,0.00763,0.99226,0.00008,0.00004
192.64000,1.02194,0.00713,0.99277,0.00006,0.00003
192.78000,1.02194,0.00715,0.99275,0.00007,0.00003
192.92000,1.02194,0.00708,0.99283,0.00007,0.00003
193.06000,1.02194,0.00675,0.99316,0.00006,0.00004
193.20000,1.02194,0.00682,0.99308,0.00006,0.00003
193.34000,1.02194,0.00616,0.99376,0.00005,0.00003
193.48000,1.02194,0.00618,0.99373,0.00005,0.00003
193.62000,1.02194,0.00621,0.99370,0.00006,0.00003
193.75999,1.02194,0.00589,0.99403,0.00005,0.00003
193.89999,1.02194,0.00541,0.99452,0.00005,0.00003
194.03999,1.02194,0.00494,0.99500,0.00004,0.00002
194.17999,1.02194,0.00514,0.99480,0.00004,0.00003
194.32001,1.02193,0.00500,0.99493,0.00004,0.00003
194.46001,1.02193,0.00556,0.99436,0.00005,0.00003
194.60001,1.02193,0.00544,0.99448,0.00004,0.00003
194.74001,1.02193,0.00576,0.99417,0.00005,0.00003
194.88000,1.02193,0.00670,0.99320,0.00006,0.00003
195.02000,1.02193,0.00720,0.99270,0.00007,0.00003
195.16000,1.02193,0.00820,0.99168,0.00008,0.00003
195.30000,1.02193,0.01042,0.98944,0.00011,0.00003
195.44000,1.02194,0.01246,0.98737,0.00013,0.00004
195.58000,1.02194,0.01331,0.98653,0.00012,0.00004
195.72000,1.02194,0.01419,0.98563,0.00013,0.00004
195.86000,1.02194,0.01559,0.98422,0.00014,0.00005
196.00000,1.02194,0.01724,0.98254,0.00017,0.00005
196.14000,1.02194,0.01663,0.98313,0.00019,0.00006
196.28000,1.02194,0.01587,0.98394,0.00014,0.00004
196.42000,1.02194,0.01705,0.98276,0.00015,0.00004
196.56000,1.02194,0.01810,0.98167,0.00018,0.00005
196.70000,1.02194,0.01739,0.98240,0.00017,0.00004
196.84000,1.02194,0.01838,0.98137,0.00019,0.00005
196.98000,1.02194,0.01671,0.98311,0.00014,0.00004
197.12000,1.02194,0.01725,0.98252,0.00018,0.00005
197.25999,1.02194,0.01702,0.98277,0.00016,0.00004
197.39999,1.02194,0.01895,0.98082,0.00018,0.00005
197.53999,1.02194,0.01735,0.98246,0.00015,0.00004
197.67999,1.02194,0.01855,0.98124,0.00016,0.00005
197.82001,1.02193,0.02014,0.97965,0.00018,0.00004
197.96001,1.02193,0.02505,0.97465,0.00024,0.00005
198.10001,1.02193,0.02111,0.97865,0.00019,0.00005
198.24001,1.02193,0.02238,0.97737,0.00020,0.00005
198.38000,1.02193,0.01914,0.98066,0.00016,0.00004
198.52000,1.02193,0.01990,0.97982,0.00022,0.00005
198.66000,1.02193,0.01592,0.98385,0.00018,0.00006
198.80000,1.02193,0.01458,0.98518,0.00019,0.00005
198.94000,1.02194,0.01130,0.98852,0.00014,0.00004
199.08000,1.02194,0.00987,0.98997,0.00012,0.00005
199.22000,1.02194,0.00808,0.99181,0.00008,0.00003
199.36000,1.02194,0.00744,0.99246,0.00007,0.00003
199.50000,1.02194,0.00698,0.99292,0.00006,0.00003
199.64000,1.02194,0.00576,0.99416,0.00005,0.00003
199.78000,1.02194,0.00470,0.99525,0.00003,0.00002
199.92000,1.02194,0.00383,0.99613,0.00002,0.00002
200.06000,1.02194,0.00338,0.99659,0.00002,0.00002
200.20000,1.02194,0.00305,0.99692,0.00001,0.00002
200.34000,1.02194,0.00273,0.99725,0.00001,0.00001
200.48000,1.02194,0.00260,0.99738,0.00001,0.00001
200.62000,1.02194,0.00271,0.99727,0.00001,0.00001
200.75999,1.02194,0.00332,0.99665,0.00002,0.00002
200.89999,1.02194,0.00338,0.99659,0.00001,0.00002
201.03999,1.02194,0.00309,0.99688,0.00001,0.00002
201.17999,1.02194,0.00292,0.99705,0.00001,0.00002
201.32001,1.02193,0.00287,0.99710,0.00001,0.00002
201.46001,1.02193,0.00270,0.99727,0.00001,0.00002
201.60001,1.02193,0.00212,0.99787,0.00000,0.00001
201.74001,1.02193,0.00180,0.99819,0.00000,0.00001
201.88000,1.02193,0.00173,0.99826,0.00000,0.00001
202.02000,1.02193,0.00172,0.99827,0.00000,0.00001
202.16000,1.02193,0.00186,0.99813,0.00000,0.00001
202.30000,1.02193,0.00207,0.99791,0.00000,0.00001
202.44000,1.02194,0.00238,0.99760,0.00001,0.00001
202.58000,1.02194,0.00280,0.99718,0.00001,0.00002
202.72000,1.02194,0.00331,0.99666,0.00001,0.00002
202.86000,1.02194,0.00371,0.99626,0.00001,0.00002
203.00000,1.02194,0.00417,0.99579,0.00002,0.00002
203.14000,1.02194,0.00429,0.99567,0.00002,0.00002
203.28000,1.02194,0.00427,0.99569,0.00002,0.00002
203.42000,1.02194,0.00419,0.99577,0.00002,0.00002
203.56000,1.02194,0.00411,0.99585,0.00002,0.00002
203.70000,1.02194,0.00393,0.99603,0.00002,0.00002
203.84000,1.02194,0.00381,0.99616,0.00002,0.00002
203.98000,1.02194,0.00380,0.99617,0.00002,0.00002
204.12000,1.02194,0.00378,0.99619,0.00002,0.00002
204.25999,1.02194,0.00367,0.99629,0.00002,0.00002
204.39999,1.02194,0.00348,0.99649,0.00001,0.00002
204.53999,1.02194,0.00340,0.99657,0.00001,0.00002
204.67999,1.02194,0.00319,0.99679,0.00001,0.00002
204.82001,1.02193,0.00306,0.99692,0.00001,0.00002
204.96001,1.02193,0.00298,0.99700,0.00001,0.00002
205.10001,1.02193,0.00296,0.99702,0.00001,0.00002
205.24001,1.02193,0.00289,0.99708,0.00001,0.00002
205.38000,1.02193,0.00290,0.99708,0.00001,0.00001
205.52000,1.02193,0.00320,0.99678,0.00001,0.00002
205.66000,1.02193,0.00331,0.99666,0.00001,0.00002
205.80000,1.02193,0.00344,0.99653,0.00001,0.00002
205.94000,1.02194,0.00352,0.99645,0.00001,0.00002
206.08000,1.02194,0.00362,0.99635,0.00001,0.00002
206.22000,1.02194,0.00370,0.99627,0.00002,0.00002
206.36000,1.02194,0.00365,0.99632,0.00001,0.00002
206.50000,1.02194,0.00352,0.99645,0.00001,0.00002
206.64000,1.02194,0.00337,0.99661,0.00001,0.00002
206.78000,1.02194,0.00343,0.99654,0.00001,0.00002
206.92000,1.02194,0.00336,0.99661,0.00001,0.00002
207.06000,1.02194,0.00344,0.99653,0.00001,0.00002
207.20000,1.02194,0.00346,0.99651,0.00001,0.00002
207.34000,1.02194,0.00348,0.99649,0.00001,0.00002
207.48000,1.02194,0.00353,0.99644,0.00001,0.00002
207.62000,1.02194,0.00355,0.99642,0.00001,0.00002
207.75999,1.02194,0.00362,0.99634,0.00002,0.00002
207.89999,1.02194,0.00355,0.99642,0.00001,0.00002
208.03999,1.02194,0.00376,0.99620,0.00002,0.00002
208.17999,1.02194,0.00356,0.99641,0.00001,0.00002
208.32001,1.02193,0.00362,0.99635,0.00001,0.00002
208.46001,1.02193,0.00384,0.99613,0.00002,0.00002
208.60001,1.02193,0.00431,0.99565,0.00002,0.00002
208.74001,1.02193,0.00497,0.99497,0.00003,0.00002
208.88000,1.02193,0.00583,0.99411,0.00004,0.00003
209.02000,1.02193,0.00716,0.99275,0.00006,0.00003
209.16000,1.02193,0.00863,0.99126,0.00007,0.00003
209.30000,1.02193,0.01015,0.98972,0.00009,0.00004
209.44000,1.02194,0.01085,0.98901,0.00010,0.00004
209.58000,1.02194,0.01179,0.98803,0.00013,0.00005
209.72000,1.02194,0.01174,0.98809,0.00013,0.00004
209.86000,1.02194,0.01223,0.98757,0.00015,0.00005
210.00000,1.02194,0.01172,0.98811,0.00013,0.00004
210.14000,1.02194,0.01191,0.98792,0.00012,0.00005
210.28000,1.02194,0.01481,0.98499,0.00014,0.00005
210.42000,1.02194,0.01892,0.98081,0.00020,0.00007
210.56000,1.02194,0.02266,0.97702,0.00022,0.00010
210.70000,1.02194,0.02214,0.97758,0.00018,0.00009
210.84000,1.02194,0.02590,0.97382,0.00020,0.00008
210.98000,1.02194,0.02903,0.97069,0.00019,0.00009
211.12000,1.02194,0.05856,0.94037,0.00066,0.00040
211.25999,1.02194,0.14166,0.85671,0.00106,0.00057
211.39999,1.02194,0.40421,0.59342,0.00174,0.00063
211.53999,1.02194,0.76007,0.23729,0.00196,0.00068
211.67999,1.02194,0.94298,0.05481,0.00159,0.00061
211.82001,1.02193,0.98394,0.01483,0.00096,0.00027
211.96001,1.02193,0.99742,0.00180,0.00059,0.00019
212.10001,1.02193,0.99889,0.00070,0.00031,0.00011
212.24001,1.02193,0.99886,0.00080,0.00029,0.00006
212.38000,1.02193,0.99894,0.00073,0.00027,0.00006
212.52000,1.02193,0.99884,0.00081,0.00029,0.00006
212.66000,1.02193,0.99897,0.00073,0.00025,0.00005
212.80000,1.02193,0.99901,0.00068,0.00025,0.00006
212.94000,1.02194,0.99905,0.00066,0.00024,0.00005
213.08000,1.02194,0.99897,0.00071,0.00026,0.00006
213.22000,1.02194,0.99899,0.00069,0.00026,0.00006
213.36000,1.02194,0.99893,0.00074,0.00027,0.00006
213.50000,1.02194,0.99887,0.00080,0.00028,0.00005
213.64000,1.02194,0.99889,0.00078,0.00027,0.00005
213.78000,1.02194,0.99902,0.00068,0.00025,0.00006
213.92000,1.02194,0.99902,0.00067,0.00025,0.00006
214.06000,1.02194,0.99893,0.00075,0.00027,0.00005
214.20000,1.02194,0.99889,0.00076,0.00028,0.00006
214.34000,1.02194,0.99875,0.00087,0.00032,0.00006
214.48000,1.02194,0.99863,0.00098,0.00033,0.00005
214.62000,1.02194,0.99879,0.00085,0.00031,0.00005
214.75999,1.02194,0.99880,0.00083,0.00030,0.00006
214.89999,1.02194,0.99873,0.00089,0.00032,0.00006
215.03999,1.02194,0.99866,0.00096,0.00032,0.00006
215.17999,1.02194,0.99877,0.00087,0.00030,0.00006
215.32001,1.02193,0.99882,0.00083,0.00030,0.00006
215.46001,1.02193,0.99893,0.00072,0.00028,0.00007
215.60001,1.02193,0.99876,0.00087,0.00031,0.00006
215.74001,1.02193,0.99876,0.00086,0.00031,0.00006
215.88000,1.02193,0.99870,0.00091,0.00033,0.00006
216.02000,1.02193,0.99881,0.00084,0.00029,0.00006
216.16000,1.02193,0.99896,0.00071,0.00027,0.00006
216.30000,1.02193,0.99898,0.00071,0.00026,0.00006
216.44000,1.02194,0.99880,0.00086,0.00029,0.00005
216.58000,1.02194,0.99885,0.00083,0.00027,0.00005
216.72000,1.02194,0.99882,0.00080,0.00031,0.00007
216.86000,1.02194,0.99894,0.00074,0.00026,0.00006
217.00000,1.02194,0.99893,0.00074,0.00027,0.00006
217.14000,1.02194,0.99888,0.00075,0.00029,0.00007
217.28000,1.02194,0.99876,0.00087,0.00031,0.00006
217.42000,1.02194,0.99888,0.00077,0.00029,0.00006
217.56000,1.02194,0.99890,0.00075,0.00029,0.00007
217.70000,1.02194,0.99869,0.00092,0.00033,0.00006
217.84000,1.02194,0.99870,0.00091,0.00033,0.00006
217.98000,1.02194,0.99870,0.00090,0.00033,0.00006
218.12000,1.02194,0.99881,0.00083,0.00030,0.00006
218.25999,1.02194,0.99886,0.00079,0.00029,0.00006
218.39999,1.02194,0.99877,0.00087,0.00030,0.00006
218.53999,1.02194,0.99867,0.00094,0.00033,0.00006
218.67999,1.02194,0.99870,0.00092,0.00032,0.00006
218.82001,1.02193,0.99872,0.00091,0.00032,0.00006
218.96001,1.02193,0.99874,0.00086,0.00033,0.00007
219.10001,1.02193,0.99849,0.00105,0.00039,0.00007
219.24001,1.02193,0.99840,0.00113,0.00040,0.00007
219.38000,1.02193,0.99849,0.00107,0.00038,0.00006
219.52000,1.02193,0.99862,0.00096,0.00036,0.00007
219.66000,1.02193,0.99843,0.00111,0.00040,0.00007
219.80000,1.02193,0.99848,0.00106,0.00039,0.00007
219.94000,1.02194,0.99851,0.00105,0.00037,0.00006
220.08000,1.02194,0.99847,0.00108,0.00038,0.00006
220.22000,1.02194,0.99845,0.00110,0.00039,0.00006
220.36000,1.02194,0.99862,0.00095,0.00036,0.00007
220.50000,1.02194,0.99866,0.00094,0.00034,0.00006
220.64000,1.02194,0.99860,0.00099,0.00035,0.00006
220.78000,1.02194,0.99861,0.00099,0.00034,0.00006
220.92000,1.02194,0.99876,0.00088,0.00031,0.00006
221.06000,1.02194,0.99883,0.00081,0.00030,0.00007
221.20000,1.02194,0.99887,0.00079,0.00029,0.00006
221.34000,1.02194,0.99861,0.00098,0.00035,0.00006
221.48000,1.02194,0.99856,0.00103,0.00035,0.00006
221.62000,1.02194,0.99870,0.00089,0.00034,0.00007
221.75999,1.02194,0.99873,0.00087,0.00033,0.00007
221.89999,1.02194,0.99868,0.00092,0.00034,0.00006
222.03999,1.02194,0.99865,0.00095,0.00034,0.00006
222.17999,1.02194,0.99857,0.00101,0.00035,0.00006
222.32001,1.02193,0.99856,0.00103,0.00035,0.00006
222.46001,1.02193,0.99870,0.00089,0.00034,0.00007
222.60001,1.02193,0.99865,0.00094,0.00034,0.00007
222.74001,1.02193,0.99871,0.00089,0.00034,0.00007
222.88000,1.02193,0.99842,0.00113,0.00039,0.00006
223.02000,1.02193,0.99857,0.00100,0.00037,0.00006
223.16000,1.02193,0.99873,0.00089,0.00033,0.00006
223.30000,1.02193,0.99876,0.00087,0.00031,0.00006
223.44000,1.02194,0.99883,0.00082,0.00029,0.00005
223.58000,1.02194,0.99888,0.00078,0.00028,0.00006
223.72000,1.02194,0.99893,0.00077,0.00026,0.00005
223.86000,1.02194,0.99913,0.00059,0.00022,0.00006
224.00000,1.02194,0.99906,0.00065,0.00024,0.00006
224.14000,1.02194,0.99898,0.00072,0.00025,0.00005
224.28000,1.02194,0.99898,0.00070,0.00026,0.00006
224.42000,1.02194,0.99902,0.00067,0.00025,0.00006
224.56000,1.02194,0.99878,0.00085,0.00031,0.00006
224.70000,1.02194,0.99879,0.00085,0.00031,0.00006
224.84000,1.02194,0.99868,0.00093,0.00034,0.00006
224.98000,1.02194,0.99857,0.00102,0.00035,0.00006
225.12000,1.02194,0.99879,0.00084,0.00031,0.00006
225.25999,1.02194,0.99865,0.00095,0.00034,0.00006
225.39999,1.02194,0.99867,0.00094,0.00034,0.00006
225.53999,1.02194,0.99867,0.00094,0.00033,0.00006
225.67999,1.02194,0.99881,0.00082,0.00031,0.00006
225.82001,1.02193,0.99873,0.00089,0.00032,0.00006
225.96001,1.02193,0.99875,0.00088,0.00032,0.00005
226.10001,1.02193,0.99883,0.00082,0.00030,0.00006
226.24001,1.02193,0.99888,0.00079,0.00028,0.00005
226.38000,1.02193,0.99882,0.00084,0.00029,0.00005
226.52000,1.02193,0.99893,0.00076,0.00027,0.00005
226.66000,1.02193,0.99896,0.00072,0.00026,0.00006
226.80000,1.02193,0.99905,0.00064,0.00025,0.00006
226.94000,1.02194,0.99899,0.00069,0.00026,0.00006
227.08000,1.02194,0.99880,0.00084,0.00030,0.00005
227.22000,1.02194,0.99876,0.00086,0.00031,0.00006
227.36000,1.02194,0.99887,0.00078,0.00029,0.00006
227.50000,1.02194,0.99889,0.00076,0.00029,0.00006
227.64000,1.02194,0.99875,0.00087,0.00032,0.00006
227.78000,1.02194,0.99874,0.00089,0.00032,0.00006
227.92000,1.02194,0.99870,0.00090,0.00033,0.00006
228.06000,1.02194,0.99873,0.00089,0.00032,0.00006
228.20000,1.02194,0.99882,0.00081,0.00030,0.00006
228.34000,1.02194,0.99886,0.00079,0.00029,0.00006
228.48000,1.02194,0.99856,0.00104,0.00034,0.00006
228.62000,1.02194,0.99883,0.00082,0.00030,0.00006
