Time (seconds), Duration (seconds),pred_unlabelled,pred_Air,pred_Floor,pred_Carpet
0.00000,1.05394,0.99742,0.00008,0.00006,0.00244
0.10000,1.05394,0.99506,0.00010,0.00013,0.00472
0.20000,1.05394,0.99370,0.00004,0.00020,0.00606
0.30000,1.05394,0.97671,0.00005,0.00038,0.02286
0.40000,1.05394,0.95793,0.00008,0.00088,0.04110
0.50000,1.05394,0.80569,0.00039,0.00160,0.19231
0.60000,1.05394,0.60142,0.00039,0.00280,0.39539
0.70000,1.05394,0.26186,0.00027,0.00093,0.73694
0.80000,1.05394,0.08672,0.00046,0.00168,0.91114
0.90000,1.05394,0.01416,0.00057,0.00115,0.98412
1.00000,1.05394,0.00830,0.00091,0.00172,0.98907
1.10000,1.05394,0.00370,0.00110,0.00076,0.99443
1.20000,1.05394,0.00255,0.00214,0.00095,0.99436
1.30000,1.05394,0.00182,0.00127,0.00059,0.99632
1.40000,1.05394,0.00191,0.00119,0.00107,0.99583
1.50000,1.05394,0.00217,0.00127,0.00166,0.99491
1.60000,1.05394,0.00210,0.00066,0.00202,0.99522
1.70000,1.05394,0.00192,0.00076,0.00245,0.99487
1.80000,1.05394,0.00139,0.00048,0.00239,0.99574
1.90000,1.05394,0.00124,0.00039,0.00152,0.99684
2.00000,1.05394,0.00140,0.00036,0.00221,0.99602
2.10000,1.05394,0.00119,0.00035,0.00128,0.99718
2.20000,1.05394,0.00134,0.00040,0.00216,0.99610
2.30000,1.05394,0.00127,0.00033,0.00095,0.99745
2.40000,1.05394,0.00117,0.00018,0.00092,0.99773
2.50000,1.05394,0.00114,0.00030,0.00035,0.99821
2.60000,1.05394,0.00104,0.00031,0.00037,0.99827
2.70000,1.05394,0.00117,0.00046,0.00027,0.99810
2.80000,1.05394,0.00143,0.00027,0.00027,0.99803
2.90000,1.05394,0.00123,0.00036,0.00017,0.99824
3.00000,1.05394,0.00167,0.00037,0.00021,0.99775
3.10000,1.05394,0.00213,0.00076,0.00024,0.99687
3.20000,1.05394,0.00321,0.00071,0.00027,0.99581
3.30000,1.05394,0.00292,0.00110,0.00033,0.99565
3.40000,1.05394,0.00272,0.00071,0.00028,0.99629
3.50000,1.05394,0.00319,0.00081,0.00043,0.99556
3.60000,1.05394,0.00335,0.00043,0.00036,0.99586
3.70000,1.05394,0.00283,0.00044,0.00057,0.99616
3.80000,1.05394,0.00269,0.00050,0.00048,0.99634
3.90000,1.05394,0.00276,0.00059,0.00087,0.99578
4.00000,1.05394,0.00200,0.00036,0.00070,0.99694
4.10000,1.05394,0.00198,0.00043,0.00106,0.99654
4.20000,1.05394,0.00218,0.00037,0.00093,0.99652
4.30000,1.05394,0.00195,0.00043,0.00138,0.99624
4.40000,1.05394,0.00218,0.00041,0.00162,0.99580
4.50000,1.05394,0.00177,0.00037,0.00139,0.99646
4.60000,1.05394,0.00207,0.00045,0.00160,0.99589
4.70000,1.05394,0.00244,0.00043,0.00176,0.99537
4.80000,1.05394,0.00276,0.00037,0.00177,0.99511
4.90000,1.05394,0.00171,0.00029,0.00097,0.99704
5.00000,1.05394,0.00206,0.00033,0.00086,0.99675
5.10000,1.05394,0.00200,0.00034,0.00067,0.99699
5.20000,1.05394,0.00263,0.00042,0.00069,0.99626
5.30000,1.05394,0.00181,0.00047,0.00045,0.99727
5.40000,1.05394,0.00215,0.00042,0.00042,0.99702
5.50000,1.05394,0.00186,0.00051,0.00024,0.99738
5.60000,1.05394,0.00162,0.00032,0.00013,0.99792
5.70000,1.05394,0.00161,0.00040,0.00013,0.99787
5.80000,1.05394,0.00171,0.00049,0.00018,0.99762
5.90000,1.05394,0.00168,0.00055,0.00018,0.99759
6.00000,1.05394,0.00197,0.00043,0.00018,0.99743
6.10000,1.05394,0.00223,0.00049,0.00021,0.99707
6.20000,1.05394,0.00217,0.00051,0.00023,0.99709
6.30000,1.05394,0.00193,0.00041,0.00019,0.99747
6.40000,1.05394,0.00236,0.00052,0.00024,0.99688
6.50000,1.05394,0.00251,0.00070,0.00033,0.99647
6.60000,1.05394,0.00248,0.00055,0.00038,0.99659
6.70000,1.05394,0.00260,0.00067,0.00046,0.99627
6.80000,1.05394,0.00293,0.00083,0.00058,0.99566
6.90000,1.05394,0.00218,0.00059,0.00028,0.99696
7.00000,1.05394,0.00211,0.00059,0.00027,0.99703
7.10000,1.05394,0.00145,0.00047,0.00019,0.99789
7.20000,1.05394,0.00123,0.00031,0.00014,0.99832
7.30000,1.05394,0.00116,0.00031,0.00012,0.99841
7.40000,1.05394,0.00094,0.00016,0.00006,0.99883
7.50000,1.05394,0.00107,0.00030,0.00008,0.99856
7.60000,1.05394,0.00068,0.00016,0.00004,0.99912
7.70000,1.05394,0.00091,0.00022,0.00006,0.99880
7.80000,1.05394,0.00114,0.00025,0.00006,0.99855
7.90000,1.05394,0.00098,0.00026,0.00008,0.99868
8.00000,1.05394,0.00110,0.00020,0.00009,0.99861
8.10000,1.05394,0.00146,0.00068,0.00018,0.99767
8.20000,1.05394,0.00181,0.00067,0.00021,0.99731
8.30000,1.05394,0.00197,0.00075,0.00024,0.99703
8.40000,1.05394,0.00148,0.00070,0.00022,0.99761
8.50000,1.05394,0.00244,0.00124,0.00034,0.99598
8.60000,1.05394,0.00180,0.00074,0.00023,0.99723
8.70000,1.05394,0.00226,0.00190,0.00035,0.99549
8.80000,1.05394,0.00140,0.00077,0.00016,0.99768
8.90000,1.05394,0.00153,0.00086,0.00014,0.99747
9.00000,1.05394,0.00102,0.00045,0.00009,0.99844
9.10000,1.05394,0.00156,0.00096,0.00016,0.99732
9.20000,1.05394,0.00152,0.00065,0.00013,0.99771
9.30000,1.05394,0.00148,0.00068,0.00012,0.99772
9.40000,1.05394,0.00127,0.00053,0.00008,0.99812
9.50000,1.05394,0.00170,0.00065,0.00012,0.99753
9.60000,1.05394,0.00142,0.00030,0.00014,0.99814
9.70000,1.05394,0.00162,0.00040,0.00021,0.99776
9.80000,1.05394,0.00138,0.00042,0.00027,0.99794
9.90000,1.05394,0.00197,0.00081,0.00034,0.99688
10.00000,1.05394,0.00148,0.00044,0.00022,0.99787
10.10000,1.05394,0.00192,0.00039,0.00023,0.99746
10.20000,1.05394,0.00243,0.00041,0.00052,0.99664
10.30000,1.05394,0.00169,0.00035,0.00056,0.99739
10.40000,1.05394,0.00221,0.00048,0.00061,0.99671
10.50000,1.05394,0.00273,0.00047,0.00066,0.99614
10.60000,1.05394,0.00312,0.00087,0.00068,0.99533
10.70000,1.05394,0.00264,0.00071,0.00068,0.99597
10.80000,1.05394,0.00290,0.00094,0.00081,0.99536
10.90000,1.05394,0.00383,0.00122,0.00146,0.99348
11.00000,1.05394,0.00409,0.00191,0.00117,0.99283
11.10000,1.05394,0.00437,0.00163,0.00117,0.99283
11.20000,1.05394,0.00417,0.00129,0.00062,0.99392
11.30000,1.05394,0.00621,0.00156,0.00087,0.99136
11.40000,1.05394,0.00614,0.00205,0.00072,0.99109
11.50000,1.05394,0.00633,0.00256,0.00086,0.99025
11.60000,1.05394,0.00730,0.00157,0.00057,0.99056
11.70000,1.05394,0.00539,0.00099,0.00044,0.99317
11.80000,1.05394,0.00502,0.00048,0.00042,0.99409
11.90000,1.05394,0.00425,0.00062,0.00070,0.99443
12.00000,1.05394,0.00427,0.00030,0.00064,0.99479
12.10000,1.05394,0.00363,0.00044,0.00096,0.99497
12.20000,1.05394,0.00270,0.00018,0.00062,0.99650
12.30000,1.05394,0.00285,0.00050,0.00123,0.99542
12.40000,1.05394,0.00210,0.00023,0.00080,0.99687
12.50000,1.05394,0.00185,0.00029,0.00063,0.99723
12.60000,1.05394,0.00156,0.00028,0.00064,0.99752
12.70000,1.05394,0.00230,0.00118,0.00087,0.99565
12.80000,1.05394,0.00215,0.00098,0.00059,0.99627
12.90000,1.05394,0.00196,0.00100,0.00036,0.99668
13.00000,1.05394,0.00199,0.00086,0.00028,0.99688
13.10000,1.05394,0.00221,0.00143,0.00046,0.99590
13.20000,1.05394,0.00258,0.00174,0.00048,0.99520
13.30000,1.05394,0.00223,0.00126,0.00041,0.99611
13.40000,1.05394,0.00340,0.00220,0.00068,0.99372
13.50000,1.05394,0.00358,0.00101,0.00073,0.99468
13.60000,1.05394,0.00393,0.00063,0.00100,0.99444
13.70000,1.05394,0.00254,0.00033,0.00062,0.99650
13.80000,1.05394,0.00279,0.00078,0.00115,0.99528
13.90000,1.05394,0.00248,0.00042,0.00063,0.99647
14.00000,1.05394,0.00298,0.00082,0.00081,0.99538
14.10000,1.05394,0.00262,0.00055,0.00045,0.99638
14.20000,1.05394,0.00251,0.00102,0.00062,0.99585
14.30000,1.05394,0.00223,0.00066,0.00039,0.99672
14.40000,1.05394,0.00214,0.00087,0.00054,0.99645
14.50000,1.05394,0.00196,0.00115,0.00031,0.99658
14.60000,1.05394,0.00166,0.00082,0.00033,0.99720
14.70000,1.05394,0.00176,0.00075,0.00034,0.99716
14.80000,1.05394,0.00159,0.00058,0.00047,0.99736
14.90000,1.05394,0.00224,0.00097,0.00080,0.99598
15.00000,1.05394,0.00203,0.00067,0.00078,0.99652
15.10000,1.05394,0.00191,0.00075,0.00095,0.99638
15.20000,1.05394,0.00153,0.00059,0.00064,0.99724
15.30000,1.05394,0.00222,0.00077,0.00084,0.99618
15.40000,1.05394,0.00193,0.00079,0.00077,0.99651
15.50000,1.05394,0.00239,0.00111,0.00092,0.99558
15.60000,1.05394,0.00172,0.00094,0.00057,0.99677
15.70000,1.05394,0.00173,0.00107,0.00049,0.99670
15.80000,1.05394,0.00129,0.00070,0.00033,0.99768
15.90000,1.05394,0.00129,0.00087,0.00032,0.99753
16.00000,1.05394,0.00127,0.00072,0.00029,0.99772
16.10000,1.05394,0.00127,0.00066,0.00032,0.99776
16.20000,1.05394,0.00132,0.00065,0.00046,0.99756
16.30000,1.05394,0.00170,0.00064,0.00048,0.99719
16.40000,1.05394,0.00149,0.00062,0.00039,0.99749
16.50000,1.05394,0.00114,0.00029,0.00022,0.99835
16.60000,1.05394,0.00122,0.00064,0.00032,0.99781
16.70000,1.05394,0.00179,0.00069,0.00032,0.99720
16.80000,1.05394,0.00191,0.00097,0.00041,0.99671
16.90000,1.05394,0.00204,0.00086,0.00044,0.99666
17.00000,1.05394,0.00255,0.00134,0.00057,0.99554
17.10000,1.05394,0.00207,0.00092,0.00031,0.99670
17.20000,1.05394,0.00185,0.00106,0.00026,0.99684
17.30000,1.05394,0.00203,0.00131,0.00034,0.99631
17.40000,1.05394,0.00215,0.00155,0.00038,0.99593
17.50000,1.05394,0.00291,0.00175,0.00078,0.99456
17.60000,1.05394,0.00246,0.00133,0.00053,0.99567
17.70000,1.05394,0.00328,0.00162,0.00095,0.99415
17.80000,1.05394,0.00257,0.00126,0.00073,0.99545
17.90000,1.05394,0.00235,0.00112,0.00062,0.99591
18.00000,1.05394,0.00200,0.00128,0.00055,0.99618
18.10000,1.05394,0.00159,0.00094,0.00045,0.99702
18.20000,1.05394,0.00163,0.00075,0.00043,0.99719
18.30000,1.05394,0.00186,0.00077,0.00057,0.99679
18.40000,1.05394,0.00164,0.00060,0.00044,0.99731
18.50000,1.05394,0.00109,0.00044,0.00027,0.99820
18.60000,1.05394,0.00104,0.00042,0.00025,0.99829
18.70000,1.05394,0.00113,0.00058,0.00024,0.99806
18.80000,1.05394,0.00130,0.00050,0.00020,0.99800
18.90000,1.05394,0.00121,0.00064,0.00021,0.99793
19.00000,1.05394,0.00185,0.00087,0.00030,0.99697
19.10000,1.05394,0.00149,0.00096,0.00032,0.99723
19.20000,1.05394,0.00196,0.00129,0.00044,0.99631
19.30000,1.05394,0.00126,0.00128,0.00038,0.99709
19.40000,1.05394,0.00175,0.00113,0.00053,0.99659
19.50000,1.05394,0.00167,0.00079,0.00072,0.99682
19.60000,1.05394,0.00117,0.00038,0.00038,0.99807
19.70000,1.05394,0.00132,0.00065,0.00082,0.99721
19.80000,1.05394,0.00149,0.00030,0.00056,0.99765
19.90000,1.05394,0.00145,0.00043,0.00100,0.99712
20.00000,1.05394,0.00149,0.00019,0.00056,0.99776
20.10000,1.05394,0.00138,0.00045,0.00064,0.99753
20.20000,1.05394,0.00223,0.00026,0.00049,0.99701
20.30000,1.05394,0.00175,0.00064,0.00046,0.99715
20.40000,1.05394,0.00230,0.00064,0.00036,0.99671
20.50000,1.05394,0.00215,0.00122,0.00038,0.99624
20.60000,1.05394,0.00260,0.00132,0.00042,0.99567
20.70000,1.05394,0.00248,0.00240,0.00047,0.99464
20.80000,1.05394,0.00297,0.00247,0.00057,0.99400
20.90000,1.05394,0.00232,0.00248,0.00047,0.99473
21.00000,1.05394,0.00281,0.00262,0.00063,0.99394
21.10000,1.05394,0.00223,0.00255,0.00057,0.99465
21.20000,1.05394,0.00249,0.00200,0.00057,0.99493
21.30000,1.05394,0.00215,0.00175,0.00057,0.99553
21.40000,1.05394,0.00224,0.00101,0.00055,0.99620
21.50000,1.05394,0.00216,0.00093,0.00090,0.99602
21.60000,1.05394,0.00198,0.00064,0.00064,0.99674
21.70000,1.05394,0.00162,0.00042,0.00050,0.99746
21.80000,1.05394,0.00178,0.00053,0.00040,0.99729
21.90000,1.05394,0.00192,0.00076,0.00051,0.99681
22.00000,1.05394,0.00234,0.00087,0.00050,0.99628
22.10000,1.05394,0.00183,0.00059,0.00045,0.99714
22.20000,1.05394,0.00199,0.00064,0.00044,0.99694
22.30000,1.05394,0.00171,0.00095,0.00054,0.99680
22.40000,1.05394,0.00227,0.00143,0.00044,0.99586
22.50000,1.05394,0.00196,0.00158,0.00038,0.99608
22.60000,1.05394,0.00197,0.00126,0.00038,0.99639
22.70000,1.05394,0.00207,0.00163,0.00055,0.99575
22.80000,1.05394,0.00163,0.00088,0.00041,0.99708
22.90000,1.05394,0.00196,0.00137,0.00052,0.99614
23.00000,1.05394,0.00209,0.00093,0.00049,0.99649
23.10000,1.05394,0.00252,0.00148,0.00095,0.99505
23.20000,1.05394,0.00241,0.00070,0.00087,0.99602
23.30000,1.05394,0.00194,0.00096,0.00079,0.99631
23.40000,1.05394,0.00185,0.00047,0.00075,0.99694
23.50000,1.05394,0.00158,0.00089,0.00063,0.99691
23.60000,1.05394,0.00206,0.00098,0.00069,0.99627
23.70000,1.05394,0.00164,0.00114,0.00057,0.99665
23.80000,1.05394,0.00223,0.00160,0.00092,0.99525
23.90000,1.05394,0.00224,0.00195,0.00077,0.99504
24.00000,1.05394,0.00185,0.00190,0.00060,0.99565
24.10000,1.05394,0.00204,0.00256,0.00036,0.99504
24.20000,1.05394,0.00189,0.00229,0.00041,0.99540
24.30000,1.05394,0.00252,0.00295,0.00053,0.99399
24.40000,1.05394,0.00231,0.00159,0.00052,0.99558
24.50000,1.05394,0.00186,0.00101,0.00043,0.99670
24.60000,1.05394,0.00235,0.00090,0.00084,0.99592
24.70000,1.05394,0.00234,0.00070,0.00083,0.99612
24.80000,1.05394,0.00234,0.00040,0.00065,0.99661
24.90000,1.05394,0.00183,0.00053,0.00088,0.99676
25.00000,1.05394,0.00245,0.00033,0.00096,0.99627
25.10000,1.05394,0.00154,0.00028,0.00088,0.99730
25.20000,1.05394,0.00179,0.00026,0.00087,0.99708
25.30000,1.05394,0.00187,0.00035,0.00106,0.99671
25.40000,1.05394,0.00200,0.00030,0.00082,0.99688
25.50000,1.05394,0.00142,0.00039,0.00066,0.99752
25.60000,1.05394,0.00195,0.00052,0.00063,0.99690
25.70000,1.05394,0.00187,0.00075,0.00096,0.99642
25.80000,1.05394,0.00212,0.00079,0.00080,0.99629
25.90000,1.05394,0.00182,0.00072,0.00071,0.99675
26.00000,1.05394,0.00182,0.00097,0.00076,0.99645
26.10000,1.05394,0.00201,0.00073,0.00066,0.99660
26.20000,1.05394,0.00223,0.00080,0.00072,0.99625
26.30000,1.05394,0.00195,0.00073,0.00069,0.99662
26.40000,1.05394,0.00182,0.00081,0.00055,0.99682
26.50000,1.05394,0.00213,0.00069,0.00049,0.99669
26.60000,1.05394,0.00209,0.00086,0.00053,0.99652
26.70000,1.05394,0.00248,0.00077,0.00061,0.99614
26.80000,1.05394,0.00265,0.00074,0.00082,0.99579
26.90000,1.05394,0.00262,0.00092,0.00091,0.99554
27.00000,1.05394,0.00237,0.00098,0.00073,0.99592
27.10000,1.05394,0.00295,0.00132,0.00099,0.99474
27.20000,1.05394,0.00318,0.00132,0.00092,0.99458
27.30000,1.05394,0.00284,0.00127,0.00117,0.99471
27.40000,1.05394,0.00330,0.00092,0.00128,0.99450
27.50000,1.05394,0.00268,0.00097,0.00126,0.99510
27.60000,1.05394,0.00248,0.00090,0.00114,0.99548
27.70000,1.05394,0.00266,0.00087,0.00097,0.99550
27.80000,1.05394,0.00299,0.00067,0.00109,0.99525
27.90000,1.05394,0.00351,0.00067,0.00120,0.99462
28.00000,1.05394,0.00241,0.00050,0.00114,0.99596
28.10000,1.05394,0.00285,0.00041,0.00098,0.99576
28.20000,1.05394,0.00290,0.00046,0.00134,0.99531
28.30000,1.05394,0.00250,0.00050,0.00120,0.99580
28.40000,1.05394,0.00229,0.00056,0.00115,0.99599
28.50000,1.05394,0.00235,0.00074,0.00122,0.99569
28.60000,1.05394,0.00174,0.00043,0.00083,0.99700
28.70000,1.05394,0.00164,0.00035,0.00085,0.99716
28.80000,1.05394,0.00142,0.00027,0.00062,0.99768
28.90000,1.05394,0.00169,0.00035,0.00085,0.99712
29.00000,1.05394,0.00138,0.00026,0.00073,0.99763
29.10000,1.05394,0.00232,0.00051,0.00132,0.99585
29.20000,1.05394,0.00214,0.00064,0.00095,0.99627
29.30000,1.05394,0.00239,0.00074,0.00101,0.99586
29.40000,1.05394,0.00281,0.00151,0.00132,0.99436
29.50000,1.05394,0.00318,0.00138,0.00121,0.99423
29.60000,1.05394,0.00509,0.00281,0.00162,0.99048
29.70000,1.05394,0.00532,0.00372,0.00191,0.98905
29.80000,1.05394,0.00410,0.00345,0.00154,0.99091
29.90000,1.05394,0.00531,0.00426,0.00133,0.98910
30.00000,1.05394,0.00506,0.00427,0.00114,0.98953
30.10000,1.05394,0.00401,0.00302,0.00125,0.99173
30.20000,1.05394,0.00535,0.00329,0.00169,0.98966
30.30000,1.05394,0.00413,0.00222,0.00128,0.99237
30.40000,1.05394,0.00305,0.00134,0.00073,0.99488
30.50000,1.05394,0.00277,0.00133,0.00090,0.99499
30.60000,1.05394,0.00265,0.00157,0.00084,0.99495
30.70000,1.05394,0.00243,0.00117,0.00061,0.99579
30.80000,1.05394,0.00160,0.00094,0.00047,0.99700
30.90000,1.05394,0.00167,0.00076,0.00067,0.99690
31.00000,1.05394,0.00152,0.00081,0.00063,0.99704
31.10000,1.05394,0.00097,0.00045,0.00043,0.99816
31.20000,1.05394,0.00137,0.00063,0.00060,0.99740
31.30000,1.05394,0.00112,0.00042,0.00053,0.99794
31.40000,1.05394,0.00155,0.00055,0.00074,0.99716
31.50000,1.05394,0.00147,0.00063,0.00069,0.99720
31.60000,1.05394,0.00204,0.00081,0.00086,0.99629
31.70000,1.05394,0.00149,0.00083,0.00063,0.99705
31.80000,1.05394,0.00218,0.00090,0.00057,0.99635
31.90000,1.05394,0.00247,0.00122,0.00060,0.99572
32.00000,1.05394,0.00365,0.00155,0.00060,0.99420
32.10000,1.05394,0.00381,0.00179,0.00061,0.99379
32.20000,1.05394,0.00378,0.00222,0.00063,0.99337
32.30000,1.05394,0.00588,0.00189,0.00066,0.99157
32.40000,1.05394,0.00609,0.00194,0.00071,0.99126
32.50000,1.05394,0.00589,0.00095,0.00047,0.99269
32.60000,1.05394,0.00372,0.00066,0.00039,0.99523
32.70000,1.05394,0.00482,0.00073,0.00038,0.99407
32.80000,1.05394,0.00525,0.00085,0.00053,0.99338
32.90000,1.05394,0.00435,0.00046,0.00031,0.99487
33.00000,1.05394,0.00346,0.00035,0.00039,0.99579
33.10000,1.05394,0.00308,0.00032,0.00029,0.99631
33.20000,1.05394,0.00324,0.00063,0.00059,0.99554
33.30000,1.05394,0.00275,0.00050,0.00047,0.99628
33.40000,1.05394,0.00246,0.00032,0.00039,0.99683
33.50000,1.05394,0.00275,0.00056,0.00063,0.99606
33.60000,1.05394,0.00298,0.00059,0.00072,0.99572
33.70000,1.05394,0.00393,0.00061,0.00100,0.99446
33.80000,1.05394,0.00364,0.00056,0.00105,0.99475
33.90000,1.05394,0.00478,0.00082,0.00165,0.99275
34.00000,1.05394,0.00564,0.00099,0.00184,0.99153
34.10000,1.05394,0.00552,0.00111,0.00195,0.99142
34.20000,1.05394,0.00587,0.00079,0.00234,0.99100
34.30000,1.05394,0.00855,0.00103,0.00265,0.98777
34.40000,1.05394,0.00908,0.00108,0.00394,0.98591
34.50000,1.05394,0.00933,0.00090,0.00255,0.98722
34.60000,1.05394,0.00541,0.00069,0.00225,0.99165
34.70000,1.05394,0.00739,0.00100,0.00211,0.98951
34.80000,1.05394,0.00722,0.00166,0.00243,0.98869
34.90000,1.05394,0.00809,0.00151,0.00153,0.98887
35.00000,1.05394,0.00739,0.00185,0.00188,0.98887
35.10000,1.05394,0.01010,0.00193,0.00140,0.98658
35.20000,1.05394,0.01020,0.00275,0.00147,0.98558
35.30000,1.05394,0.01086,0.00220,0.00126,0.98569
35.40000,1.05394,0.01273,0.00200,0.00147,0.98380
35.50000,1.05394,0.01283,0.00139,0.00098,0.98479
35.60000,1.05394,0.01302,0.00164,0.00113,0.98421
35.70000,1.05394,0.01203,0.00115,0.00110,0.98571
35.80000,1.05394,0.01066,0.00101,0.00096,0.98736
35.90000,1.05394,0.01038,0.00083,0.00094,0.98786
36.00000,1.05394,0.00736,0.00064,0.00095,0.99106
36.10000,1.05394,0.00607,0.00053,0.00101,0.99238
36.20000,1.05394,0.00605,0.00061,0.00114,0.99220
36.30000,1.05394,0.00459,0.00063,0.00101,0.99377
36.40000,1.05394,0.00606,0.00094,0.00128,0.99173
36.50000,1.05394,0.00638,0.00084,0.00140,0.99138
36.60000,1.05394,0.00527,0.00090,0.00150,0.99233
36.70000,1.05394,0.00537,0.00059,0.00126,0.99278
36.80000,1.05394,0.00525,0.00084,0.00130,0.99261
36.90000,1.05394,0.00606,0.00091,0.00110,0.99193
37.00000,1.05394,0.00409,0.00095,0.00081,0.99415
37.10000,1.05394,0.00331,0.00085,0.00066,0.99518
37.20000,1.05394,0.00399,0.00101,0.00061,0.99438
37.30000,1.05394,0.00293,0.00106,0.00064,0.99537
37.40000,1.05394,0.00195,0.00066,0.00032,0.99707
37.50000,1.05394,0.00195,0.00076,0.00033,0.99696
37.60000,1.05394,0.00170,0.00061,0.00024,0.99745
37.70000,1.05394,0.00138,0.00080,0.00027,0.99755
37.80000,1.05394,0.00226,0.00107,0.00033,0.99634
37.90000,1.05394,0.00262,0.00131,0.00040,0.99566
38.00000,1.05394,0.00265,0.00121,0.00033,0.99581
38.10000,1.05394,0.00217,0.00144,0.00034,0.99605
38.20000,1.05394,0.00370,0.00273,0.00057,0.99300
38.30000,1.05394,0.00297,0.00159,0.00040,0.99504
38.40000,1.05394,0.00299,0.00190,0.00039,0.99472
38.50000,1.05394,0.00374,0.00255,0.00042,0.99330
38.60000,1.05394,0.00266,0.00201,0.00035,0.99498
38.70000,1.05394,0.00218,0.00126,0.00022,0.99634
38.80000,1.05394,0.00285,0.00124,0.00023,0.99569
38.90000,1.05394,0.00343,0.00150,0.00036,0.99470
39.00000,1.05394,0.00285,0.00064,0.00026,0.99625
39.10000,1.05394,0.00272,0.00071,0.00036,0.99621
39.20000,1.05394,0.00419,0.00091,0.00036,0.99453
39.30000,1.05394,0.00295,0.00078,0.00057,0.99571
39.40000,1.05394,0.00383,0.00066,0.00054,0.99497
39.50000,1.05394,0.00344,0.00049,0.00049,0.99558
39.60000,1.05394,0.00501,0.00051,0.00057,0.99391
39.70000,1.05394,0.00300,0.00035,0.00056,0.99609
39.80000,1.05394,0.00223,0.00043,0.00062,0.99673
39.90000,1.05394,0.00271,0.00104,0.00079,0.99546
40.00000,1.05394,0.00285,0.00147,0.00088,0.99481
40.10000,1.05394,0.00222,0.00066,0.00066,0.99646
40.20000,1.05394,0.00192,0.00049,0.00066,0.99692
40.30000,1.05394,0.00180,0.00072,0.00079,0.99669
40.40000,1.05394,0.00176,0.00037,0.00067,0.99719
40.50000,1.05394,0.00201,0.00070,0.00085,0.99644
40.60000,1.05394,0.00196,0.00045,0.00081,0.99678
40.70000,1.05394,0.00169,0.00087,0.00046,0.99698
40.80000,1.05394,0.00226,0.00063,0.00065,0.99646
40.90000,1.05394,0.00218,0.00093,0.00058,0.99631
41.00000,1.05394,0.00162,0.00077,0.00050,0.99711
41.10000,1.05394,0.00095,0.00078,0.00023,0.99804
41.20000,1.05394,0.00167,0.00143,0.00034,0.99656
41.30000,1.05394,0.00168,0.00143,0.00030,0.99658
41.40000,1.05394,0.00186,0.00197,0.00042,0.99575
41.50000,1.05394,0.00157,0.00207,0.00046,0.99590
41.60000,1.05394,0.00135,0.00152,0.00052,0.99661
41.70000,1.05394,0.00158,0.00168,0.00060,0.99614
41.80000,1.05394,0.00161,0.00144,0.00078,0.99616
41.90000,1.05394,0.00157,0.00102,0.00062,0.99678
42.00000,1.05394,0.00208,0.00069,0.00082,0.99640
42.10000,1.05394,0.00128,0.00036,0.00044,0.99792
42.20000,1.05394,0.00140,0.00028,0.00069,0.99763
42.30000,1.05394,0.00135,0.00021,0.00053,0.99790
42.40000,1.05394,0.00146,0.00025,0.00061,0.99769
42.50000,1.05394,0.00130,0.00017,0.00028,0.99826
42.60000,1.05394,0.00129,0.00019,0.00040,0.99812
42.70000,1.05394,0.00095,0.00010,0.00023,0.99871
42.80000,1.05394,0.00126,0.00018,0.00031,0.99825
42.90000,1.05394,0.00093,0.00025,0.00026,0.99857
43.00000,1.05394,0.00138,0.00052,0.00032,0.99778
43.10000,1.05394,0.00102,0.00037,0.00021,0.99839
43.20000,1.05394,0.00134,0.00074,0.00024,0.99769
43.30000,1.05394,0.00113,0.00074,0.00020,0.99793
43.40000,1.05394,0.00130,0.00070,0.00019,0.99781
43.50000,1.05394,0.00146,0.00084,0.00019,0.99751
43.60000,1.05394,0.00179,0.00073,0.00017,0.99731
43.70000,1.05394,0.00143,0.00114,0.00019,0.99724
43.80000,1.05394,0.00186,0.00076,0.00016,0.99722
43.90000,1.05394,0.00171,0.00068,0.00012,0.99748
44.00000,1.05394,0.00199,0.00058,0.00011,0.99732
44.10000,1.05394,0.00168,0.00077,0.00011,0.99743
44.20000,1.05394,0.00135,0.00035,0.00008,0.99822
44.30000,1.05394,0.00208,0.00069,0.00017,0.99706
44.40000,1.05394,0.00213,0.00072,0.00019,0.99696
44.50000,1.05394,0.00299,0.00138,0.00043,0.99519
44.60000,1.05394,0.00308,0.00076,0.00039,0.99577
44.70000,1.05394,0.00373,0.00174,0.00091,0.99363
44.80000,1.05394,0.00306,0.00119,0.00084,0.99491
44.90000,1.05394,0.00375,0.00185,0.00177,0.99264
45.00000,1.05394,0.00396,0.00131,0.00189,0.99285
45.10000,1.05394,0.00514,0.00141,0.00278,0.99067
45.20000,1.05394,0.00419,0.00168,0.00277,0.99135
45.30000,1.05394,0.00290,0.00131,0.00189,0.99389
45.40000,1.05394,0.00324,0.00140,0.00177,0.99359
45.50000,1.05394,0.00252,0.00091,0.00106,0.99551
45.60000,1.05394,0.00197,0.00096,0.00070,0.99636
45.70000,1.05394,0.00162,0.00074,0.00044,0.99719
45.80000,1.05394,0.00160,0.00102,0.00037,0.99700
45.90000,1.05394,0.00134,0.00067,0.00020,0.99778
46.00000,1.05394,0.00155,0.00083,0.00016,0.99746
46.10000,1.05394,0.00110,0.00051,0.00009,0.99830
46.20000,1.05394,0.00121,0.00074,0.00012,0.99793
46.30000,1.05394,0.00115,0.00051,0.00009,0.99826
46.40000,1.05394,0.00153,0.00093,0.00019,0.99735
46.50000,1.05394,0.00117,0.00082,0.00016,0.99785
46.60000,1.05394,0.00153,0.00108,0.00032,0.99707
46.70000,1.05394,0.00127,0.00079,0.00022,0.99772
46.80000,1.05394,0.00184,0.00138,0.00056,0.99621
46.90000,1.05394,0.00175,0.00187,0.00066,0.99572
47.00000,1.05394,0.00191,0.00192,0.00102,0.99515
47.10000,1.05394,0.00285,0.00299,0.00137,0.99279
47.20000,1.05394,0.00304,0.00249,0.00204,0.99243
47.30000,1.05394,0.00573,0.00336,0.00396,0.98696
47.40000,1.05394,0.00325,0.00118,0.00193,0.99364
47.50000,1.05394,0.00388,0.00172,0.00183,0.99258
47.60000,1.05394,0.00412,0.00161,0.00201,0.99226
47.70000,1.05394,0.00289,0.00137,0.00128,0.99446
47.80000,1.05394,0.00245,0.00091,0.00088,0.99577
47.90000,1.05394,0.00228,0.00087,0.00079,0.99607
48.00000,1.05394,0.00190,0.00105,0.00057,0.99648
48.10000,1.05394,0.00169,0.00121,0.00042,0.99668
48.20000,1.05394,0.00176,0.00143,0.00029,0.99652
48.30000,1.05394,0.00197,0.00167,0.00031,0.99606
48.40000,1.05394,0.00141,0.00096,0.00025,0.99737
48.50000,1.05394,0.00150,0.00138,0.00026,0.99686
48.60000,1.05394,0.00221,0.00113,0.00041,0.99625
48.70000,1.05394,0.00210,0.00119,0.00039,0.99632
48.80000,1.05394,0.00215,0.00077,0.00047,0.99661
48.90000,1.05394,0.00227,0.00106,0.00056,0.99611
49.00000,1.05394,0.00289,0.00092,0.00073,0.99546
49.10000,1.05394,0.00288,0.00103,0.00110,0.99500
49.20000,1.05394,0.00257,0.00067,0.00133,0.99543
49.30000,1.05394,0.00320,0.00116,0.00268,0.99296
49.40000,1.05394,0.00209,0.00054,0.00135,0.99602
49.50000,1.05394,0.00235,0.00071,0.00181,0.99513
49.60000,1.05394,0.00203,0.00054,0.00123,0.99620
49.70000,1.05394,0.00212,0.00039,0.00140,0.99609
49.80000,1.05394,0.00163,0.00022,0.00063,0.99752
49.90000,1.05394,0.00206,0.00031,0.00082,0.99681
50.00000,1.05394,0.00153,0.00018,0.00036,0.99793
50.10000,1.05394,0.00144,0.00029,0.00038,0.99788
50.20000,1.05394,0.00106,0.00016,0.00020,0.99857
50.30000,1.05394,0.00131,0.00028,0.00031,0.99810
50.40000,1.05394,0.00138,0.00028,0.00023,0.99810
50.50000,1.05394,0.00155,0.00036,0.00032,0.99778
50.60000,1.05394,0.00147,0.00050,0.00036,0.99767
50.70000,1.05394,0.00198,0.00076,0.00061,0.99664
50.80000,1.05394,0.00208,0.00071,0.00071,0.99650
50.90000,1.05394,0.00211,0.00078,0.00073,0.99639
51.00000,1.05394,0.00274,0.00170,0.00113,0.99443
51.10000,1.05394,0.00425,0.00253,0.00163,0.99158
51.20000,1.05394,0.00412,0.00235,0.00129,0.99224
51.30000,1.05394,0.00437,0.00309,0.00180,0.99075
51.40000,1.05394,0.00463,0.00397,0.00215,0.98925
51.50000,1.05394,0.00331,0.00181,0.00144,0.99344
51.60000,1.05394,0.00234,0.00151,0.00103,0.99512
51.70000,1.05394,0.00219,0.00093,0.00091,0.99596
51.80000,1.05394,0.00236,0.00107,0.00115,0.99542
51.90000,1.05394,0.00210,0.00056,0.00107,0.99627
52.00000,1.05394,0.00160,0.00047,0.00092,0.99701
52.10000,1.05394,0.00145,0.00025,0.00061,0.99770
52.20000,1.05394,0.00142,0.00030,0.00068,0.99759
52.30000,1.05394,0.00132,0.00021,0.00062,0.99786
52.40000,1.05394,0.00137,0.00031,0.00061,0.99771
52.50000,1.05394,0.00200,0.00042,0.00075,0.99683
52.60000,1.05394,0.00219,0.00059,0.00073,0.99649
52.70000,1.05394,0.00233,0.00077,0.00075,0.99615
52.80000,1.05394,0.00209,0.00093,0.00056,0.99642
52.90000,1.05394,0.00273,0.00148,0.00060,0.99518
53.00000,1.05394,0.00254,0.00117,0.00054,0.99575
53.10000,1.05394,0.00331,0.00117,0.00101,0.99451
53.20000,1.05394,0.00315,0.00102,0.00076,0.99507
53.30000,1.05394,0.00388,0.00139,0.00129,0.99344
53.40000,1.05394,0.00404,0.00106,0.00144,0.99346
53.50000,1.05394,0.00318,0.00081,0.00149,0.99453
53.60000,1.05394,0.00254,0.00041,0.00099,0.99606
53.70000,1.05394,0.00283,0.00066,0.00165,0.99486
53.80000,1.05394,0.00217,0.00042,0.00138,0.99603
53.90000,1.05394,0.00345,0.00058,0.00190,0.99407
54.00000,1.05394,0.00237,0.00068,0.00138,0.99556
54.10000,1.05394,0.00293,0.00089,0.00145,0.99472
54.20000,1.05394,0.00222,0.00057,0.00081,0.99639
54.30000,1.05394,0.00283,0.00067,0.00097,0.99554
54.40000,1.05394,0.00222,0.00082,0.00083,0.99613
54.50000,1.05394,0.00228,0.00056,0.00073,0.99644
54.60000,1.05394,0.00146,0.00033,0.00044,0.99778
54.70000,1.05394,0.00207,0.00040,0.00052,0.99701
54.80000,1.05394,0.00105,0.00025,0.00025,0.99845
54.90000,1.05394,0.00164,0.00037,0.00030,0.99768
55.00000,1.05394,0.00106,0.00018,0.00017,0.99860
55.10000,1.05394,0.00102,0.00026,0.00018,0.99854
55.20000,1.05394,0.00079,0.00026,0.00012,0.99883
55.30000,1.05394,0.00097,0.00030,0.00013,0.99861
55.40000,1.05394,0.00067,0.00036,0.00012,0.99884
55.50000,1.05394,0.00091,0.00042,0.00014,0.99853
55.60000,1.05394,0.00090,0.00056,0.00014,0.99840
55.70000,1.05394,0.00119,0.00055,0.00022,0.99804
55.80000,1.05394,0.00113,0.00058,0.00031,0.99798
55.90000,1.05394,0.00142,0.00043,0.00027,0.99788
56.00000,1.05394,0.00179,0.00086,0.00046,0.99689
56.10000,1.05394,0.00207,0.00064,0.00043,0.99686
56.20000,1.05394,0.00244,0.00087,0.00049,0.99620
56.30000,1.05394,0.00273,0.00069,0.00041,0.99616
56.40000,1.05394,0.00274,0.00090,0.00053,0.99584
56.50000,1.05394,0.00227,0.00063,0.00037,0.99673
56.60000,1.05394,0.00224,0.00072,0.00032,0.99672
56.70000,1.05394,0.00242,0.00077,0.00026,0.99656
56.80000,1.05394,0.00277,0.00103,0.00037,0.99583
56.90000,1.05394,0.00284,0.00122,0.00051,0.99542
57.00000,1.05394,0.00259,0.00072,0.00035,0.99634
57.10000,1.05394,0.00239,0.00101,0.00042,0.99619
57.20000,1.05394,0.00246,0.00081,0.00033,0.99641
57.30000,1.05394,0.00220,0.00094,0.00028,0.99658
57.40000,1.05394,0.00278,0.00093,0.00034,0.99595
57.50000,1.05394,0.00288,0.00093,0.00035,0.99584
57.60000,1.05394,0.00313,0.00081,0.00031,0.99575
57.70000,1.05394,0.00175,0.00066,0.00023,0.99736
57.80000,1.05394,0.00179,0.00084,0.00022,0.99716
57.90000,1.05394,0.00228,0.00119,0.00028,0.99626
58.00000,1.05394,0.00249,0.00129,0.00038,0.99585
58.10000,1.05394,0.00193,0.00102,0.00029,0.99675
58.20000,1.05394,0.00225,0.00143,0.00050,0.99582
58.30000,1.05394,0.00268,0.00199,0.00049,0.99484
58.40000,1.05394,0.00280,0.00140,0.00076,0.99504
58.50000,1.05394,0.00267,0.00149,0.00045,0.99539
58.60000,1.05394,0.00355,0.00099,0.00067,0.99480
58.70000,1.05394,0.00361,0.00174,0.00052,0.99414
58.80000,1.05394,0.00432,0.00117,0.00075,0.99376
58.90000,1.05394,0.00426,0.00095,0.00044,0.99435
59.00000,1.05394,0.00540,0.00065,0.00048,0.99347
59.10000,1.05394,0.00373,0.00070,0.00030,0.99527
59.20000,1.05394,0.00439,0.00044,0.00030,0.99487
59.30000,1.05394,0.00544,0.00166,0.00051,0.99238
59.40000,1.05394,0.00526,0.00115,0.00035,0.99324
59.50000,1.05394,0.00504,0.00270,0.00055,0.99171
59.60000,1.05394,0.00609,0.00152,0.00048,0.99191
59.70000,1.05394,0.00498,0.00158,0.00075,0.99269
59.80000,1.05394,0.01060,0.00069,0.00082,0.98789
59.90000,1.05394,0.07701,0.00070,0.00038,0.92190
60.00000,1.05394,0.28403,0.00016,0.00031,0.71550
60.10000,1.05394,0.60783,0.00010,0.00030,0.39177
60.20000,1.05394,0.85358,0.00002,0.00026,0.14614
60.30000,1.05394,0.96593,0.00001,0.00010,0.03396
60.40000,1.05394,0.97858,0.00001,0.00009,0.02133
60.50000,1.05394,0.99006,0.00000,0.00002,0.00991
60.60000,1.05394,0.99344,0.00000,0.00003,0.00653
60.70000,1.05394,0.99519,0.00000,0.00002,0.00479
60.80000,1.05394,0.99043,0.00001,0.00006,0.00950
60.90000,1.05394,0.97604,0.00008,0.00027,0.02362
61.00000,1.05394,0.96106,0.00036,0.00058,0.03800
61.10000,1.05394,0.94366,0.00065,0.00073,0.05497
61.20000,1.05394,0.94105,0.00090,0.00078,0.05727
61.30000,1.05394,0.94569,0.00080,0.00089,0.05262
61.40000,1.05394,0.93088,0.00130,0.00120,0.06663
61.50000,1.05394,0.95985,0.00113,0.00107,0.03795
61.60000,1.05394,0.97344,0.00106,0.00080,0.02470
61.70000,1.05394,0.98266,0.00094,0.00067,0.01574
61.80000,1.05394,0.98243,0.00134,0.00072,0.01551
61.90000,1.05394,0.98365,0.00124,0.00070,0.01441
62.00000,1.05394,0.98641,0.00129,0.00068,0.01161
62.10000,1.05394,0.98694,0.00129,0.00068,0.01109
