Time,unlabelled,Air,Floor,Carpet,Duration
0.0,1.0,0.0,0.0,0.0,4.2
0.1,1.0,0.0,0.0,0.0,4.2
0.2,1.0,0.0,0.0,0.0,4.2
0.3,1.0,0.0,0.0,0.0,4.2
0.4,1.0,0.0,0.0,0.0,4.2
0.5,1.0,0.0,0.0,0.0,4.2
0.6,1.0,0.0,0.0,0.0,4.2
0.7,1.0,0.0,0.0,0.0,4.2
0.8,1.0,0.0,0.0,0.0,4.2
0.9,1.0,0.0,0.0,0.0,4.2
1.0,1.0,0.0,0.0,0.0,4.2
1.0539,1.0,0.0,0.0,0.0,4.2
1.1,1.0,0.0,0.0,0.0,4.2
1.1539,1.0,0.0,0.0,0.0,4.2
1.2,1.0,0.0,1.0,0.0,4.2
1.2539,1.0,0.0,1.0,0.0,4.2
1.3,1.0,0.0,1.0,0.0,4.2
1.3539,1.0,0.0,1.0,0.0,4.2
1.4,1.0,0.0,1.0,0.0,4.2
1.4539,1.0,0.0,1.0,0.0,4.2
1.5,1.0,0.0,1.0,0.0,4.2
1.5539,1.0,0.0,1.0,0.0,4.2
1.6,1.0,0.0,1.0,0.0,4.2
1.6539,1.0,0.0,1.0,0.0,4.2
1.7,1.0,0.0,1.0,0.0,4.2
1.7539,1.0,0.0,1.0,0.0,4.2
1.8,1.0,0.0,1.0,0.0,4.2
1.8539,1.0,0.0,1.0,0.0,4.2
1.9,1.0,0.0,1.0,0.0,4.2
1.9539,1.0,0.0,1.0,0.0,4.2
2.0,1.0,0.0,1.0,0.0,4.2
2.0539,1.0,0.0,1.0,0.0,4.2
2.1,1.0,0.0,1.0,0.0,4.2
2.1539,1.0,0.0,1.0,0.0,4.2
2.2,0.0,0.0,1.0,0.0,4.2
2.2539,0.0,0.0,1.0,0.0,4.2
2.3,0.0,0.0,1.0,0.0,4.2
2.3539,0.0,0.0,1.0,0.0,4.2
2.4,0.0,0.0,1.0,0.0,4.2
2.4539,0.0,0.0,1.0,0.0,4.2
2.5,0.0,0.0,1.0,0.0,4.2
2.5539,0.0,0.0,1.0,0.0,4.2
2.6,0.0,0.0,1.0,0.0,4.2
2.6539,0.0,0.0,1.0,0.0,4.2
2.7,0.0,0.0,1.0,0.0,4.2
2.7539,0.0,0.0,1.0,0.0,4.2
2.8,0.0,0.0,1.0,0.0,4.2
2.8539,0.0,0.0,1.0,0.0,4.2
2.9,0.0,0.0,1.0,0.0,4.2
2.9539,0.0,0.0,1.0,0.0,4.2
3.0,0.0,0.0,1.0,0.0,4.2
3.0539,0.0,0.0,1.0,0.0,4.2
3.1,0.0,0.0,1.0,0.0,4.2
3.1539,0.0,0.0,1.0,0.0,4.2
3.2,0.0,0.0,1.0,0.0,4.2
3.2539,0.0,0.0,1.0,0.0,4.2
3.3,0.0,0.0,1.0,0.0,4.2
3.3539,0.0,0.0,1.0,0.0,4.2
3.4,0.0,0.0,1.0,0.0,4.2
3.4539,0.0,0.0,1.0,0.0,4.2
3.5,0.0,0.0,1.0,0.0,4.2
3.5539,0.0,0.0,1.0,0.0,4.2
3.6,0.0,0.0,1.0,0.0,4.2
3.6539,0.0,0.0,1.0,0.0,4.2
3.7,0.0,0.0,1.0,0.0,4.2
3.7539,0.0,0.0,1.0,0.0,4.2
3.8,0.0,0.0,1.0,0.0,4.2
3.8539,0.0,0.0,1.0,0.0,4.2
3.9,0.0,0.0,1.0,0.0,4.2
3.9539,0.0,0.0,1.0,0.0,4.2
4.0,0.0,0.0,1.0,0.0,4.2
4.0539,0.0,0.0,1.0,0.0,4.2
4.1,0.0,0.0,1.0,0.0,4.2
4.1539,0.0,0.0,1.0,0.0,4.2
4.2,0.0,0.0,1.0,0.0,4.2
4.2539,0.0,0.0,1.0,0.0,4.2
4.3,0.0,0.0,1.0,0.0,4.2
4.3539,0.0,0.0,1.0,0.0,4.2
4.4,0.0,0.0,1.0,0.0,4.2
4.4539,0.0,0.0,1.0,0.0,4.2
4.5,0.0,0.0,1.0,0.0,4.2
4.5539,0.0,0.0,1.0,0.0,4.2
4.6,0.0,0.0,1.0,0.0,4.2
4.6539,0.0,0.0,1.0,0.0,4.2
4.7,0.0,0.0,1.0,0.0,4.2
4.7539,0.0,0.0,1.0,0.0,4.2
4.8,0.0,0.0,1.0,0.0,4.2
4.8539,0.0,0.0,1.0,0.0,4.2
4.9,0.0,0.0,1.0,0.0,4.2
4.9539,0.0,0.0,1.0,0.0,4.2
5.0,0.0,0.0,1.0,0.0,4.2
5.0539,0.0,0.0,1.0,0.0,4.2
5.1,0.0,0.0,1.0,0.0,4.2
5.1539,0.0,0.0,1.0,0.0,4.2
5.2,0.0,0.0,1.0,0.0,4.2
5.2539,0.0,0.0,1.0,0.0,4.2
5.3,0.0,0.0,1.0,0.0,4.2
5.3539,0.0,0.0,1.0,0.0,4.2
5.4,0.0,0.0,1.0,0.0,4.2
5.4539,0.0,0.0,1.0,0.0,4.2
5.5,0.0,0.0,1.0,0.0,4.2
5.5539,0.0,0.0,1.0,0.0,4.2
5.6,0.0,0.0,1.0,0.0,4.2
5.6539,0.0,0.0,1.0,0.0,4.2
5.7,0.0,0.0,1.0,0.0,4.2
5.7539,0.0,0.0,1.0,0.0,4.2
5.8,0.0,0.0,1.0,0.0,4.2
5.8539,0.0,0.0,1.0,0.0,4.2
5.9,0.0,0.0,1.0,0.0,4.2
5.9539,0.0,0.0,1.0,0.0,4.2
6.0,0.0,0.0,1.0,0.0,4.2
6.0539,0.0,0.0,1.0,0.0,4.2
6.1,0.0,0.0,1.0,0.0,4.2
6.1539,0.0,0.0,1.0,0.0,4.2
6.2,0.0,0.0,1.0,0.0,4.2
6.2539,0.0,0.0,1.0,0.0,4.2
6.3,0.0,0.0,1.0,0.0,4.2
6.3539,0.0,0.0,1.0,0.0,4.2
6.4,0.0,0.0,1.0,0.0,4.2
6.4539,0.0,0.0,1.0,0.0,4.2
6.5,0.0,0.0,1.0,0.0,4.2
6.5539,0.0,0.0,1.0,0.0,4.2
6.6,0.0,0.0,1.0,0.0,4.2
6.6539,0.0,0.0,1.0,0.0,4.2
6.7,0.0,0.0,1.0,0.0,4.2
6.7539,0.0,0.0,1.0,0.0,4.2
6.8,0.0,0.0,1.0,0.0,4.2
6.8539,0.0,0.0,1.0,0.0,4.2
6.9,0.0,0.0,1.0,0.0,4.2
6.9539,0.0,0.0,1.0,0.0,4.2
7.0,0.0,0.0,1.0,0.0,4.2
7.0539,0.0,0.0,1.0,0.0,4.2
7.1,0.0,0.0,1.0,0.0,4.2
7.1539,0.0,0.0,1.0,0.0,4.2
7.2,0.0,0.0,1.0,0.0,4.2
7.2539,0.0,0.0,1.0,0.0,4.2
7.3,0.0,0.0,1.0,0.0,4.2
7.3539,0.0,0.0,1.0,0.0,4.2
7.4,0.0,0.0,1.0,0.0,4.2
7.4539,0.0,0.0,1.0,0.0,4.2
7.5,0.0,0.0,1.0,0.0,4.2
7.5539,0.0,0.0,1.0,0.0,4.2
7.6,0.0,0.0,1.0,0.0,4.2
7.6539,0.0,0.0,1.0,0.0,4.2
7.7,0.0,0.0,1.0,0.0,4.2
7.7539,0.0,0.0,1.0,0.0,4.2
7.8,0.0,0.0,1.0,0.0,4.2
7.8539,0.0,0.0,1.0,0.0,4.2
7.9,0.0,0.0,1.0,0.0,4.2
7.9539,0.0,0.0,1.0,0.0,4.2
8.0,0.0,0.0,1.0,0.0,4.2
8.0539,0.0,0.0,1.0,0.0,4.2
8.1,0.0,0.0,1.0,0.0,4.2
8.1539,0.0,0.0,1.0,0.0,4.2
8.2,0.0,0.0,1.0,0.0,4.2
8.2539,0.0,0.0,1.0,0.0,4.2
8.3,0.0,0.0,1.0,0.0,4.2
8.3539,0.0,0.0,1.0,0.0,4.2
8.4,0.0,0.0,1.0,0.0,4.2
8.4539,0.0,0.0,1.0,0.0,4.2
8.5,0.0,0.0,1.0,0.0,4.2
8.5539,0.0,0.0,1.0,0.0,4.2
8.6,0.0,0.0,1.0,0.0,4.2
8.6539,0.0,0.0,1.0,0.0,4.2
8.7,0.0,0.0,1.0,0.0,4.2
8.7539,0.0,0.0,1.0,0.0,4.2
8.8,0.0,0.0,1.0,0.0,4.2
8.8539,0.0,0.0,1.0,0.0,4.2
8.9,0.0,0.0,1.0,0.0,4.2
8.9539,0.0,0.0,1.0,0.0,4.2
9.0,0.0,0.0,1.0,0.0,4.2
9.0539,0.0,0.0,1.0,0.0,4.2
9.1,0.0,0.0,1.0,0.0,4.2
9.1539,0.0,0.0,1.0,0.0,4.2
9.2,0.0,0.0,1.0,0.0,4.2
9.2539,0.0,0.0,1.0,0.0,4.2
9.3,0.0,0.0,1.0,0.0,4.2
9.3539,0.0,0.0,1.0,0.0,4.2
9.4,0.0,0.0,1.0,0.0,4.2
9.4539,0.0,0.0,1.0,0.0,4.2
9.5,0.0,0.0,1.0,0.0,4.2
9.5539,0.0,0.0,1.0,0.0,4.2
9.6,0.0,0.0,1.0,0.0,4.2
9.6539,0.0,0.0,1.0,0.0,4.2
9.7,0.0,0.0,1.0,0.0,4.2
9.7539,0.0,0.0,1.0,0.0,4.2
9.8,0.0,0.0,1.0,0.0,4.2
9.8539,0.0,0.0,1.0,0.0,4.2
9.9,0.0,0.0,1.0,0.0,4.2
9.9539,0.0,0.0,1.0,0.0,4.2
10.0,0.0,0.0,1.0,0.0,4.2
10.0539,0.0,0.0,1.0,0.0,4.2
10.1,0.0,0.0,1.0,0.0,4.2
10.1539,0.0,0.0,1.0,0.0,4.2
10.2,0.0,0.0,1.0,0.0,4.2
10.2539,0.0,0.0,1.0,0.0,4.2
10.3,0.0,0.0,1.0,0.0,4.2
10.3539,0.0,0.0,1.0,0.0,4.2
10.4,0.0,0.0,1.0,0.0,4.2
10.4539,0.0,0.0,1.0,0.0,4.2
10.5,0.0,0.0,1.0,0.0,4.2
10.5539,0.0,0.0,1.0,0.0,4.2
10.6,0.0,0.0,1.0,0.0,4.2
10.6539,0.0,0.0,1.0,0.0,4.2
10.7,0.0,0.0,1.0,0.0,4.2
10.7539,0.0,0.0,1.0,0.0,4.2
10.8,0.0,0.0,1.0,0.0,4.2
10.8539,0.0,0.0,1.0,0.0,4.2
10.9,0.0,0.0,1.0,0.0,4.2
10.9539,0.0,0.0,1.0,0.0,4.2
11.0,0.0,0.0,1.0,0.0,4.2
11.0539,0.0,0.0,1.0,0.0,4.2
11.1,0.0,0.0,1.0,0.0,4.2
11.1539,0.0,0.0,1.0,0.0,4.2
11.2,0.0,0.0,1.0,0.0,4.2
11.2539,0.0,0.0,1.0,0.0,4.2
11.3,0.0,0.0,1.0,0.0,4.2
11.3539,0.0,0.0,1.0,0.0,4.2
11.4,0.0,0.0,1.0,0.0,4.2
11.4539,0.0,0.0,1.0,0.0,4.2
11.5,0.0,0.0,1.0,0.0,4.2
11.5539,0.0,0.0,1.0,0.0,4.2
11.6,0.0,0.0,1.0,0.0,4.2
11.6539,0.0,0.0,1.0,0.0,4.2
11.7,0.0,0.0,1.0,0.0,4.2
11.7539,0.0,0.0,1.0,0.0,4.2
11.8,0.0,0.0,1.0,0.0,4.2
11.8539,0.0,0.0,1.0,0.0,4.2
11.9,0.0,0.0,1.0,0.0,4.2
11.9539,0.0,0.0,1.0,0.0,4.2
12.0,0.0,0.0,1.0,0.0,4.2
12.0539,0.0,0.0,1.0,0.0,4.2
12.1,0.0,0.0,1.0,0.0,4.2
12.1539,0.0,0.0,1.0,0.0,4.2
12.2,0.0,0.0,1.0,0.0,4.2
12.2539,0.0,0.0,1.0,0.0,4.2
12.3,0.0,0.0,1.0,0.0,4.2
12.3539,0.0,0.0,1.0,0.0,4.2
12.4,0.0,0.0,1.0,0.0,4.2
12.4539,0.0,0.0,1.0,0.0,4.2
12.5,0.0,0.0,1.0,0.0,4.2
12.5539,0.0,0.0,1.0,0.0,4.2
12.6,0.0,0.0,1.0,0.0,4.2
12.6539,0.0,0.0,1.0,0.0,4.2
12.7,0.0,0.0,1.0,0.0,4.2
12.7539,0.0,0.0,1.0,0.0,4.2
12.8,0.0,0.0,1.0,0.0,4.2
12.8539,0.0,0.0,1.0,0.0,4.2
12.9,0.0,0.0,1.0,0.0,4.2
12.9539,0.0,0.0,1.0,0.0,4.2
13.0,0.0,0.0,1.0,0.0,4.2
13.0539,0.0,0.0,1.0,0.0,4.2
13.1,0.0,0.0,1.0,0.0,4.2
13.1539,0.0,0.0,1.0,0.0,4.2
13.2,0.0,0.0,1.0,0.0,4.2
13.2539,0.0,0.0,1.0,0.0,4.2
13.3,0.0,0.0,1.0,0.0,4.2
13.3539,0.0,0.0,1.0,0.0,4.2
13.4,0.0,0.0,1.0,0.0,4.2
13.4539,0.0,0.0,1.0,0.0,4.2
13.5,0.0,0.0,1.0,0.0,4.2
13.5539,0.0,0.0,1.0,0.0,4.2
13.6,0.0,0.0,1.0,0.0,4.2
13.6539,0.0,0.0,1.0,0.0,4.2
13.7,0.0,0.0,1.0,0.0,4.2
13.7539,0.0,0.0,1.0,0.0,4.2
13.8,0.0,0.0,1.0,0.0,4.2
13.8539,0.0,0.0,1.0,0.0,4.2
13.9,0.0,0.0,1.0,0.0,4.2
13.9539,0.0,0.0,1.0,0.0,4.2
14.0,0.0,0.0,1.0,0.0,4.2
14.0539,0.0,0.0,1.0,0.0,4.2
14.1,0.0,0.0,1.0,0.0,4.2
14.1539,0.0,0.0,1.0,0.0,4.2
14.2,0.0,0.0,1.0,0.0,4.2
14.2539,0.0,0.0,1.0,0.0,4.2
14.3,0.0,0.0,1.0,0.0,4.2
14.3539,0.0,0.0,1.0,0.0,4.2
14.4,0.0,0.0,1.0,0.0,4.2
14.4539,0.0,0.0,1.0,0.0,4.2
14.5,0.0,0.0,1.0,0.0,4.2
14.5539,0.0,0.0,1.0,0.0,4.2
14.6,0.0,0.0,1.0,0.0,4.2
14.6539,0.0,0.0,1.0,0.0,4.2
14.7,0.0,0.0,1.0,0.0,4.2
14.7539,0.0,0.0,1.0,0.0,4.2
14.8,0.0,0.0,1.0,0.0,4.2
14.8539,0.0,0.0,1.0,0.0,4.2
14.9,0.0,0.0,1.0,0.0,4.2
14.9539,0.0,0.0,1.0,0.0,4.2
15.0,0.0,0.0,1.0,0.0,4.2
15.0539,0.0,0.0,1.0,0.0,4.2
15.1,0.0,0.0,1.0,0.0,4.2
15.1539,0.0,0.0,1.0,0.0,4.2
15.2,0.0,0.0,1.0,0.0,4.2
15.2539,0.0,0.0,1.0,0.0,4.2
15.3,0.0,0.0,1.0,0.0,4.2
15.3539,0.0,0.0,1.0,0.0,4.2
15.4,0.0,0.0,1.0,0.0,4.2
15.4539,0.0,0.0,1.0,0.0,4.2
15.5,0.0,0.0,1.0,0.0,4.2
15.5539,0.0,0.0,1.0,0.0,4.2
15.6,0.0,0.0,1.0,0.0,4.2
15.6539,0.0,0.0,1.0,0.0,4.2
15.7,0.0,0.0,1.0,0.0,4.2
15.7539,0.0,0.0,1.0,0.0,4.2
15.8,0.0,0.0,1.0,0.0,4.2
15.8539,0.0,0.0,1.0,0.0,4.2
15.9,0.0,0.0,1.0,0.0,4.2
15.9539,0.0,0.0,1.0,0.0,4.2
16.0,0.0,0.0,1.0,0.0,4.2
16.0539,0.0,0.0,1.0,0.0,4.2
16.1,0.0,0.0,1.0,0.0,4.2
16.1539,0.0,0.0,1.0,0.0,4.2
16.2,0.0,0.0,1.0,0.0,4.2
16.2539,0.0,0.0,1.0,0.0,4.2
16.3,0.0,0.0,1.0,0.0,4.2
16.3539,0.0,0.0,1.0,0.0,4.2
16.4,0.0,0.0,1.0,0.0,4.2
16.4539,0.0,0.0,1.0,0.0,4.2
16.5,0.0,0.0,1.0,0.0,4.2
16.5539,0.0,0.0,1.0,0.0,4.2
16.6,0.0,0.0,1.0,0.0,4.2
16.6539,0.0,0.0,1.0,0.0,4.2
16.7,0.0,0.0,1.0,0.0,4.2
16.7539,0.0,0.0,1.0,0.0,4.2
16.8,0.0,0.0,1.0,0.0,4.2
16.8539,0.0,0.0,1.0,0.0,4.2
16.9,0.0,0.0,1.0,0.0,4.2
16.9539,0.0,0.0,1.0,0.0,4.2
17.0,0.0,0.0,1.0,0.0,4.2
17.0539,0.0,0.0,1.0,0.0,4.2
17.1,0.0,0.0,1.0,0.0,4.2
17.1539,0.0,0.0,1.0,0.0,4.2
17.2,0.0,0.0,1.0,0.0,4.2
17.2539,0.0,0.0,1.0,0.0,4.2
17.3,0.0,0.0,1.0,0.0,4.2
17.3539,0.0,0.0,1.0,0.0,4.2
17.4,0.0,0.0,1.0,0.0,4.2
17.4539,0.0,0.0,1.0,0.0,4.2
17.5,0.0,0.0,1.0,0.0,4.2
17.5539,0.0,0.0,1.0,0.0,4.2
17.6,0.0,0.0,1.0,0.0,4.2
17.6539,0.0,0.0,1.0,0.0,4.2
17.7,0.0,0.0,1.0,0.0,4.2
17.7539,0.0,0.0,1.0,0.0,4.2
17.8,0.0,0.0,1.0,0.0,4.2
17.8539,0.0,0.0,1.0,0.0,4.2
17.9,0.0,0.0,1.0,0.0,4.2
17.9539,0.0,0.0,1.0,0.0,4.2
18.0,0.0,0.0,1.0,0.0,4.2
18.0539,0.0,0.0,1.0,0.0,4.2
18.1,0.0,0.0,1.0,0.0,4.2
18.1539,0.0,0.0,1.0,0.0,4.2
18.2,0.0,0.0,1.0,0.0,4.2
18.2539,0.0,0.0,1.0,0.0,4.2
18.3,0.0,0.0,1.0,0.0,4.2
18.3539,0.0,0.0,1.0,0.0,4.2
18.4,0.0,0.0,1.0,0.0,4.2
18.4539,0.0,0.0,1.0,0.0,4.2
18.5,0.0,0.0,1.0,0.0,4.2
18.5539,0.0,0.0,1.0,0.0,4.2
18.6,0.0,0.0,1.0,0.0,4.2
18.6539,0.0,0.0,1.0,0.0,4.2
18.7,0.0,0.0,1.0,0.0,4.2
18.7539,0.0,0.0,1.0,0.0,4.2
18.8,0.0,0.0,1.0,0.0,4.2
18.8539,0.0,0.0,1.0,0.0,4.2
18.9,0.0,0.0,1.0,0.0,4.2
18.9539,0.0,0.0,1.0,0.0,4.2
19.0,0.0,0.0,1.0,0.0,4.2
19.0539,0.0,0.0,1.0,0.0,4.2
19.1,0.0,0.0,1.0,0.0,4.2
19.1539,0.0,0.0,1.0,0.0,4.2
19.2,0.0,0.0,1.0,0.0,4.2
19.2539,0.0,0.0,1.0,0.0,4.2
19.3,0.0,0.0,1.0,0.0,4.2
19.3539,0.0,0.0,1.0,0.0,4.2
19.4,0.0,0.0,1.0,0.0,4.2
19.4539,0.0,0.0,1.0,0.0,4.2
19.5,0.0,0.0,1.0,0.0,4.2
19.5539,0.0,0.0,1.0,0.0,4.2
19.6,0.0,0.0,1.0,0.0,4.2
19.6539,0.0,0.0,1.0,0.0,4.2
19.7,0.0,0.0,1.0,0.0,4.2
19.7539,0.0,0.0,1.0,0.0,4.2
19.8,0.0,0.0,1.0,0.0,4.2
19.8539,0.0,0.0,1.0,0.0,4.2
19.9,0.0,0.0,1.0,0.0,4.2
19.9539,0.0,0.0,1.0,0.0,4.2
20.0,0.0,0.0,1.0,0.0,4.2
20.0539,0.0,0.0,1.0,0.0,4.2
20.1,0.0,0.0,1.0,0.0,4.2
20.1539,0.0,0.0,1.0,0.0,4.2
20.2,0.0,0.0,1.0,0.0,4.2
20.2539,0.0,0.0,1.0,0.0,4.2
20.3,0.0,0.0,1.0,0.0,4.2
20.3539,0.0,0.0,1.0,0.0,4.2
20.4,0.0,0.0,1.0,0.0,4.2
20.4539,0.0,0.0,1.0,0.0,4.2
20.5,0.0,0.0,1.0,0.0,4.2
20.5539,0.0,0.0,1.0,0.0,4.2
20.6,0.0,0.0,1.0,0.0,4.2
20.6539,0.0,0.0,1.0,0.0,4.2
20.7,0.0,0.0,1.0,0.0,4.2
20.7539,0.0,0.0,1.0,0.0,4.2
20.8,0.0,0.0,1.0,0.0,4.2
20.8539,0.0,0.0,1.0,0.0,4.2
20.9,0.0,0.0,1.0,0.0,4.2
20.9539,0.0,0.0,1.0,0.0,4.2
21.0,0.0,0.0,1.0,0.0,4.2
21.0539,0.0,0.0,1.0,0.0,4.2
21.1,0.0,0.0,1.0,0.0,4.2
21.1539,0.0,0.0,1.0,0.0,4.2
21.2,0.0,0.0,1.0,0.0,4.2
21.2539,0.0,0.0,1.0,0.0,4.2
21.3,0.0,0.0,1.0,0.0,4.2
21.3539,0.0,0.0,1.0,0.0,4.2
21.4,0.0,0.0,1.0,0.0,4.2
21.4539,0.0,0.0,1.0,0.0,4.2
21.5,0.0,0.0,1.0,0.0,4.2
21.5539,0.0,0.0,1.0,0.0,4.2
21.6,0.0,0.0,1.0,0.0,4.2
21.6539,0.0,0.0,1.0,0.0,4.2
21.7,0.0,0.0,1.0,0.0,4.2
21.7539,0.0,0.0,1.0,0.0,4.2
21.8,0.0,0.0,1.0,0.0,4.2
21.8539,0.0,0.0,1.0,0.0,4.2
21.9,0.0,0.0,1.0,0.0,4.2
21.9539,0.0,0.0,1.0,0.0,4.2
22.0,0.0,0.0,1.0,0.0,4.2
22.0539,0.0,0.0,1.0,0.0,4.2
22.1,0.0,0.0,1.0,0.0,4.2
22.1539,0.0,0.0,1.0,0.0,4.2
22.2,0.0,0.0,1.0,0.0,4.2
22.2539,0.0,0.0,1.0,0.0,4.2
22.3,0.0,0.0,1.0,0.0,4.2
22.3539,0.0,0.0,1.0,0.0,4.2
22.4,1.0,0.0,1.0,0.0,4.2
22.4539,1.0,0.0,1.0,0.0,4.2
22.5,1.0,0.0,1.0,0.0,4.2
22.5539,1.0,0.0,1.0,0.0,4.2
22.6,1.0,0.0,1.0,0.0,4.2
22.6539,1.0,0.0,1.0,0.0,4.2
22.7,1.0,0.0,1.0,0.0,4.2
22.7539,1.0,0.0,1.0,0.0,4.2
22.8,1.0,0.0,1.0,0.0,4.2
22.8539,1.0,0.0,1.0,0.0,4.2
22.9,1.0,0.0,1.0,0.0,4.2
22.9539,1.0,0.0,1.0,0.0,4.2
23.0,1.0,0.0,1.0,0.0,4.2
23.0539,1.0,0.0,1.0,0.0,4.2
23.1,1.0,0.0,1.0,0.0,4.2
23.1539,1.0,0.0,1.0,0.0,4.2
23.2,1.0,0.0,1.0,0.0,4.2
23.2539,1.0,0.0,1.0,0.0,4.2
23.3,1.0,1.0,1.0,0.0,4.2
23.3539,1.0,1.0,1.0,0.0,4.2
23.4,1.0,1.0,0.0,0.0,4.2
23.4539,1.0,1.0,0.0,0.0,4.2
23.5,1.0,1.0,0.0,0.0,4.2
23.5539,1.0,1.0,0.0,0.0,4.2
23.6,1.0,1.0,0.0,0.0,4.2
23.6539,1.0,1.0,0.0,0.0,4.2
23.7,1.0,1.0,0.0,0.0,4.2
23.7539,1.0,1.0,0.0,0.0,4.2
23.8,1.0,1.0,0.0,0.0,4.2
23.8539,1.0,1.0,0.0,0.0,4.2
23.9,1.0,1.0,0.0,0.0,4.2
23.9539,1.0,1.0,0.0,0.0,4.2
24.0,1.0,1.0,0.0,0.0,4.2
24.0539,1.0,1.0,0.0,0.0,4.2
24.1,1.0,1.0,0.0,0.0,4.2
24.1539,1.0,1.0,0.0,0.0,4.2
24.2,1.0,1.0,0.0,0.0,4.2
24.2539,1.0,1.0,0.0,0.0,4.2
24.3,0.0,1.0,0.0,0.0,4.2
24.3539,0.0,1.0,0.0,0.0,4.2
24.4,0.0,1.0,0.0,0.0,4.2
24.4539,0.0,1.0,0.0,0.0,4.2
24.5,0.0,1.0,0.0,0.0,4.2
24.5539,0.0,1.0,0.0,0.0,4.2
24.6,0.0,1.0,0.0,0.0,4.2
24.6539,0.0,1.0,0.0,0.0,4.2
24.7,0.0,1.0,0.0,0.0,4.2
24.7539,0.0,1.0,0.0,0.0,4.2
24.8,0.0,1.0,0.0,0.0,4.2
24.8539,0.0,1.0,0.0,0.0,4.2
24.9,0.0,1.0,0.0,0.0,4.2
24.9539,0.0,1.0,0.0,0.0,4.2
25.0,0.0,1.0,0.0,0.0,4.2
25.0539,0.0,1.0,0.0,0.0,4.2
25.1,0.0,1.0,0.0,0.0,4.2
25.1539,0.0,1.0,0.0,0.0,4.2
25.2,0.0,1.0,0.0,0.0,4.2
25.2539,0.0,1.0,0.0,0.0,4.2
25.3,0.0,1.0,0.0,0.0,4.2
25.3539,0.0,1.0,0.0,0.0,4.2
25.4,0.0,1.0,0.0,0.0,4.2
25.4539,0.0,1.0,0.0,0.0,4.2
25.5,0.0,1.0,0.0,0.0,4.2
25.5539,0.0,1.0,0.0,0.0,4.2
25.6,0.0,1.0,0.0,0.0,4.2
25.6539,0.0,1.0,0.0,0.0,4.2
25.7,0.0,1.0,0.0,0.0,4.2
25.7539,0.0,1.0,0.0,0.0,4.2
25.8,0.0,1.0,0.0,0.0,4.2
25.8539,0.0,1.0,0.0,0.0,4.2
25.9,0.0,1.0,0.0,0.0,4.2
25.9539,0.0,1.0,0.0,0.0,4.2
26.0,0.0,1.0,0.0,0.0,4.2
26.0539,0.0,1.0,0.0,0.0,4.2
26.1,0.0,1.0,0.0,0.0,4.2
26.1539,0.0,1.0,0.0,0.0,4.2
26.2,0.0,1.0,0.0,0.0,4.2
26.2539,0.0,1.0,0.0,0.0,4.2
26.3,0.0,1.0,0.0,0.0,4.2
26.3539,0.0,1.0,0.0,0.0,4.2
26.4,0.0,1.0,0.0,0.0,4.2
26.4539,0.0,1.0,0.0,0.0,4.2
26.5,0.0,1.0,0.0,0.0,4.2
26.5539,0.0,1.0,0.0,0.0,4.2
26.6,0.0,1.0,0.0,0.0,4.2
26.6539,0.0,1.0,0.0,0.0,4.2
26.7,0.0,1.0,0.0,0.0,4.2
26.7539,0.0,1.0,0.0,0.0,4.2
26.8,0.0,1.0,0.0,0.0,4.2
26.8539,0.0,1.0,0.0,0.0,4.2
26.9,0.0,1.0,0.0,0.0,4.2
26.9539,0.0,1.0,0.0,0.0,4.2
27.0,0.0,1.0,0.0,0.0,4.2
27.0539,0.0,1.0,0.0,0.0,4.2
27.1,0.0,1.0,0.0,0.0,4.2
27.1539,0.0,1.0,0.0,0.0,4.2
27.2,0.0,1.0,0.0,0.0,4.2
27.2539,0.0,1.0,0.0,0.0,4.2
27.3,0.0,1.0,0.0,0.0,4.2
27.3539,0.0,1.0,0.0,0.0,4.2
27.4,0.0,1.0,0.0,0.0,4.2
27.4539,0.0,1.0,0.0,0.0,4.2
27.5,0.0,1.0,0.0,0.0,4.2
27.5539,0.0,1.0,0.0,0.0,4.2
27.6,0.0,1.0,0.0,0.0,4.2
27.6539,0.0,1.0,0.0,0.0,4.2
27.7,0.0,1.0,0.0,0.0,4.2
27.7539,0.0,1.0,0.0,0.0,4.2
27.8,0.0,1.0,0.0,0.0,4.2
27.8539,0.0,1.0,0.0,0.0,4.2
27.9,0.0,1.0,0.0,0.0,4.2
27.9539,0.0,1.0,0.0,0.0,4.2
28.0,0.0,1.0,0.0,0.0,4.2
28.0539,0.0,1.0,0.0,0.0,4.2
28.1,0.0,1.0,0.0,0.0,4.2
28.1539,0.0,1.0,0.0,0.0,4.2
28.2,0.0,1.0,0.0,0.0,4.2
28.2539,0.0,1.0,0.0,0.0,4.2
28.3,0.0,1.0,0.0,0.0,4.2
28.3539,0.0,1.0,0.0,0.0,4.2
28.4,0.0,1.0,0.0,0.0,4.2
28.4539,0.0,1.0,0.0,0.0,4.2
28.5,0.0,1.0,0.0,0.0,4.2
28.5539,0.0,1.0,0.0,0.0,4.2
28.6,0.0,1.0,0.0,0.0,4.2
28.6539,0.0,1.0,0.0,0.0,4.2
28.7,0.0,1.0,0.0,0.0,4.2
28.7539,0.0,1.0,0.0,0.0,4.2
28.8,0.0,1.0,0.0,0.0,4.2
28.8539,0.0,1.0,0.0,0.0,4.2
28.9,0.0,1.0,0.0,0.0,4.2
28.9539,0.0,1.0,0.0,0.0,4.2
29.0,0.0,1.0,0.0,0.0,4.2
29.0539,0.0,1.0,0.0,0.0,4.2
29.1,0.0,1.0,0.0,0.0,4.2
29.1539,0.0,1.0,0.0,0.0,4.2
29.2,0.0,1.0,0.0,0.0,4.2
29.2539,0.0,1.0,0.0,0.0,4.2
29.3,0.0,1.0,0.0,0.0,4.2
29.3539,0.0,1.0,0.0,0.0,4.2
29.4,0.0,1.0,0.0,0.0,4.2
29.4539,0.0,1.0,0.0,0.0,4.2
29.5,0.0,1.0,0.0,0.0,4.2
29.5539,0.0,1.0,0.0,0.0,4.2
29.6,0.0,1.0,0.0,0.0,4.2
29.6539,0.0,1.0,0.0,0.0,4.2
29.7,0.0,1.0,0.0,0.0,4.2
29.7539,0.0,1.0,0.0,0.0,4.2
29.8,0.0,1.0,0.0,0.0,4.2
29.8539,0.0,1.0,0.0,0.0,4.2
29.9,0.0,1.0,0.0,0.0,4.2
29.9539,0.0,1.0,0.0,0.0,4.2
30.0,0.0,1.0,0.0,0.0,4.2
30.0539,0.0,1.0,0.0,0.0,4.2
30.1,0.0,1.0,0.0,0.0,4.2
30.1539,0.0,1.0,0.0,0.0,4.2
30.2,0.0,1.0,0.0,0.0,4.2
30.2539,0.0,1.0,0.0,0.0,4.2
30.3,0.0,1.0,0.0,0.0,4.2
30.3539,0.0,1.0,0.0,0.0,4.2
30.4,0.0,1.0,0.0,0.0,4.2
30.4539,0.0,1.0,0.0,0.0,4.2
30.5,0.0,1.0,0.0,0.0,4.2
30.5539,0.0,1.0,0.0,0.0,4.2
30.6,0.0,1.0,0.0,0.0,4.2
30.6539,0.0,1.0,0.0,0.0,4.2
30.7,0.0,1.0,0.0,0.0,4.2
30.7539,0.0,1.0,0.0,0.0,4.2
30.8,0.0,1.0,0.0,0.0,4.2
30.8539,0.0,1.0,0.0,0.0,4.2
30.9,0.0,1.0,0.0,0.0,4.2
30.9539,0.0,1.0,0.0,0.0,4.2
31.0,0.0,1.0,0.0,0.0,4.2
31.0539,0.0,1.0,0.0,0.0,4.2
31.1,0.0,1.0,0.0,0.0,4.2
31.1539,0.0,1.0,0.0,0.0,4.2
31.2,0.0,1.0,0.0,0.0,4.2
31.2539,0.0,1.0,0.0,0.0,4.2
31.3,0.0,1.0,0.0,0.0,4.2
31.3539,0.0,1.0,0.0,0.0,4.2
31.4,0.0,1.0,0.0,0.0,4.2
31.4539,0.0,1.0,0.0,0.0,4.2
31.5,0.0,1.0,0.0,0.0,4.2
31.5539,0.0,1.0,0.0,0.0,4.2
31.6,0.0,1.0,0.0,0.0,4.2
31.6539,0.0,1.0,0.0,0.0,4.2
31.7,0.0,1.0,0.0,0.0,4.2
31.7539,0.0,1.0,0.0,0.0,4.2
31.8,0.0,1.0,0.0,0.0,4.2
31.8539,0.0,1.0,0.0,0.0,4.2
31.9,0.0,1.0,0.0,0.0,4.2
31.9539,0.0,1.0,0.0,0.0,4.2
32.0,0.0,1.0,0.0,0.0,4.2
32.0539,0.0,1.0,0.0,0.0,4.2
32.1,0.0,1.0,0.0,0.0,4.2
32.1539,0.0,1.0,0.0,0.0,4.2
32.2,0.0,1.0,0.0,0.0,4.2
32.2539,0.0,1.0,0.0,0.0,4.2
32.3,0.0,1.0,0.0,0.0,4.2
32.3539,0.0,1.0,0.0,0.0,4.2
32.4,0.0,1.0,0.0,0.0,4.2
32.4539,0.0,1.0,0.0,0.0,4.2
32.5,0.0,1.0,0.0,0.0,4.2
32.5539,0.0,1.0,0.0,0.0,4.2
32.6,0.0,1.0,0.0,0.0,4.2
32.6539,0.0,1.0,0.0,0.0,4.2
32.7,0.0,1.0,0.0,0.0,4.2
32.7539,0.0,1.0,0.0,0.0,4.2
32.8,0.0,1.0,0.0,0.0,4.2
32.8539,0.0,1.0,0.0,0.0,4.2
32.9,0.0,1.0,0.0,0.0,4.2
32.9539,0.0,1.0,0.0,0.0,4.2
33.0,0.0,1.0,0.0,0.0,4.2
33.0539,0.0,1.0,0.0,0.0,4.2
33.1,0.0,1.0,0.0,0.0,4.2
33.1539,0.0,1.0,0.0,0.0,4.2
33.2,0.0,1.0,0.0,0.0,4.2
33.2539,0.0,1.0,0.0,0.0,4.2
33.3,0.0,1.0,0.0,0.0,4.2
33.3539,0.0,1.0,0.0,0.0,4.2
33.4,0.0,1.0,0.0,0.0,4.2
33.4539,0.0,1.0,0.0,0.0,4.2
33.5,0.0,1.0,0.0,0.0,4.2
33.5539,0.0,1.0,0.0,0.0,4.2
33.6,0.0,1.0,0.0,0.0,4.2
33.6539,0.0,1.0,0.0,0.0,4.2
33.7,0.0,1.0,0.0,0.0,4.2
33.7539,0.0,1.0,0.0,0.0,4.2
33.8,0.0,1.0,0.0,0.0,4.2
33.8539,0.0,1.0,0.0,0.0,4.2
33.9,0.0,1.0,0.0,0.0,4.2
33.9539,0.0,1.0,0.0,0.0,4.2
34.0,0.0,1.0,0.0,0.0,4.2
34.0539,0.0,1.0,0.0,0.0,4.2
34.1,0.0,1.0,0.0,0.0,4.2
34.1539,0.0,1.0,0.0,0.0,4.2
34.2,0.0,1.0,0.0,0.0,4.2
34.2539,0.0,1.0,0.0,0.0,4.2
34.3,0.0,1.0,0.0,0.0,4.2
34.3539,0.0,1.0,0.0,0.0,4.2
34.4,0.0,1.0,0.0,0.0,4.2
34.4539,0.0,1.0,0.0,0.0,4.2
34.5,0.0,1.0,0.0,0.0,4.2
34.5539,0.0,1.0,0.0,0.0,4.2
34.6,0.0,1.0,0.0,0.0,4.2
34.6539,0.0,1.0,0.0,0.0,4.2
34.7,0.0,1.0,0.0,0.0,4.2
34.7539,0.0,1.0,0.0,0.0,4.2
34.8,0.0,1.0,0.0,0.0,4.2
34.8539,0.0,1.0,0.0,0.0,4.2
34.9,0.0,1.0,0.0,0.0,4.2
34.9539,0.0,1.0,0.0,0.0,4.2
35.0,0.0,1.0,0.0,0.0,4.2
35.0539,0.0,1.0,0.0,0.0,4.2
35.1,0.0,1.0,0.0,0.0,4.2
35.1539,0.0,1.0,0.0,0.0,4.2
35.2,0.0,1.0,0.0,0.0,4.2
35.2539,0.0,1.0,0.0,0.0,4.2
35.3,0.0,1.0,0.0,0.0,4.2
35.3539,0.0,1.0,0.0,0.0,4.2
35.4,0.0,1.0,0.0,0.0,4.2
35.4539,0.0,1.0,0.0,0.0,4.2
35.5,0.0,1.0,0.0,0.0,4.2
35.5539,0.0,1.0,0.0,0.0,4.2
35.6,0.0,1.0,0.0,0.0,4.2
35.6539,0.0,1.0,0.0,0.0,4.2
35.7,0.0,1.0,0.0,0.0,4.2
35.7539,0.0,1.0,0.0,0.0,4.2
35.8,0.0,1.0,0.0,0.0,4.2
35.8539,0.0,1.0,0.0,0.0,4.2
35.9,0.0,1.0,0.0,0.0,4.2
35.9539,0.0,1.0,0.0,0.0,4.2
36.0,0.0,1.0,0.0,0.0,4.2
36.0539,0.0,1.0,0.0,0.0,4.2
36.1,0.0,1.0,0.0,0.0,4.2
36.1539,0.0,1.0,0.0,0.0,4.2
36.2,0.0,1.0,0.0,0.0,4.2
36.2539,0.0,1.0,0.0,0.0,4.2
36.3,0.0,1.0,0.0,0.0,4.2
36.3539,0.0,1.0,0.0,0.0,4.2
36.4,0.0,1.0,0.0,0.0,4.2
36.4539,0.0,1.0,0.0,0.0,4.2
36.5,0.0,1.0,0.0,0.0,4.2
36.5539,0.0,1.0,0.0,0.0,4.2
36.6,0.0,1.0,0.0,0.0,4.2
36.6539,0.0,1.0,0.0,0.0,4.2
36.7,0.0,1.0,0.0,0.0,4.2
36.7539,0.0,1.0,0.0,0.0,4.2
36.8,0.0,1.0,0.0,0.0,4.2
36.8539,0.0,1.0,0.0,0.0,4.2
36.9,0.0,1.0,0.0,0.0,4.2
36.9539,0.0,1.0,0.0,0.0,4.2
37.0,0.0,1.0,0.0,0.0,4.2
37.0539,0.0,1.0,0.0,0.0,4.2
37.1,0.0,1.0,0.0,0.0,4.2
37.1539,0.0,1.0,0.0,0.0,4.2
37.2,0.0,1.0,0.0,0.0,4.2
37.2539,0.0,1.0,0.0,0.0,4.2
37.3,0.0,1.0,0.0,0.0,4.2
37.3539,0.0,1.0,0.0,0.0,4.2
37.4,0.0,1.0,0.0,0.0,4.2
37.4539,0.0,1.0,0.0,0.0,4.2
37.5,0.0,1.0,0.0,0.0,4.2
37.5539,0.0,1.0,0.0,0.0,4.2
37.6,0.0,1.0,0.0,0.0,4.2
37.6539,0.0,1.0,0.0,0.0,4.2
37.7,0.0,1.0,0.0,0.0,4.2
37.7539,0.0,1.0,0.0,0.0,4.2
37.8,0.0,1.0,0.0,0.0,4.2
37.8539,0.0,1.0,0.0,0.0,4.2
37.9,0.0,1.0,0.0,0.0,4.2
37.9539,0.0,1.0,0.0,0.0,4.2
38.0,0.0,1.0,0.0,0.0,4.2
38.0539,0.0,1.0,0.0,0.0,4.2
38.1,0.0,1.0,0.0,0.0,4.2
38.1539,0.0,1.0,0.0,0.0,4.2
38.2,0.0,1.0,0.0,0.0,4.2
38.2539,0.0,1.0,0.0,0.0,4.2
38.3,0.0,1.0,0.0,0.0,4.2
38.3539,0.0,1.0,0.0,0.0,4.2
38.4,0.0,1.0,0.0,0.0,4.2
38.4539,0.0,1.0,0.0,0.0,4.2
38.5,0.0,1.0,0.0,0.0,4.2
38.5539,0.0,1.0,0.0,0.0,4.2
38.6,0.0,1.0,0.0,0.0,4.2
38.6539,0.0,1.0,0.0,0.0,4.2
38.7,0.0,1.0,0.0,0.0,4.2
38.7539,0.0,1.0,0.0,0.0,4.2
38.8,0.0,1.0,0.0,0.0,4.2
38.8539,0.0,1.0,0.0,0.0,4.2
38.9,0.0,1.0,0.0,0.0,4.2
38.9539,0.0,1.0,0.0,0.0,4.2
39.0,0.0,1.0,0.0,0.0,4.2
39.0539,0.0,1.0,0.0,0.0,4.2
39.1,0.0,1.0,0.0,0.0,4.2
39.1539,0.0,1.0,0.0,0.0,4.2
39.2,0.0,1.0,0.0,0.0,4.2
39.2539,0.0,1.0,0.0,0.0,4.2
39.3,0.0,1.0,0.0,0.0,4.2
39.3539,0.0,1.0,0.0,0.0,4.2
39.4,0.0,1.0,0.0,0.0,4.2
39.4539,0.0,1.0,0.0,0.0,4.2
39.5,0.0,1.0,0.0,0.0,4.2
39.5539,0.0,1.0,0.0,0.0,4.2
39.6,0.0,1.0,0.0,0.0,4.2
39.6539,0.0,1.0,0.0,0.0,4.2
39.7,0.0,1.0,0.0,0.0,4.2
39.7539,0.0,1.0,0.0,0.0,4.2
39.8,0.0,1.0,0.0,0.0,4.2
39.8539,0.0,1.0,0.0,0.0,4.2
39.9,0.0,1.0,0.0,0.0,4.2
39.9539,0.0,1.0,0.0,0.0,4.2
40.0,0.0,1.0,0.0,0.0,4.2
40.0539,0.0,1.0,0.0,0.0,4.2
40.1,0.0,1.0,0.0,0.0,4.2
40.1539,0.0,1.0,0.0,0.0,4.2
40.2,0.0,1.0,0.0,0.0,4.2
40.2539,0.0,1.0,0.0,0.0,4.2
40.3,0.0,1.0,0.0,0.0,4.2
40.3539,0.0,1.0,0.0,0.0,4.2
40.4,1.0,1.0,0.0,0.0,4.2
40.4539,1.0,1.0,0.0,0.0,4.2
40.5,1.0,1.0,0.0,0.0,4.2
40.5539,1.0,1.0,0.0,0.0,4.2
40.6,1.0,1.0,0.0,0.0,4.2
40.6539,1.0,1.0,0.0,0.0,4.2
40.7,1.0,1.0,0.0,0.0,4.2
40.7539,1.0,1.0,0.0,0.0,4.2
40.8,1.0,1.0,0.0,0.0,4.2
40.8539,1.0,1.0,0.0,0.0,4.2
40.9,1.0,1.0,0.0,0.0,4.2
40.9539,1.0,1.0,0.0,0.0,4.2
41.0,1.0,1.0,0.0,0.0,4.2
41.0539,1.0,1.0,0.0,0.0,4.2
41.1,1.0,1.0,0.0,0.0,4.2
41.1539,1.0,1.0,0.0,0.0,4.2
41.2,1.0,1.0,0.0,0.0,4.2
41.2539,1.0,1.0,0.0,0.0,4.2
41.3,1.0,1.0,0.0,0.0,4.2
41.3539,1.0,1.0,0.0,0.0,4.2
41.4,1.0,0.0,0.0,1.0,4.2
41.4539,1.0,0.0,0.0,1.0,4.2
41.5,1.0,0.0,0.0,1.0,4.2
41.5539,1.0,0.0,0.0,1.0,4.2
41.6,1.0,0.0,0.0,1.0,4.2
41.6539,1.0,0.0,0.0,1.0,4.2
41.7,1.0,0.0,0.0,1.0,4.2
41.7539,1.0,0.0,0.0,1.0,4.2
41.8,1.0,0.0,0.0,1.0,4.2
41.8539,1.0,0.0,0.0,1.0,4.2
41.9,1.0,0.0,0.0,1.0,4.2
41.9539,1.0,0.0,0.0,1.0,4.2
42.0,1.0,0.0,0.0,1.0,4.2
42.0539,1.0,0.0,0.0,1.0,4.2
42.1,1.0,0.0,0.0,1.0,4.2
42.1539,1.0,0.0,0.0,1.0,4.2
42.2,1.0,0.0,0.0,1.0,4.2
42.2539,1.0,0.0,0.0,1.0,4.2
42.3,1.0,0.0,0.0,1.0,4.2
42.3539,1.0,0.0,0.0,1.0,4.2
42.4,0.0,0.0,0.0,1.0,4.2
42.4539,0.0,0.0,0.0,1.0,4.2
42.5,0.0,0.0,0.0,1.0,4.2
42.5539,0.0,0.0,0.0,1.0,4.2
42.6,0.0,0.0,0.0,1.0,4.2
42.6539,0.0,0.0,0.0,1.0,4.2
42.7,0.0,0.0,0.0,1.0,4.2
42.7539,0.0,0.0,0.0,1.0,4.2
42.8,0.0,0.0,0.0,1.0,4.2
42.8539,0.0,0.0,0.0,1.0,4.2
42.9,0.0,0.0,0.0,1.0,4.2
42.9539,0.0,0.0,0.0,1.0,4.2
43.0,0.0,0.0,0.0,1.0,4.2
43.0539,0.0,0.0,0.0,1.0,4.2
43.1,0.0,0.0,0.0,1.0,4.2
43.1539,0.0,0.0,0.0,1.0,4.2
43.2,0.0,0.0,0.0,1.0,4.2
43.2539,0.0,0.0,0.0,1.0,4.2
43.3,0.0,0.0,0.0,1.0,4.2
43.3539,0.0,0.0,0.0,1.0,4.2
43.4,0.0,0.0,0.0,1.0,4.2
43.4539,0.0,0.0,0.0,1.0,4.2
43.5,0.0,0.0,0.0,1.0,4.2
43.5539,0.0,0.0,0.0,1.0,4.2
43.6,0.0,0.0,0.0,1.0,4.2
43.6539,0.0,0.0,0.0,1.0,4.2
43.7,0.0,0.0,0.0,1.0,4.2
43.7539,0.0,0.0,0.0,1.0,4.2
43.8,0.0,0.0,0.0,1.0,4.2
43.8539,0.0,0.0,0.0,1.0,4.2
43.9,0.0,0.0,0.0,1.0,4.2
43.9539,0.0,0.0,0.0,1.0,4.2
44.0,0.0,0.0,0.0,1.0,4.2
44.0539,0.0,0.0,0.0,1.0,4.2
44.1,0.0,0.0,0.0,1.0,4.2
44.1539,0.0,0.0,0.0,1.0,4.2
44.2,0.0,0.0,0.0,1.0,4.2
44.2539,0.0,0.0,0.0,1.0,4.2
44.3,0.0,0.0,0.0,1.0,4.2
44.3539,0.0,0.0,0.0,1.0,4.2
44.4,0.0,0.0,0.0,1.0,4.2
44.4539,0.0,0.0,0.0,1.0,4.2
44.5,0.0,0.0,0.0,1.0,4.2
44.5539,0.0,0.0,0.0,1.0,4.2
44.6,0.0,0.0,0.0,1.0,4.2
44.6539,0.0,0.0,0.0,1.0,4.2
44.7,0.0,0.0,0.0,1.0,4.2
44.7539,0.0,0.0,0.0,1.0,4.2
44.8,0.0,0.0,0.0,1.0,4.2
44.8539,0.0,0.0,0.0,1.0,4.2
44.9,0.0,0.0,0.0,1.0,4.2
44.9539,0.0,0.0,0.0,1.0,4.2
45.0,0.0,0.0,0.0,1.0,4.2
45.0539,0.0,0.0,0.0,1.0,4.2
45.1,0.0,0.0,0.0,1.0,4.2
45.1539,0.0,0.0,0.0,1.0,4.2
45.2,0.0,0.0,0.0,1.0,4.2
45.2539,0.0,0.0,0.0,1.0,4.2
45.3,0.0,0.0,0.0,1.0,4.2
45.3539,0.0,0.0,0.0,1.0,4.2
45.4,0.0,0.0,0.0,1.0,4.2
45.4539,0.0,0.0,0.0,1.0,4.2
45.5,0.0,0.0,0.0,1.0,4.2
45.5539,0.0,0.0,0.0,1.0,4.2
45.6,0.0,0.0,0.0,1.0,4.2
45.6539,0.0,0.0,0.0,1.0,4.2
45.7,0.0,0.0,0.0,1.0,4.2
45.7539,0.0,0.0,0.0,1.0,4.2
45.8,0.0,0.0,0.0,1.0,4.2
45.8539,0.0,0.0,0.0,1.0,4.2
45.9,0.0,0.0,0.0,1.0,4.2
45.9539,0.0,0.0,0.0,1.0,4.2
46.0,0.0,0.0,0.0,1.0,4.2
46.0539,0.0,0.0,0.0,1.0,4.2
46.1,0.0,0.0,0.0,1.0,4.2
46.1539,0.0,0.0,0.0,1.0,4.2
46.2,0.0,0.0,0.0,1.0,4.2
46.2539,0.0,0.0,0.0,1.0,4.2
46.3,0.0,0.0,0.0,1.0,4.2
46.3539,0.0,0.0,0.0,1.0,4.2
46.4,0.0,0.0,0.0,1.0,4.2
46.4539,0.0,0.0,0.0,1.0,4.2
46.5,0.0,0.0,0.0,1.0,4.2
46.5539,0.0,0.0,0.0,1.0,4.2
46.6,0.0,0.0,0.0,1.0,4.2
46.6539,0.0,0.0,0.0,1.0,4.2
46.7,0.0,0.0,0.0,1.0,4.2
46.7539,0.0,0.0,0.0,1.0,4.2
46.8,0.0,0.0,0.0,1.0,4.2
46.8539,0.0,0.0,0.0,1.0,4.2
46.9,0.0,0.0,0.0,1.0,4.2
46.9539,0.0,0.0,0.0,1.0,4.2
47.0,0.0,0.0,0.0,1.0,4.2
47.0539,0.0,0.0,0.0,1.0,4.2
47.1,0.0,0.0,0.0,1.0,4.2
47.1539,0.0,0.0,0.0,1.0,4.2
47.2,0.0,0.0,0.0,1.0,4.2
47.2539,0.0,0.0,0.0,1.0,4.2
47.3,0.0,0.0,0.0,1.0,4.2
47.3539,0.0,0.0,0.0,1.0,4.2
47.4,0.0,0.0,0.0,1.0,4.2
47.4539,0.0,0.0,0.0,1.0,4.2
47.5,0.0,0.0,0.0,1.0,4.2
47.5539,0.0,0.0,0.0,1.0,4.2
47.6,0.0,0.0,0.0,1.0,4.2
47.6539,0.0,0.0,0.0,1.0,4.2
47.7,0.0,0.0,0.0,1.0,4.2
47.7539,0.0,0.0,0.0,1.0,4.2
47.8,0.0,0.0,0.0,1.0,4.2
47.8539,0.0,0.0,0.0,1.0,4.2
47.9,0.0,0.0,0.0,1.0,4.2
47.9539,0.0,0.0,0.0,1.0,4.2
48.0,0.0,0.0,0.0,1.0,4.2
48.0539,0.0,0.0,0.0,1.0,4.2
48.1,0.0,0.0,0.0,1.0,4.2
48.1539,0.0,0.0,0.0,1.0,4.2
48.2,0.0,0.0,0.0,1.0,4.2
48.2539,0.0,0.0,0.0,1.0,4.2
48.3,0.0,0.0,0.0,1.0,4.2
48.3539,0.0,0.0,0.0,1.0,4.2
48.4,0.0,0.0,0.0,1.0,4.2
48.4539,0.0,0.0,0.0,1.0,4.2
48.5,0.0,0.0,0.0,1.0,4.2
48.5539,0.0,0.0,0.0,1.0,4.2
48.6,0.0,0.0,0.0,1.0,4.2
48.6539,0.0,0.0,0.0,1.0,4.2
48.7,0.0,0.0,0.0,1.0,4.2
48.7539,0.0,0.0,0.0,1.0,4.2
48.8,0.0,0.0,0.0,1.0,4.2
48.8539,0.0,0.0,0.0,1.0,4.2
48.9,0.0,0.0,0.0,1.0,4.2
48.9539,0.0,0.0,0.0,1.0,4.2
49.0,0.0,0.0,0.0,1.0,4.2
49.0539,0.0,0.0,0.0,1.0,4.2
49.1,0.0,0.0,0.0,1.0,4.2
49.1539,0.0,0.0,0.0,1.0,4.2
49.2,0.0,0.0,0.0,1.0,4.2
49.2539,0.0,0.0,0.0,1.0,4.2
49.3,0.0,0.0,0.0,1.0,4.2
49.3539,0.0,0.0,0.0,1.0,4.2
49.4,0.0,0.0,0.0,1.0,4.2
49.4539,0.0,0.0,0.0,1.0,4.2
49.5,0.0,0.0,0.0,1.0,4.2
49.5539,0.0,0.0,0.0,1.0,4.2
49.6,0.0,0.0,0.0,1.0,4.2
49.6539,0.0,0.0,0.0,1.0,4.2
49.7,0.0,0.0,0.0,1.0,4.2
49.7539,0.0,0.0,0.0,1.0,4.2
49.8,0.0,0.0,0.0,1.0,4.2
49.8539,0.0,0.0,0.0,1.0,4.2
49.9,0.0,0.0,0.0,1.0,4.2
49.9539,0.0,0.0,0.0,1.0,4.2
50.0,0.0,0.0,0.0,1.0,4.2
50.0539,0.0,0.0,0.0,1.0,4.2
50.1,0.0,0.0,0.0,1.0,4.2
50.1539,0.0,0.0,0.0,1.0,4.2
50.2,0.0,0.0,0.0,1.0,4.2
50.2539,0.0,0.0,0.0,1.0,4.2
50.3,0.0,0.0,0.0,1.0,4.2
50.3539,0.0,0.0,0.0,1.0,4.2
50.4,0.0,0.0,0.0,1.0,4.2
50.4539,0.0,0.0,0.0,1.0,4.2
50.5,0.0,0.0,0.0,1.0,4.2
50.5539,0.0,0.0,0.0,1.0,4.2
50.6,0.0,0.0,0.0,1.0,4.2
50.6539,0.0,0.0,0.0,1.0,4.2
50.7,0.0,0.0,0.0,1.0,4.2
50.7539,0.0,0.0,0.0,1.0,4.2
50.8,0.0,0.0,0.0,1.0,4.2
50.8539,0.0,0.0,0.0,1.0,4.2
50.9,0.0,0.0,0.0,1.0,4.2
50.9539,0.0,0.0,0.0,1.0,4.2
51.0,0.0,0.0,0.0,1.0,4.2
51.0539,0.0,0.0,0.0,1.0,4.2
51.1,0.0,0.0,0.0,1.0,4.2
51.1539,0.0,0.0,0.0,1.0,4.2
51.2,0.0,0.0,0.0,1.0,4.2
51.2539,0.0,0.0,0.0,1.0,4.2
51.3,0.0,0.0,0.0,1.0,4.2
51.3539,0.0,0.0,0.0,1.0,4.2
51.4,0.0,0.0,0.0,1.0,4.2
51.4539,0.0,0.0,0.0,1.0,4.2
51.5,0.0,0.0,0.0,1.0,4.2
51.5539,0.0,0.0,0.0,1.0,4.2
51.6,0.0,0.0,0.0,1.0,4.2
51.6539,0.0,0.0,0.0,1.0,4.2
51.7,0.0,0.0,0.0,1.0,4.2
51.7539,0.0,0.0,0.0,1.0,4.2
51.8,0.0,0.0,0.0,1.0,4.2
51.8539,0.0,0.0,0.0,1.0,4.2
51.9,0.0,0.0,0.0,1.0,4.2
51.9539,0.0,0.0,0.0,1.0,4.2
52.0,0.0,0.0,0.0,1.0,4.2
52.0539,0.0,0.0,0.0,1.0,4.2
52.1,0.0,0.0,0.0,1.0,4.2
52.1539,0.0,0.0,0.0,1.0,4.2
52.2,0.0,0.0,0.0,1.0,4.2
52.2539,0.0,0.0,0.0,1.0,4.2
52.3,0.0,0.0,0.0,1.0,4.2
52.3539,0.0,0.0,0.0,1.0,4.2
52.4,0.0,0.0,0.0,1.0,4.2
52.4539,0.0,0.0,0.0,1.0,4.2
52.5,0.0,0.0,0.0,1.0,4.2
52.5539,0.0,0.0,0.0,1.0,4.2
52.6,0.0,0.0,0.0,1.0,4.2
52.6539,0.0,0.0,0.0,1.0,4.2
52.7,0.0,0.0,0.0,1.0,4.2
52.7539,0.0,0.0,0.0,1.0,4.2
52.8,0.0,0.0,0.0,1.0,4.2
52.8539,0.0,0.0,0.0,1.0,4.2
52.9,0.0,0.0,0.0,1.0,4.2
52.9539,0.0,0.0,0.0,1.0,4.2
53.0,0.0,0.0,0.0,1.0,4.2
53.0539,0.0,0.0,0.0,1.0,4.2
53.1,0.0,0.0,0.0,1.0,4.2
53.1539,0.0,0.0,0.0,1.0,4.2
53.2,0.0,0.0,0.0,1.0,4.2
53.2539,0.0,0.0,0.0,1.0,4.2
53.3,0.0,0.0,0.0,1.0,4.2
53.3539,0.0,0.0,0.0,1.0,4.2
53.4,0.0,0.0,0.0,1.0,4.2
53.4539,0.0,0.0,0.0,1.0,4.2
53.5,0.0,0.0,0.0,1.0,4.2
53.5539,0.0,0.0,0.0,1.0,4.2
53.6,0.0,0.0,0.0,1.0,4.2
53.6539,0.0,0.0,0.0,1.0,4.2
53.7,0.0,0.0,0.0,1.0,4.2
53.7539,0.0,0.0,0.0,1.0,4.2
53.8,0.0,0.0,0.0,1.0,4.2
53.8539,0.0,0.0,0.0,1.0,4.2
53.9,0.0,0.0,0.0,1.0,4.2
53.9539,0.0,0.0,0.0,1.0,4.2
54.0,0.0,0.0,0.0,1.0,4.2
54.0539,0.0,0.0,0.0,1.0,4.2
54.1,0.0,0.0,0.0,1.0,4.2
54.1539,0.0,0.0,0.0,1.0,4.2
54.2,0.0,0.0,0.0,1.0,4.2
54.2539,0.0,0.0,0.0,1.0,4.2
54.3,0.0,0.0,0.0,1.0,4.2
54.3539,0.0,0.0,0.0,1.0,4.2
54.4,0.0,0.0,0.0,1.0,4.2
54.4539,0.0,0.0,0.0,1.0,4.2
54.5,0.0,0.0,0.0,1.0,4.2
54.5539,0.0,0.0,0.0,1.0,4.2
54.6,0.0,0.0,0.0,1.0,4.2
54.6539,0.0,0.0,0.0,1.0,4.2
54.7,0.0,0.0,0.0,1.0,4.2
54.7539,0.0,0.0,0.0,1.0,4.2
54.8,0.0,0.0,0.0,1.0,4.2
54.8539,0.0,0.0,0.0,1.0,4.2
54.9,0.0,0.0,0.0,1.0,4.2
54.9539,0.0,0.0,0.0,1.0,4.2
55.0,0.0,0.0,0.0,1.0,4.2
55.0539,0.0,0.0,0.0,1.0,4.2
55.1,0.0,0.0,0.0,1.0,4.2
55.1539,0.0,0.0,0.0,1.0,4.2
55.2,0.0,0.0,0.0,1.0,4.2
55.2539,0.0,0.0,0.0,1.0,4.2
55.3,0.0,0.0,0.0,1.0,4.2
55.3539,0.0,0.0,0.0,1.0,4.2
55.4,0.0,0.0,0.0,1.0,4.2
55.4539,0.0,0.0,0.0,1.0,4.2
55.5,0.0,0.0,0.0,1.0,4.2
55.5539,0.0,0.0,0.0,1.0,4.2
55.6,0.0,0.0,0.0,1.0,4.2
55.6539,0.0,0.0,0.0,1.0,4.2
55.7,0.0,0.0,0.0,1.0,4.2
55.7539,0.0,0.0,0.0,1.0,4.2
55.8,0.0,0.0,0.0,1.0,4.2
55.8539,0.0,0.0,0.0,1.0,4.2
55.9,0.0,0.0,0.0,1.0,4.2
55.9539,0.0,0.0,0.0,1.0,4.2
56.0,0.0,0.0,0.0,1.0,4.2
56.0539,0.0,0.0,0.0,1.0,4.2
56.1,0.0,0.0,0.0,1.0,4.2
56.1539,0.0,0.0,0.0,1.0,4.2
56.2,0.0,0.0,0.0,1.0,4.2
56.2539,0.0,0.0,0.0,1.0,4.2
56.3,0.0,0.0,0.0,1.0,4.2
56.3539,0.0,0.0,0.0,1.0,4.2
56.4,0.0,0.0,0.0,1.0,4.2
56.4539,0.0,0.0,0.0,1.0,4.2
56.5,0.0,0.0,0.0,1.0,4.2
56.5539,0.0,0.0,0.0,1.0,4.2
56.6,0.0,0.0,0.0,1.0,4.2
56.6539,0.0,0.0,0.0,1.0,4.2
56.7,0.0,0.0,0.0,1.0,4.2
56.7539,0.0,0.0,0.0,1.0,4.2
56.8,0.0,0.0,0.0,1.0,4.2
56.8539,0.0,0.0,0.0,1.0,4.2
56.9,0.0,0.0,0.0,1.0,4.2
56.9539,0.0,0.0,0.0,1.0,4.2
57.0,0.0,0.0,0.0,1.0,4.2
57.0539,0.0,0.0,0.0,1.0,4.2
57.1,0.0,0.0,0.0,1.0,4.2
57.1539,0.0,0.0,0.0,1.0,4.2
57.2,0.0,0.0,0.0,1.0,4.2
57.2539,0.0,0.0,0.0,1.0,4.2
57.3,0.0,0.0,0.0,1.0,4.2
57.3539,0.0,0.0,0.0,1.0,4.2
57.4,0.0,0.0,0.0,1.0,4.2
57.4539,0.0,0.0,0.0,1.0,4.2
57.5,0.0,0.0,0.0,1.0,4.2
57.5539,0.0,0.0,0.0,1.0,4.2
57.6,0.0,0.0,0.0,1.0,4.2
57.6539,0.0,0.0,0.0,1.0,4.2
57.7,0.0,0.0,0.0,1.0,4.2
57.7539,0.0,0.0,0.0,1.0,4.2
57.8,0.0,0.0,0.0,1.0,4.2
57.8539,0.0,0.0,0.0,1.0,4.2
57.9,0.0,0.0,0.0,1.0,4.2
57.9539,0.0,0.0,0.0,1.0,4.2
58.0,0.0,0.0,0.0,1.0,4.2
58.0539,0.0,0.0,0.0,1.0,4.2
58.1,0.0,0.0,0.0,1.0,4.2
58.1539,0.0,0.0,0.0,1.0,4.2
58.2,0.0,0.0,0.0,1.0,4.2
58.2539,0.0,0.0,0.0,1.0,4.2
58.3,0.0,0.0,0.0,1.0,4.2
58.3539,0.0,0.0,0.0,1.0,4.2
58.4,0.0,0.0,0.0,1.0,4.2
58.4539,0.0,0.0,0.0,1.0,4.2
58.5,0.0,0.0,0.0,1.0,4.2
58.5539,0.0,0.0,0.0,1.0,4.2
58.6,0.0,0.0,0.0,1.0,4.2
58.6539,0.0,0.0,0.0,1.0,4.2
58.7,0.0,0.0,0.0,1.0,4.2
58.7539,0.0,0.0,0.0,1.0,4.2
58.8,0.0,0.0,0.0,1.0,4.2
58.8539,0.0,0.0,0.0,1.0,4.2
58.9,0.0,0.0,0.0,1.0,4.2
58.9539,0.0,0.0,0.0,1.0,4.2
59.0,0.0,0.0,0.0,1.0,4.2
59.0539,0.0,0.0,0.0,1.0,4.2
59.1,0.0,0.0,0.0,1.0,4.2
59.1539,0.0,0.0,0.0,1.0,4.2
59.2,0.0,0.0,0.0,1.0,4.2
59.2539,0.0,0.0,0.0,1.0,4.2
59.3,0.0,0.0,0.0,1.0,4.2
59.3539,0.0,0.0,0.0,1.0,4.2
59.4,0.0,0.0,0.0,1.0,4.2
59.4539,0.0,0.0,0.0,1.0,4.2
59.5,0.0,0.0,0.0,1.0,4.2
59.5539,0.0,0.0,0.0,1.0,4.2
59.6,0.0,0.0,0.0,1.0,4.2
59.6539,0.0,0.0,0.0,1.0,4.2
59.7,0.0,0.0,0.0,1.0,4.2
59.7539,0.0,0.0,0.0,1.0,4.2
59.8,0.0,0.0,0.0,1.0,4.2
59.8539,0.0,0.0,0.0,1.0,4.2
59.9,0.0,0.0,0.0,1.0,4.2
59.9539,0.0,0.0,0.0,1.0,4.2
60.0,0.0,0.0,0.0,1.0,4.2
60.0539,0.0,0.0,0.0,1.0,4.2
60.1,0.0,0.0,0.0,1.0,4.2
60.1539,0.0,0.0,0.0,1.0,4.2
60.2,0.0,0.0,0.0,1.0,4.2
60.2539,0.0,0.0,0.0,1.0,4.2
60.3,0.0,0.0,0.0,1.0,4.2
60.3539,0.0,0.0,0.0,1.0,4.2
60.4,0.0,0.0,0.0,1.0,4.2
60.4539,0.0,0.0,0.0,1.0,4.2
60.5,0.0,0.0,0.0,1.0,4.2
60.5539,0.0,0.0,0.0,1.0,4.2
60.6,0.0,0.0,0.0,1.0,4.2
60.6539,0.0,0.0,0.0,1.0,4.2
60.7,0.0,0.0,0.0,1.0,4.2
60.7539,0.0,0.0,0.0,1.0,4.2
60.8,1.0,0.0,0.0,1.0,4.2
60.8539,1.0,0.0,0.0,1.0,4.2
60.9,1.0,0.0,0.0,1.0,4.2
60.9539,1.0,0.0,0.0,1.0,4.2
61.0,1.0,0.0,0.0,1.0,4.2
61.0539,1.0,0.0,0.0,1.0,4.2
61.1,1.0,0.0,0.0,1.0,4.2
61.1539,1.0,0.0,0.0,1.0,4.2
61.2,1.0,0.0,0.0,1.0,4.2
61.2539,1.0,0.0,0.0,1.0,4.2
61.3,1.0,0.0,0.0,1.0,4.2
61.3539,1.0,0.0,0.0,1.0,4.2
61.4,1.0,0.0,0.0,1.0,4.2
61.4539,1.0,0.0,0.0,1.0,4.2
61.5,1.0,0.0,0.0,1.0,4.2
61.5539,1.0,0.0,0.0,1.0,4.2
61.6,1.0,0.0,0.0,1.0,4.2
61.6539,1.0,0.0,0.0,1.0,4.2
61.7,1.0,0.0,0.0,1.0,4.2
61.7539,1.0,0.0,0.0,1.0,4.2
61.8,1.0,0.0,0.0,0.0,4.2
61.8539,1.0,0.0,0.0,0.0,4.2
61.9,1.0,0.0,0.0,0.0,4.2
61.9539,1.0,0.0,0.0,0.0,4.2
62.0,1.0,0.0,0.0,0.0,4.2
62.0539,1.0,0.0,0.0,0.0,4.2
62.1,1.0,0.0,0.0,0.0,4.2
62.1539,1.0,0.0,0.0,0.0,4.2
62.2,1.0,0.0,0.0,0.0,4.2
62.2539,1.0,0.0,0.0,0.0,4.2
62.3,1.0,0.0,0.0,0.0,4.2
62.3539,1.0,0.0,0.0,0.0,4.2
62.4,1.0,0.0,0.0,0.0,4.2
62.4539,1.0,0.0,0.0,0.0,4.2
62.5,1.0,0.0,0.0,0.0,4.2
62.5539,1.0,0.0,0.0,0.0,4.2
62.6,1.0,0.0,0.0,0.0,4.2
62.6539,1.0,0.0,0.0,0.0,4.2
62.7,1.0,0.0,0.0,0.0,4.2
62.7539,1.0,0.0,0.0,0.0,4.2
62.8,1.0,0.0,0.0,0.0,4.2
62.8539,1.0,0.0,0.0,0.0,4.2
62.9,1.0,0.0,0.0,0.0,4.2
62.9539,1.0,0.0,0.0,0.0,4.2
63.0,1.0,0.0,0.0,0.0,4.2
63.0539,1.0,0.0,0.0,0.0,4.2
63.1,1.0,0.0,0.0,0.0,4.2
63.1539,1.0,0.0,0.0,0.0,4.2
63.2,1.0,0.0,0.0,0.0,4.2
63.2539,1.0,0.0,0.0,0.0,4.2
63.3,1.0,0.0,0.0,0.0,4.2
63.3539,1.0,0.0,0.0,0.0,4.2
63.4,1.0,0.0,0.0,0.0,4.2
63.4539,1.0,0.0,0.0,0.0,4.2
63.5,1.0,0.0,0.0,0.0,4.2
63.5539,1.0,0.0,0.0,0.0,4.2
63.6,1.0,0.0,0.0,0.0,4.2
63.6539,1.0,0.0,0.0,0.0,4.2
63.7,1.0,0.0,0.0,0.0,4.2
63.7539,1.0,0.0,0.0,0.0,4.2
63.8539,1.0,0.0,0.0,0.0,4.2
63.9539,1.0,0.0,0.0,0.0,4.2
64.0539,1.0,0.0,0.0,0.0,4.2
64.1539,1.0,0.0,0.0,0.0,4.2
64.2539,1.0,0.0,0.0,0.0,4.2
64.3539,1.0,0.0,0.0,0.0,4.2
64.4539,1.0,0.0,0.0,0.0,4.2
64.5539,1.0,0.0,0.0,0.0,4.2
64.6539,1.0,0.0,0.0,0.0,4.2
64.7539,1.0,0.0,0.0,0.0,4.2
