Time (seconds), Duration (seconds),pred_(unlabeled),pred_brushing_teeth,pred_hair_drying,pred_showering,pred_air,pred_plastic,pred_plastic_out,pred_wood,pred_wood_out
0.00000,1.02194,0.99460,0.00076,0.00001,0.00424,0.00000,0.00000,0.00005,0.00000,0.00034
0.14000,1.02194,0.99880,0.00023,0.00002,0.00078,0.00000,0.00000,0.00002,0.00000,0.00015
0.28000,1.02194,0.99967,0.00002,0.00000,0.00020,0.00000,0.00000,0.00001,0.00000,0.00009
0.42000,1.02194,0.99818,0.00005,0.00002,0.00168,0.00000,0.00000,0.00001,0.00000,0.00007
0.56000,1.02194,0.99970,0.00003,0.00006,0.00018,0.00001,0.00000,0.00000,0.00000,0.00003
0.70000,1.02194,0.99937,0.00002,0.00002,0.00055,0.00000,0.00000,0.00000,0.00000,0.00003
0.84000,1.02194,0.99873,0.00002,0.00002,0.00114,0.00000,0.00000,0.00001,0.00000,0.00008
0.98000,1.02194,0.99740,0.00035,0.00005,0.00199,0.00000,0.00000,0.00002,0.00000,0.00019
1.12000,1.02194,0.99773,0.00032,0.00004,0.00168,0.00001,0.00000,0.00002,0.00000,0.00019
1.26000,1.02194,0.99897,0.00027,0.00002,0.00061,0.00000,0.00000,0.00001,0.00000,0.00012
1.40000,1.02194,0.99395,0.00014,0.00002,0.00522,0.00002,0.00000,0.00012,0.00000,0.00054
1.54000,1.02194,0.99719,0.00011,0.00002,0.00151,0.00007,0.00000,0.00040,0.00000,0.00071
1.68000,1.02194,0.99625,0.00014,0.00011,0.00143,0.00018,0.00001,0.00090,0.00005,0.00093
1.82000,1.02194,0.99676,0.00025,0.00021,0.00011,0.00017,0.00009,0.00123,0.00044,0.00073
1.96000,1.02194,0.98421,0.00038,0.00031,0.00015,0.00027,0.00080,0.00738,0.00454,0.00196
2.10000,1.02194,0.96771,0.00020,0.00018,0.00018,0.00008,0.00054,0.02312,0.00518,0.00281
2.24000,1.02194,0.00758,0.00024,0.00307,0.00001,0.00004,0.40286,0.00006,0.58613,0.00000
2.38000,1.02194,0.00611,0.00015,0.00178,0.00000,0.00002,0.36150,0.00004,0.63040,0.00000
2.52000,1.02194,0.00649,0.00018,0.00231,0.00000,0.00002,0.38218,0.00005,0.60876,0.00000
2.66000,1.02194,0.00615,0.00015,0.00184,0.00000,0.00002,0.36156,0.00004,0.63023,0.00000
2.80000,1.02194,0.00559,0.00013,0.00142,0.00000,0.00002,0.33889,0.00004,0.65391,0.00000
2.94000,1.02194,0.00469,0.00008,0.00075,0.00000,0.00001,0.28235,0.00003,0.71208,0.00000
3.08000,1.02194,0.00403,0.00005,0.00042,0.00000,0.00001,0.23465,0.00002,0.76081,0.00000
3.22000,1.02194,0.00323,0.00003,0.00016,0.00000,0.00001,0.17220,0.00002,0.82436,0.00000
3.36000,1.02194,0.00277,0.00002,0.00009,0.00000,0.00000,0.13660,0.00001,0.86051,0.00000
3.50000,1.02194,0.00243,0.00001,0.00005,0.00000,0.00000,0.10959,0.00001,0.88790,0.00000
3.64000,1.02194,0.00223,0.00001,0.00003,0.00000,0.00000,0.09455,0.00001,0.90316,0.00000
3.78000,1.02194,0.00203,0.00000,0.00002,0.00000,0.00000,0.07869,0.00001,0.91924,0.00000
3.92000,1.02194,0.00199,0.00000,0.00002,0.00000,0.00000,0.07857,0.00001,0.91941,0.00000
4.06000,1.02194,0.01053,0.00002,0.00006,0.00000,0.00000,0.09497,0.00006,0.89436,0.00000
4.20000,1.02194,0.97231,0.00014,0.00002,0.00001,0.00002,0.00131,0.00643,0.01931,0.00046
4.34000,1.02194,0.98890,0.00016,0.00001,0.00006,0.00002,0.00009,0.00808,0.00171,0.00098
4.48000,1.02194,0.99688,0.00040,0.00001,0.00014,0.00002,0.00002,0.00164,0.00032,0.00057
4.62000,1.02194,0.99830,0.00014,0.00001,0.00017,0.00001,0.00000,0.00072,0.00001,0.00066
4.76000,1.02194,0.99871,0.00019,0.00000,0.00032,0.00001,0.00000,0.00019,0.00000,0.00057
4.90000,1.02194,0.99746,0.00060,0.00005,0.00146,0.00004,0.00000,0.00004,0.00000,0.00034
5.04000,1.02194,0.99557,0.00146,0.00012,0.00270,0.00002,0.00000,0.00001,0.00000,0.00012
5.18000,1.02194,0.99591,0.00050,0.00023,0.00324,0.00002,0.00000,0.00001,0.00000,0.00009
5.32000,1.02194,0.99843,0.00037,0.00011,0.00099,0.00002,0.00000,0.00000,0.00000,0.00007
5.46000,1.02194,0.99797,0.00026,0.00018,0.00150,0.00002,0.00000,0.00000,0.00000,0.00006
5.60000,1.02194,0.99766,0.00034,0.00024,0.00168,0.00002,0.00000,0.00000,0.00000,0.00005
5.74000,1.02194,0.99068,0.00497,0.00081,0.00343,0.00003,0.00000,0.00000,0.00000,0.00007
5.88000,1.02194,0.98708,0.00198,0.00024,0.01040,0.00004,0.00000,0.00002,0.00000,0.00023
6.02000,1.02194,0.99106,0.00603,0.00050,0.00193,0.00006,0.00000,0.00007,0.00002,0.00032
6.16000,1.02194,0.98932,0.00848,0.00039,0.00064,0.00009,0.00002,0.00028,0.00016,0.00062
6.30000,1.02194,0.99235,0.00246,0.00005,0.00022,0.00006,0.00002,0.00225,0.00027,0.00231
6.44000,1.02194,0.96788,0.00572,0.00029,0.00029,0.00014,0.00105,0.00712,0.01493,0.00258
6.58000,1.02194,0.95792,0.00137,0.00017,0.00007,0.00006,0.00157,0.01467,0.02223,0.00194
6.72000,1.02194,0.38997,0.00073,0.00117,0.00015,0.00008,0.05735,0.00682,0.54329,0.00044
6.86000,1.02194,0.00412,0.00005,0.00047,0.00000,0.00001,0.24487,0.00002,0.75045,0.00000
7.00000,1.02194,0.00352,0.00004,0.00028,0.00000,0.00001,0.21193,0.00002,0.78421,0.00000
7.14000,1.02194,0.00324,0.00002,0.00018,0.00000,0.00000,0.17991,0.00002,0.81662,0.00000
7.28000,1.02194,0.00324,0.00002,0.00018,0.00000,0.00000,0.17791,0.00002,0.81863,0.00000
7.42000,1.02194,0.00316,0.00002,0.00017,0.00000,0.00000,0.17396,0.00001,0.82267,0.00000
7.56000,1.02194,0.00309,0.00002,0.00014,0.00000,0.00000,0.16379,0.00001,0.83295,0.00000
7.70000,1.02194,0.00302,0.00002,0.00013,0.00000,0.00000,0.16149,0.00001,0.83532,0.00000
7.84000,1.02194,0.00304,0.00002,0.00014,0.00000,0.00000,0.16160,0.00001,0.83518,0.00000
7.98000,1.02194,0.00285,0.00001,0.00010,0.00000,0.00000,0.14618,0.00001,0.85083,0.00000
8.12000,1.02194,0.00292,0.00001,0.00011,0.00000,0.00000,0.15610,0.00001,0.84085,0.00000
8.26000,1.02194,0.00315,0.00002,0.00015,0.00000,0.00000,0.17735,0.00001,0.81931,0.00000
8.40000,1.02194,0.00334,0.00002,0.00019,0.00000,0.00000,0.18368,0.00002,0.81275,0.00000
8.54000,1.02194,0.00336,0.00002,0.00020,0.00000,0.00000,0.18747,0.00002,0.80893,0.00000
8.68000,1.02194,0.00343,0.00002,0.00021,0.00000,0.00000,0.19403,0.00002,0.80229,0.00000
8.82000,1.02194,0.00356,0.00002,0.00023,0.00000,0.00000,0.20234,0.00002,0.79383,0.00000
8.96000,1.02194,0.00371,0.00003,0.00029,0.00000,0.00000,0.20985,0.00002,0.78610,0.00000
9.10000,1.02194,0.00322,0.00002,0.00019,0.00000,0.00000,0.18408,0.00001,0.81247,0.00000
9.24000,1.02194,0.00284,0.00001,0.00011,0.00000,0.00000,0.15680,0.00001,0.84023,0.00000
9.38000,1.02194,0.00294,0.00002,0.00013,0.00000,0.00000,0.16341,0.00001,0.83350,0.00000
9.52000,1.02194,0.00283,0.00001,0.00011,0.00000,0.00000,0.15438,0.00001,0.84265,0.00000
9.66000,1.02194,0.00269,0.00001,0.00008,0.00000,0.00000,0.14014,0.00001,0.85706,0.00000
9.80000,1.02194,0.00257,0.00001,0.00006,0.00000,0.00000,0.13040,0.00001,0.86694,0.00000
9.94000,1.02194,0.00253,0.00001,0.00006,0.00000,0.00000,0.12689,0.00001,0.87050,0.00000
10.08000,1.02194,0.00271,0.00001,0.00009,0.00000,0.00000,0.14605,0.00001,0.85112,0.00000
10.22000,1.02194,0.00257,0.00001,0.00007,0.00000,0.00000,0.13532,0.00001,0.86203,0.00000
10.36000,1.02194,0.00235,0.00001,0.00005,0.00000,0.00000,0.11449,0.00001,0.88310,0.00000
10.50000,1.02194,0.00218,0.00000,0.00003,0.00000,0.00000,0.10320,0.00001,0.89458,0.00000
10.64000,1.02194,0.00243,0.00001,0.00004,0.00000,0.00000,0.11698,0.00001,0.88053,0.00000
10.78000,1.02194,0.56174,0.00006,0.00005,0.00001,0.00001,0.02273,0.00489,0.41042,0.00009
10.92000,1.02194,0.95737,0.00008,0.00002,0.00008,0.00001,0.00096,0.01830,0.02257,0.00060
11.06000,1.02194,0.98109,0.00031,0.00001,0.00004,0.00000,0.00008,0.01563,0.00211,0.00072
11.20000,1.02194,0.97266,0.00010,0.00000,0.00060,0.00000,0.00000,0.02523,0.00005,0.00136
11.34000,1.02194,0.99008,0.00011,0.00000,0.00041,0.00000,0.00000,0.00816,0.00000,0.00124
11.48000,1.02194,0.96351,0.00277,0.00008,0.02799,0.00012,0.00000,0.00380,0.00002,0.00170
11.62000,1.02194,0.97936,0.01100,0.00004,0.00878,0.00003,0.00000,0.00037,0.00000,0.00042
11.76000,1.02194,0.94198,0.04804,0.00006,0.00948,0.00003,0.00000,0.00016,0.00000,0.00025
11.90000,1.02194,0.97386,0.02229,0.00001,0.00357,0.00001,0.00000,0.00007,0.00000,0.00019
12.04000,1.02194,0.99537,0.00309,0.00001,0.00139,0.00001,0.00000,0.00003,0.00000,0.00010
12.18000,1.02194,0.99134,0.00427,0.00001,0.00412,0.00000,0.00000,0.00005,0.00000,0.00021
12.32000,1.02194,0.99233,0.00207,0.00001,0.00464,0.00004,0.00000,0.00026,0.00000,0.00064
12.46000,1.02194,0.99058,0.00375,0.00003,0.00175,0.00012,0.00000,0.00107,0.00004,0.00266
12.60000,1.02194,0.98570,0.00001,0.00000,0.00010,0.00000,0.00000,0.00600,0.00000,0.00819
12.74000,1.02194,0.96366,0.00000,0.00000,0.00014,0.00001,0.00000,0.02163,0.00000,0.01456
12.88000,1.02194,0.89700,0.00002,0.00000,0.00017,0.00008,0.00000,0.06472,0.00000,0.03801
13.02000,1.02194,0.72362,0.00000,0.00000,0.00020,0.00002,0.00000,0.19351,0.00000,0.08266
13.16000,1.02194,0.87306,0.00000,0.00000,0.00027,0.00004,0.00000,0.09216,0.00000,0.03447
13.30000,1.02194,0.78377,0.00000,0.00000,0.00039,0.00005,0.00000,0.13243,0.00000,0.08336
13.44000,1.02194,0.70372,0.00000,0.00000,0.00017,0.00000,0.00000,0.17718,0.00000,0.11892
13.58000,1.02194,0.80995,0.00000,0.00000,0.00009,0.00000,0.00000,0.12383,0.00000,0.06614
13.72000,1.02194,0.95194,0.00000,0.00000,0.00027,0.00011,0.00000,0.02235,0.00000,0.02533
13.86000,1.02194,0.99322,0.00000,0.00000,0.00010,0.00011,0.00000,0.00179,0.00000,0.00477
14.00000,1.02194,0.99761,0.00000,0.00000,0.00014,0.00001,0.00000,0.00047,0.00000,0.00177
14.14000,1.02194,0.99945,0.00003,0.00001,0.00016,0.00008,0.00000,0.00005,0.00000,0.00023
14.28000,1.02194,0.99899,0.00006,0.00010,0.00061,0.00012,0.00000,0.00001,0.00000,0.00011
14.42000,1.02194,0.99648,0.00037,0.00055,0.00250,0.00004,0.00000,0.00000,0.00000,0.00005
14.56000,1.02194,0.99980,0.00003,0.00000,0.00007,0.00000,0.00000,0.00001,0.00000,0.00009
14.70000,1.02194,0.99844,0.00117,0.00001,0.00011,0.00000,0.00000,0.00002,0.00000,0.00025
14.84000,1.02194,0.99734,0.00197,0.00001,0.00012,0.00000,0.00000,0.00004,0.00000,0.00052
14.98000,1.02194,0.99597,0.00183,0.00002,0.00161,0.00000,0.00000,0.00006,0.00000,0.00051
15.12000,1.02194,0.98545,0.00161,0.00008,0.01225,0.00000,0.00000,0.00008,0.00000,0.00052
15.26000,1.02194,0.99384,0.00162,0.00003,0.00193,0.00001,0.00000,0.00049,0.00000,0.00208
15.40000,1.02194,0.99590,0.00112,0.00001,0.00081,0.00002,0.00000,0.00070,0.00000,0.00144
15.54000,1.02194,0.99532,0.00011,0.00001,0.00099,0.00003,0.00000,0.00212,0.00001,0.00140
15.68000,1.02194,0.98724,0.00029,0.00009,0.00164,0.00017,0.00006,0.00770,0.00029,0.00252
15.82000,1.02194,0.96985,0.00073,0.00098,0.00028,0.00066,0.00385,0.01212,0.00948,0.00204
15.96000,1.02194,0.95808,0.00059,0.00086,0.00025,0.00014,0.00202,0.02480,0.01060,0.00265
16.10000,1.02194,0.01178,0.00049,0.00861,0.00001,0.00006,0.49227,0.00008,0.48670,0.00000
16.24000,1.02194,0.01267,0.00075,0.01720,0.00001,0.00006,0.55516,0.00010,0.41405,0.00000
16.38000,1.02194,0.01315,0.00079,0.01976,0.00001,0.00005,0.57210,0.00009,0.39404,0.00000
16.52000,1.02194,0.01404,0.00084,0.02389,0.00001,0.00004,0.58298,0.00010,0.37809,0.00000
16.66000,1.02194,0.01448,0.00090,0.02728,0.00001,0.00004,0.58844,0.00010,0.36874,0.00000
16.80000,1.02194,0.01385,0.00078,0.02256,0.00001,0.00003,0.57362,0.00009,0.38906,0.00000
16.94000,1.02194,0.01303,0.00067,0.01861,0.00001,0.00002,0.55269,0.00008,0.41488,0.00000
17.08000,1.02194,0.01175,0.00046,0.01190,0.00000,0.00002,0.51154,0.00007,0.46425,0.00000
17.22000,1.02194,0.01024,0.00035,0.00807,0.00000,0.00001,0.47700,0.00006,0.50426,0.00000
17.36000,1.02194,0.00916,0.00026,0.00547,0.00000,0.00001,0.43910,0.00005,0.54594,0.00000
17.50000,1.02194,0.00804,0.00019,0.00360,0.00000,0.00001,0.40323,0.00005,0.58488,0.00000
17.64000,1.02194,0.00780,0.00016,0.00298,0.00000,0.00001,0.38731,0.00004,0.60170,0.00000
17.78000,1.02194,0.00799,0.00017,0.00311,0.00000,0.00001,0.38716,0.00005,0.60152,0.00000
17.92000,1.02194,0.00785,0.00017,0.00322,0.00000,0.00001,0.39731,0.00005,0.59138,0.00000
18.06000,1.02194,0.00843,0.00019,0.00359,0.00000,0.00001,0.40381,0.00005,0.58391,0.00000
18.20000,1.02194,0.00960,0.00026,0.00566,0.00000,0.00001,0.43879,0.00006,0.54561,0.00000
18.34000,1.02194,0.01044,0.00033,0.00721,0.00000,0.00002,0.46306,0.00007,0.51888,0.00000
18.48000,1.02194,0.00987,0.00033,0.00738,0.00000,0.00002,0.47583,0.00006,0.50650,0.00000
18.62000,1.02194,0.00982,0.00036,0.00801,0.00000,0.00002,0.48886,0.00007,0.49286,0.00000
18.76000,1.02194,0.97353,0.00028,0.00022,0.00006,0.00002,0.00066,0.02217,0.00241,0.00064
18.90000,1.02194,0.98231,0.00046,0.00006,0.00003,0.00002,0.00012,0.01573,0.00043,0.00084
19.04000,1.02194,0.99171,0.00015,0.00001,0.00005,0.00002,0.00001,0.00703,0.00005,0.00097
19.18000,1.02194,0.99790,0.00018,0.00001,0.00006,0.00002,0.00000,0.00134,0.00002,0.00047
19.32000,1.02194,0.99769,0.00045,0.00002,0.00077,0.00003,0.00000,0.00060,0.00001,0.00044
19.46000,1.02194,0.99863,0.00034,0.00002,0.00062,0.00003,0.00000,0.00010,0.00000,0.00025
19.60000,1.02194,0.99815,0.00038,0.00006,0.00115,0.00005,0.00000,0.00002,0.00000,0.00019
19.74000,1.02194,0.98810,0.00560,0.00046,0.00566,0.00004,0.00000,0.00001,0.00000,0.00013
19.88000,1.02194,0.96223,0.02922,0.00077,0.00760,0.00004,0.00000,0.00001,0.00000,0.00013
20.02000,1.02194,0.96101,0.03433,0.00023,0.00420,0.00002,0.00000,0.00002,0.00000,0.00019
20.16000,1.02194,0.94996,0.04376,0.00032,0.00558,0.00006,0.00000,0.00003,0.00000,0.00029
20.30000,1.02194,0.96164,0.03713,0.00006,0.00083,0.00003,0.00000,0.00002,0.00000,0.00028
20.44000,1.02194,0.98790,0.01132,0.00003,0.00051,0.00002,0.00000,0.00002,0.00000,0.00022
20.58000,1.02194,0.99269,0.00629,0.00004,0.00078,0.00002,0.00000,0.00001,0.00000,0.00016
20.72000,1.02194,0.99859,0.00074,0.00004,0.00049,0.00002,0.00000,0.00001,0.00000,0.00012
20.86000,1.02194,0.99598,0.00147,0.00050,0.00189,0.00007,0.00000,0.00001,0.00000,0.00007
21.00000,1.02194,0.99912,0.00004,0.00001,0.00067,0.00000,0.00000,0.00002,0.00000,0.00015
21.14000,1.02194,0.99914,0.00002,0.00000,0.00060,0.00000,0.00000,0.00003,0.00000,0.00020
21.28000,1.02194,0.99670,0.00001,0.00000,0.00213,0.00001,0.00000,0.00025,0.00000,0.00090
21.42000,1.02194,0.99586,0.00008,0.00001,0.00109,0.00004,0.00000,0.00110,0.00000,0.00181
21.56000,1.02194,0.99129,0.00016,0.00009,0.00251,0.00007,0.00000,0.00254,0.00000,0.00333
21.70000,1.02194,0.98683,0.00004,0.00001,0.00222,0.00003,0.00000,0.00725,0.00000,0.00361
21.84000,1.02194,0.96304,0.00093,0.00088,0.00361,0.00230,0.00056,0.01870,0.00160,0.00838
21.98000,1.02194,0.93089,0.00173,0.00065,0.00157,0.00188,0.00080,0.03930,0.00339,0.01978
22.12000,1.02194,0.78546,0.00615,0.00798,0.00794,0.00730,0.03966,0.03679,0.09523,0.01348
22.26000,1.02194,0.01201,0.00168,0.01063,0.00019,0.00302,0.57671,0.00019,0.39552,0.00008
22.40000,1.02194,0.00989,0.00155,0.00969,0.00017,0.00358,0.58695,0.00015,0.38794,0.00007
22.54000,1.02194,0.01175,0.00182,0.01136,0.00019,0.00364,0.58923,0.00017,0.38176,0.00008
22.68000,1.02194,0.01052,0.00162,0.01239,0.00013,0.00248,0.60746,0.00013,0.36522,0.00005
22.82000,1.02194,0.01042,0.00150,0.01385,0.00008,0.00129,0.60906,0.00012,0.36364,0.00003
22.96000,1.02194,0.01061,0.00141,0.01618,0.00006,0.00073,0.61542,0.00012,0.35545,0.00002
23.10000,1.02194,0.01041,0.00106,0.01490,0.00003,0.00032,0.59802,0.00010,0.37515,0.00001
23.24000,1.02194,0.01008,0.00075,0.01196,0.00002,0.00014,0.57017,0.00008,0.40679,0.00001
23.38000,1.02194,0.00983,0.00060,0.01041,0.00001,0.00008,0.55140,0.00008,0.42759,0.00000
23.52000,1.02194,0.00991,0.00049,0.00935,0.00001,0.00005,0.53354,0.00007,0.44658,0.00000
23.66000,1.02194,0.01000,0.00045,0.00925,0.00001,0.00004,0.52610,0.00007,0.45409,0.00000
23.80000,1.02194,0.01025,0.00036,0.00787,0.00000,0.00002,0.49821,0.00006,0.48322,0.00000
23.94000,1.02194,0.01116,0.00032,0.00779,0.00000,0.00001,0.47632,0.00006,0.50433,0.00000
24.08000,1.02194,0.01191,0.00032,0.00863,0.00000,0.00001,0.47617,0.00006,0.50289,0.00000
24.22000,1.02194,0.01283,0.00034,0.00938,0.00000,0.00001,0.48289,0.00006,0.49449,0.00000
24.36000,1.02194,0.01351,0.00034,0.01036,0.00000,0.00001,0.48937,0.00006,0.48635,0.00000
24.50000,1.02194,0.01507,0.00038,0.01303,0.00000,0.00001,0.49531,0.00007,0.47613,0.00000
24.64000,1.02194,0.01619,0.00046,0.01672,0.00000,0.00001,0.50384,0.00007,0.46270,0.00000
24.78000,1.02194,0.01630,0.00046,0.01634,0.00000,0.00001,0.50507,0.00008,0.46174,0.00000
24.92000,1.02194,0.01724,0.00049,0.01831,0.00000,0.00001,0.50918,0.00008,0.45468,0.00000
25.06000,1.02194,0.01789,0.00057,0.02182,0.00000,0.00001,0.52500,0.00008,0.43463,0.00000
25.20000,1.02194,0.01836,0.00062,0.02352,0.00000,0.00001,0.53771,0.00009,0.41969,0.00000
25.34000,1.02194,0.01954,0.00068,0.02702,0.00000,0.00001,0.53997,0.00009,0.41268,0.00000
25.48000,1.02194,0.01939,0.00067,0.02749,0.00000,0.00001,0.57205,0.00010,0.38029,0.00000
25.62000,1.02194,0.02039,0.00089,0.03239,0.00001,0.00002,0.61706,0.00013,0.32911,0.00000
25.76000,1.02194,0.96944,0.00101,0.00354,0.00032,0.00005,0.00496,0.01473,0.00572,0.00023
25.90000,1.02194,0.97995,0.00032,0.00042,0.00063,0.00003,0.00014,0.01781,0.00024,0.00045
26.04000,1.02194,0.98086,0.00010,0.00019,0.00143,0.00007,0.00003,0.01640,0.00004,0.00087
26.18000,1.02194,0.98535,0.00009,0.00012,0.00351,0.00008,0.00001,0.00990,0.00001,0.00094
26.32000,1.02194,0.99155,0.00000,0.00000,0.00225,0.00000,0.00000,0.00496,0.00000,0.00124
26.46000,1.02194,0.96332,0.00001,0.00000,0.03197,0.00000,0.00000,0.00297,0.00000,0.00173
26.60000,1.02194,0.91402,0.00003,0.00001,0.08257,0.00001,0.00000,0.00211,0.00000,0.00125
26.74000,1.02194,0.98558,0.00001,0.00001,0.00616,0.00002,0.00000,0.00530,0.00000,0.00293
26.88000,1.02194,0.97724,0.00001,0.00001,0.01314,0.00002,0.00000,0.00646,0.00000,0.00311
27.02000,1.02194,0.97915,0.00000,0.00000,0.00307,0.00000,0.00000,0.01360,0.00000,0.00418
27.16000,1.02194,0.92126,0.00000,0.00000,0.00244,0.00000,0.00000,0.05942,0.00000,0.01688
27.30000,1.02194,0.85714,0.00001,0.00000,0.01087,0.00000,0.00000,0.11007,0.00000,0.02192
27.44000,1.02194,0.93382,0.00000,0.00000,0.00817,0.00000,0.00000,0.05059,0.00000,0.00743
27.58000,1.02194,0.99057,0.00000,0.00000,0.00181,0.00000,0.00000,0.00642,0.00000,0.00120
27.72000,1.02194,0.97744,0.00001,0.00001,0.01759,0.00002,0.00000,0.00313,0.00000,0.00180
27.86000,1.02194,0.86029,0.00002,0.00001,0.13658,0.00001,0.00000,0.00194,0.00000,0.00115
28.00000,1.02194,0.95198,0.00000,0.00000,0.04425,0.00000,0.00000,0.00217,0.00000,0.00159
28.14000,1.02194,0.98625,0.00000,0.00000,0.00849,0.00000,0.00000,0.00360,0.00000,0.00166
28.28000,1.02194,0.98853,0.00000,0.00000,0.00279,0.00000,0.00000,0.00656,0.00000,0.00212
28.42000,1.02194,0.96692,0.00001,0.00000,0.00613,0.00006,0.00000,0.02066,0.00000,0.00621
28.56000,1.02194,0.96086,0.00001,0.00000,0.00388,0.00002,0.00000,0.02759,0.00000,0.00763
28.70000,1.02194,0.94152,0.00003,0.00001,0.00356,0.00024,0.00000,0.04478,0.00001,0.00985
28.84000,1.02194,0.93187,0.00064,0.00015,0.00415,0.00043,0.00005,0.05171,0.00018,0.01082
28.98000,1.02194,0.87203,0.00078,0.00028,0.00552,0.00100,0.00010,0.08702,0.00030,0.03297
29.12000,1.02194,0.94669,0.00441,0.00128,0.00284,0.00316,0.00183,0.02397,0.00481,0.01101
29.26000,1.02194,0.98305,0.00111,0.00030,0.00204,0.00131,0.00010,0.00588,0.00040,0.00583
29.40000,1.02194,0.99040,0.00059,0.00027,0.00418,0.00080,0.00003,0.00138,0.00012,0.00223
29.54000,1.02194,0.99344,0.00049,0.00014,0.00448,0.00029,0.00000,0.00030,0.00001,0.00085
29.68000,1.02194,0.98877,0.00067,0.00035,0.00953,0.00027,0.00000,0.00006,0.00001,0.00035
29.82000,1.02194,0.94367,0.00257,0.00431,0.04922,0.00010,0.00000,0.00001,0.00001,0.00011
29.96000,1.02194,0.99395,0.00125,0.00032,0.00435,0.00002,0.00000,0.00001,0.00000,0.00010
30.10000,1.02194,0.99634,0.00124,0.00017,0.00208,0.00001,0.00000,0.00001,0.00000,0.00015
30.24000,1.02194,0.99561,0.00102,0.00022,0.00300,0.00002,0.00000,0.00001,0.00000,0.00012
30.38000,1.02194,0.99843,0.00059,0.00008,0.00078,0.00001,0.00000,0.00001,0.00000,0.00010
30.52000,1.02194,0.99855,0.00003,0.00003,0.00127,0.00001,0.00000,0.00001,0.00000,0.00010
30.66000,1.02194,0.99583,0.00010,0.00074,0.00322,0.00005,0.00000,0.00001,0.00000,0.00005
30.80000,1.02194,0.99916,0.00000,0.00000,0.00071,0.00000,0.00000,0.00002,0.00000,0.00010
30.94000,1.02194,0.99845,0.00000,0.00000,0.00091,0.00000,0.00000,0.00012,0.00000,0.00052
31.08000,1.02194,0.99718,0.00000,0.00001,0.00170,0.00001,0.00000,0.00031,0.00000,0.00078
31.22000,1.02194,0.99323,0.00002,0.00028,0.00451,0.00002,0.00000,0.00088,0.00000,0.00105
31.36000,1.02194,0.98937,0.00003,0.00025,0.00280,0.00006,0.00001,0.00531,0.00002,0.00217
31.50000,1.02194,0.97659,0.00035,0.00303,0.00317,0.00030,0.00059,0.01248,0.00129,0.00220
31.64000,1.02194,0.95129,0.00133,0.00763,0.00199,0.00030,0.00339,0.02500,0.00733,0.00174
31.78000,1.02194,0.21044,0.00936,0.14119,0.00024,0.00032,0.35004,0.00314,0.28513,0.00014
31.92000,1.02194,0.02081,0.00188,0.06173,0.00002,0.00006,0.62849,0.00014,0.28687,0.00000
32.06000,1.02193,0.02205,0.00198,0.07624,0.00001,0.00004,0.63216,0.00014,0.26737,0.00000
32.20000,1.02194,0.02181,0.00200,0.08047,0.00001,0.00003,0.64204,0.00013,0.25351,0.00000
32.34000,1.02194,0.02122,0.00180,0.07465,0.00001,0.00002,0.63506,0.00012,0.26712,0.00000
32.48000,1.02194,0.02006,0.00140,0.05788,0.00001,0.00002,0.62108,0.00011,0.29945,0.00000
32.62000,1.02194,0.01901,0.00103,0.04372,0.00001,0.00001,0.59785,0.00010,0.33826,0.00000
32.76000,1.02194,0.01791,0.00082,0.03213,0.00000,0.00001,0.57651,0.00009,0.37252,0.00000
32.90000,1.02193,0.01708,0.00070,0.02585,0.00000,0.00001,0.56424,0.00009,0.39203,0.00000
33.04000,1.02194,0.01667,0.00061,0.02234,0.00000,0.00001,0.54317,0.00008,0.41712,0.00000
33.18000,1.02194,0.01691,0.00058,0.01948,0.00000,0.00001,0.52222,0.00008,0.44072,0.00000
33.32000,1.02194,0.01466,0.00050,0.01631,0.00000,0.00001,0.53008,0.00008,0.43836,0.00000
33.46000,1.02194,0.02142,0.00085,0.02439,0.00001,0.00002,0.55230,0.00016,0.40085,0.00000
33.60000,1.02194,0.96189,0.00063,0.00179,0.00035,0.00006,0.00357,0.02408,0.00704,0.00058
33.74000,1.02193,0.98392,0.00021,0.00010,0.00006,0.00003,0.00007,0.01462,0.00023,0.00077
33.88000,1.02194,0.99735,0.00003,0.00002,0.00003,0.00002,0.00000,0.00215,0.00001,0.00039
34.02000,1.02194,0.99918,0.00002,0.00001,0.00004,0.00002,0.00000,0.00044,0.00000,0.00030
34.16000,1.02194,0.99965,0.00001,0.00000,0.00004,0.00002,0.00000,0.00008,0.00000,0.00020
34.30000,1.02194,0.99980,0.00001,0.00001,0.00005,0.00003,0.00000,0.00001,0.00000,0.00010
34.44000,1.02194,0.99995,0.00000,0.00000,0.00001,0.00000,0.00000,0.00000,0.00000,0.00003
34.58000,1.02193,0.99991,0.00001,0.00001,0.00002,0.00000,0.00000,0.00000,0.00000,0.00005
34.72000,1.02193,0.99936,0.00001,0.00000,0.00008,0.00000,0.00000,0.00006,0.00000,0.00049
34.86000,1.02194,0.99751,0.00002,0.00001,0.00028,0.00001,0.00000,0.00076,0.00000,0.00140
35.00000,1.02194,0.99699,0.00006,0.00006,0.00009,0.00002,0.00000,0.00149,0.00000,0.00128
35.14000,1.02194,0.99197,0.00022,0.00045,0.00078,0.00004,0.00001,0.00524,0.00007,0.00123
35.28000,1.02194,0.97535,0.00126,0.00087,0.00016,0.00016,0.00049,0.01828,0.00146,0.00198
35.42000,1.02194,0.94639,0.00218,0.00604,0.00072,0.00014,0.00482,0.02941,0.00915,0.00114
35.56000,1.02193,0.01804,0.00181,0.06004,0.00002,0.00006,0.65071,0.00013,0.26919,0.00000
35.70000,1.02194,0.01795,0.00159,0.05525,0.00001,0.00004,0.64500,0.00012,0.28003,0.00000
35.84000,1.02194,0.01876,0.00143,0.05357,0.00001,0.00003,0.62899,0.00012,0.29709,0.00000
35.98000,1.02194,0.01876,0.00135,0.05224,0.00001,0.00002,0.62293,0.00011,0.30459,0.00000
36.12000,1.02194,0.01986,0.00120,0.04790,0.00001,0.00002,0.60976,0.00011,0.32115,0.00000
36.26000,1.02194,0.02083,0.00118,0.05016,0.00001,0.00001,0.60634,0.00011,0.32137,0.00000
36.40000,1.02193,0.02042,0.00111,0.04714,0.00001,0.00001,0.60333,0.00010,0.32787,0.00000
36.54000,1.02194,0.02012,0.00104,0.04419,0.00000,0.00001,0.60045,0.00011,0.33407,0.00000
36.68000,1.02194,0.98146,0.00043,0.00054,0.00002,0.00001,0.00056,0.01560,0.00124,0.00015
36.82000,1.02194,0.98895,0.00038,0.00010,0.00001,0.00001,0.00008,0.01006,0.00019,0.00022
36.96000,1.02194,0.99638,0.00004,0.00002,0.00001,0.00000,0.00000,0.00330,0.00001,0.00022
37.10000,1.02194,0.99909,0.00001,0.00000,0.00000,0.00000,0.00000,0.00072,0.00000,0.00017
37.24000,1.02193,0.99961,0.00000,0.00000,0.00000,0.00000,0.00000,0.00020,0.00000,0.00018
37.38000,1.02194,0.99980,0.00000,0.00000,0.00000,0.00000,0.00000,0.00004,0.00000,0.00015
37.52000,1.02194,0.99994,0.00000,0.00000,0.00000,0.00000,0.00000,0.00000,0.00000,0.00005
37.66000,1.02194,0.99989,0.00001,0.00000,0.00005,0.00000,0.00000,0.00000,0.00000,0.00004
37.80000,1.02194,0.99992,0.00000,0.00000,0.00004,0.00000,0.00000,0.00000,0.00000,0.00003
37.94000,1.02194,0.99988,0.00000,0.00000,0.00004,0.00000,0.00000,0.00001,0.00000,0.00007
38.08000,1.02193,0.99981,0.00000,0.00000,0.00010,0.00000,0.00000,0.00001,0.00000,0.00008
38.22000,1.02193,0.99972,0.00001,0.00000,0.00016,0.00000,0.00000,0.00001,0.00000,0.00010
38.36000,1.02194,0.99989,0.00001,0.00000,0.00003,0.00000,0.00000,0.00000,0.00000,0.00007
38.50000,1.02194,0.99884,0.00004,0.00001,0.00101,0.00000,0.00000,0.00001,0.00000,0.00009
38.64000,1.02194,0.99106,0.00797,0.00009,0.00073,0.00000,0.00000,0.00001,0.00000,0.00014
38.78000,1.02194,0.92474,0.07466,0.00002,0.00021,0.00000,0.00000,0.00002,0.00000,0.00035
38.92000,1.02194,0.87932,0.11924,0.00004,0.00087,0.00000,0.00000,0.00003,0.00000,0.00051
39.06000,1.02193,0.86721,0.13091,0.00009,0.00109,0.00002,0.00000,0.00005,0.00000,0.00064
39.20000,1.02194,0.59443,0.40292,0.00018,0.00212,0.00001,0.00000,0.00002,0.00000,0.00031
39.34000,1.02194,0.92833,0.06745,0.00008,0.00191,0.00003,0.00000,0.00021,0.00001,0.00199
39.48000,1.02194,0.98402,0.01363,0.00004,0.00054,0.00002,0.00000,0.00040,0.00002,0.00134
39.62000,1.02194,0.98399,0.00852,0.00061,0.00376,0.00005,0.00002,0.00132,0.00014,0.00159
39.76000,1.02194,0.98633,0.00488,0.00172,0.00064,0.00014,0.00024,0.00353,0.00088,0.00165
39.90000,1.02193,0.94250,0.00861,0.00842,0.00082,0.00047,0.00775,0.00906,0.02076,0.00162
40.04000,1.02194,0.95595,0.00070,0.00151,0.00067,0.00012,0.00140,0.03111,0.00606,0.00248
40.18000,1.02194,0.01442,0.00082,0.01818,0.00001,0.00006,0.53311,0.00011,0.43328,0.00001
40.32000,1.02194,0.01213,0.00079,0.01789,0.00001,0.00005,0.55405,0.00009,0.41499,0.00000
40.46000,1.02194,0.01088,0.00056,0.01168,0.00001,0.00004,0.52968,0.00007,0.44708,0.00000
40.60000,1.02194,0.01161,0.00045,0.01020,0.00001,0.00003,0.50020,0.00008,0.47742,0.00000
40.74000,1.02193,0.01203,0.00059,0.01333,0.00001,0.00003,0.52930,0.00008,0.44464,0.00000
40.88000,1.02194,0.01091,0.00043,0.00982,0.00000,0.00002,0.50020,0.00007,0.47855,0.00000
41.02000,1.02194,0.01022,0.00028,0.00650,0.00000,0.00001,0.44855,0.00006,0.53437,0.00000
41.16000,1.02194,0.00949,0.00023,0.00514,0.00000,0.00001,0.43089,0.00005,0.55418,0.00000
41.30000,1.02194,0.00868,0.00019,0.00404,0.00000,0.00001,0.40625,0.00005,0.58079,0.00000
41.44000,1.02194,0.00743,0.00014,0.00253,0.00000,0.00000,0.36622,0.00004,0.62365,0.00000
41.58000,1.02193,0.00608,0.00008,0.00129,0.00000,0.00000,0.31240,0.00003,0.68011,0.00000
41.72000,1.02193,0.00477,0.00004,0.00055,0.00000,0.00000,0.25138,0.00002,0.74324,0.00000
41.86000,1.02194,0.00432,0.00003,0.00042,0.00000,0.00000,0.23346,0.00002,0.76176,0.00000
42.00000,1.02194,0.00397,0.00003,0.00038,0.00000,0.00000,0.23442,0.00002,0.76118,0.00000
42.14000,1.02194,0.00364,0.00002,0.00029,0.00000,0.00000,0.22333,0.00002,0.77270,0.00000
42.28000,1.02194,0.00390,0.00003,0.00033,0.00000,0.00000,0.23234,0.00002,0.76339,0.00000
42.42000,1.02194,0.00457,0.00005,0.00069,0.00000,0.00000,0.28672,0.00002,0.70794,0.00000
42.56000,1.02193,0.00536,0.00007,0.00094,0.00000,0.00001,0.31492,0.00003,0.67868,0.00000
42.70000,1.02194,0.00734,0.00015,0.00247,0.00000,0.00001,0.38739,0.00005,0.60258,0.00000
42.84000,1.02194,0.00840,0.00026,0.00486,0.00000,0.00003,0.45755,0.00006,0.52883,0.00000
42.98000,1.02194,0.01004,0.00044,0.00853,0.00001,0.00006,0.52086,0.00008,0.45997,0.00000
43.12000,1.02194,0.01093,0.00063,0.01302,0.00001,0.00007,0.56095,0.00009,0.41430,0.00000
43.26000,1.02194,0.01251,0.00084,0.01885,0.00001,0.00008,0.58227,0.00011,0.38532,0.00001
43.40000,1.02193,0.01275,0.00105,0.02413,0.00002,0.00011,0.60667,0.00011,0.35514,0.00001
43.54000,1.02194,0.01429,0.00148,0.03252,0.00003,0.00017,0.62529,0.00014,0.32607,0.00001
43.68000,1.02194,0.01501,0.00161,0.03649,0.00003,0.00018,0.62580,0.00015,0.32074,0.00001
43.82000,1.02194,0.01701,0.00222,0.04724,0.00005,0.00029,0.63936,0.00020,0.29362,0.00001
43.96000,1.02194,0.91655,0.00357,0.01420,0.00256,0.00114,0.02168,0.02054,0.01782,0.00194
44.10000,1.02194,0.92782,0.00284,0.00796,0.00867,0.00171,0.00697,0.03496,0.00493,0.00413
44.24000,1.02193,0.96013,0.00013,0.00005,0.00823,0.00002,0.00000,0.02805,0.00000,0.00338
44.38000,1.02194,0.98833,0.00000,0.00000,0.00085,0.00000,0.00000,0.00914,0.00000,0.00167
44.52000,1.02194,0.99669,0.00000,0.00000,0.00042,0.00001,0.00000,0.00187,0.00000,0.00102
44.66000,1.02194,0.99712,0.00001,0.00001,0.00214,0.00002,0.00000,0.00025,0.00000,0.00046
44.80000,1.02194,0.99166,0.00001,0.00001,0.00813,0.00000,0.00000,0.00007,0.00000,0.00012
44.94000,1.02194,0.99732,0.00000,0.00000,0.00260,0.00000,0.00000,0.00002,0.00000,0.00006
45.08000,1.02193,0.99136,0.00003,0.00012,0.00841,0.00003,0.00000,0.00001,0.00000,0.00005
45.22000,1.02193,0.97812,0.00023,0.00024,0.02129,0.00004,0.00000,0.00002,0.00000,0.00007
45.36000,1.02194,0.98959,0.00014,0.00005,0.01008,0.00001,0.00000,0.00003,0.00000,0.00010
45.50000,1.02194,0.95854,0.00033,0.00026,0.04070,0.00001,0.00000,0.00003,0.00000,0.00013
45.64000,1.02194,0.98129,0.00014,0.00008,0.01818,0.00001,0.00000,0.00010,0.00000,0.00021
45.78000,1.02194,0.99630,0.00000,0.00000,0.00305,0.00000,0.00000,0.00022,0.00000,0.00042
45.92000,1.02194,0.99393,0.00002,0.00001,0.00526,0.00000,0.00000,0.00024,0.00000,0.00054
46.06000,1.02193,0.99378,0.00005,0.00007,0.00534,0.00001,0.00000,0.00029,0.00000,0.00046
46.20000,1.02194,0.99523,0.00000,0.00000,0.00160,0.00000,0.00000,0.00151,0.00000,0.00166
46.34000,1.02194,0.99326,0.00000,0.00000,0.00479,0.00000,0.00000,0.00111,0.00000,0.00083
46.48000,1.02194,0.99760,0.00001,0.00002,0.00169,0.00001,0.00000,0.00029,0.00000,0.00039
46.62000,1.02194,0.99846,0.00000,0.00000,0.00119,0.00001,0.00000,0.00010,0.00000,0.00024
46.76000,1.02194,0.99898,0.00000,0.00000,0.00085,0.00000,0.00000,0.00005,0.00000,0.00012
46.90000,1.02193,0.99955,0.00001,0.00001,0.00037,0.00002,0.00000,0.00001,0.00000,0.00004
47.04000,1.02194,0.99952,0.00001,0.00001,0.00042,0.00001,0.00000,0.00000,0.00000,0.00003
47.18000,1.02194,0.99976,0.00005,0.00001,0.00012,0.00001,0.00000,0.00000,0.00000,0.00004
47.32000,1.02194,0.99982,0.00009,0.00001,0.00004,0.00001,0.00000,0.00000,0.00000,0.00004
47.46000,1.02194,0.99983,0.00009,0.00001,0.00004,0.00001,0.00000,0.00000,0.00000,0.00004
47.60000,1.02194,0.99981,0.00009,0.00001,0.00005,0.00001,0.00000,0.00000,0.00000,0.00004
47.74000,1.02193,0.99979,0.00010,0.00001,0.00006,0.00001,0.00000,0.00000,0.00000,0.00004
47.88000,1.02194,0.99977,0.00011,0.00001,0.00006,0.00001,0.00000,0.00000,0.00000,0.00004
48.02000,1.02194,0.99981,0.00006,0.00000,0.00007,0.00001,0.00000,0.00000,0.00000,0.00005
48.16000,1.02194,0.99981,0.00004,0.00001,0.00009,0.00001,0.00000,0.00000,0.00000,0.00004
48.30000,1.02194,0.99987,0.00003,0.00001,0.00007,0.00001,0.00000,0.00000,0.00000,0.00002
