Time (seconds), Duration (seconds),pred_(unlabeled),pred_brushing_teeth,pred_hair_drying,pred_showering
0.00000,1.02194,1.00000,0.00000,0.00000,0.00000
0.14000,1.02194,1.00000,0.00000,0.00000,0.00000
0.28000,1.02194,1.00000,0.00000,0.00000,0.00000
0.42000,1.02194,1.00000,0.00000,0.00000,0.00000
0.56000,1.02194,1.00000,0.00000,0.00000,0.00000
0.70000,1.02194,1.00000,0.00000,0.00000,0.00000
0.84000,1.02194,1.00000,0.00000,0.00000,0.00000
0.98000,1.02194,1.00000,0.00000,0.00000,0.00000
1.12000,1.02194,1.00000,0.00000,0.00000,0.00000
1.26000,1.02194,1.00000,0.00000,0.00000,0.00000
1.40000,1.02194,1.00000,0.00000,0.00000,0.00000
1.54000,1.02194,1.00000,0.00000,0.00000,0.00000
1.68000,1.02194,1.00000,0.00000,0.00000,0.00000
1.82000,1.02194,1.00000,0.00000,0.00000,0.00000
1.96000,1.02194,0.99999,0.00000,0.00000,0.00001
2.10000,1.02194,0.99999,0.00000,0.00000,0.00001
2.24000,1.02194,0.99998,0.00000,0.00000,0.00002
2.38000,1.02194,0.99998,0.00000,0.00000,0.00002
2.52000,1.02194,0.99998,0.00000,0.00000,0.00002
2.66000,1.02194,0.99999,0.00000,0.00000,0.00001
2.80000,1.02194,0.99999,0.00000,0.00000,0.00001
2.94000,1.02194,0.99999,0.00000,0.00000,0.00001
3.08000,1.02194,0.99999,0.00000,0.00000,0.00001
3.22000,1.02194,0.99999,0.00000,0.00000,0.00001
3.36000,1.02194,0.99999,0.00000,0.00000,0.00001
3.50000,1.02194,0.99999,0.00000,0.00000,0.00000
3.64000,1.02194,0.99999,0.00000,0.00000,0.00000
3.78000,1.02194,0.99999,0.00000,0.00000,0.00001
3.92000,1.02194,0.99999,0.00000,0.00000,0.00001
4.06000,1.02194,0.99997,0.00000,0.00000,0.00003
4.20000,1.02194,0.99992,0.00000,0.00000,0.00008
4.34000,1.02194,0.99985,0.00000,0.00001,0.00015
4.48000,1.02194,0.99981,0.00000,0.00001,0.00019
4.62000,1.02194,0.99984,0.00000,0.00001,0.00016
4.76000,1.02194,0.99989,0.00000,0.00000,0.00011
4.90000,1.02194,0.99990,0.00000,0.00000,0.00009
5.04000,1.02194,0.99993,0.00000,0.00000,0.00007
5.18000,1.02194,0.99992,0.00000,0.00000,0.00007
5.32000,1.02194,0.99992,0.00000,0.00000,0.00008
5.46000,1.02194,0.99993,0.00000,0.00000,0.00007
5.60000,1.02194,0.99994,0.00000,0.00000,0.00006
5.74000,1.02194,0.99990,0.00000,0.00000,0.00009
5.88000,1.02194,0.99973,0.00000,0.00001,0.00026
6.02000,1.02194,0.99957,0.00000,0.00002,0.00042
6.16000,1.02194,0.99956,0.00000,0.00001,0.00042
6.30000,1.02194,0.99975,0.00000,0.00001,0.00024
6.44000,1.02194,0.99990,0.00000,0.00000,0.00010
6.58000,1.02194,0.99985,0.00000,0.00001,0.00015
6.72000,1.02194,0.99986,0.00000,0.00001,0.00012
6.86000,1.02194,0.99992,0.00000,0.00001,0.00007
7.00000,1.02194,0.99990,0.00000,0.00001,0.00009
7.14000,1.02194,0.99992,0.00000,0.00001,0.00007
7.28000,1.02194,0.99999,0.00000,0.00000,0.00001
7.42000,1.02194,0.99994,0.00000,0.00000,0.00005
7.56000,1.02194,0.99944,0.00000,0.00002,0.00054
7.70000,1.02194,0.99342,0.00000,0.00012,0.00646
7.84000,1.02194,0.96759,0.00000,0.00029,0.03212
7.98000,1.02194,0.96177,0.00000,0.00036,0.03787
8.12000,1.02194,0.98992,0.00000,0.00011,0.00997
8.26000,1.02194,0.99700,0.00000,0.00003,0.00297
8.40000,1.02194,0.99943,0.00000,0.00001,0.00056
8.54000,1.02194,0.99987,0.00000,0.00000,0.00012
8.68000,1.02194,0.99990,0.00000,0.00000,0.00010
8.82000,1.02194,0.99996,0.00000,0.00000,0.00004
8.96000,1.02194,0.99998,0.00000,0.00000,0.00002
9.10000,1.02194,0.99999,0.00000,0.00000,0.00001
9.24000,1.02194,0.99999,0.00000,0.00000,0.00001
9.38000,1.02194,0.99999,0.00000,0.00000,0.00001
9.52000,1.02194,0.99999,0.00000,0.00000,0.00001
9.66000,1.02194,0.99998,0.00000,0.00000,0.00002
9.80000,1.02194,0.99998,0.00000,0.00000,0.00002
9.94000,1.02194,0.99996,0.00000,0.00000,0.00003
10.08000,1.02194,0.99996,0.00000,0.00000,0.00004
10.22000,1.02194,0.99996,0.00000,0.00000,0.00004
10.36000,1.02194,0.99997,0.00000,0.00000,0.00003
10.50000,1.02194,0.99998,0.00000,0.00000,0.00002
10.64000,1.02194,0.99998,0.00000,0.00000,0.00002
10.78000,1.02194,0.99999,0.00000,0.00000,0.00001
10.92000,1.02194,0.99999,0.00000,0.00000,0.00001
11.06000,1.02194,0.99999,0.00000,0.00000,0.00001
11.20000,1.02194,0.99999,0.00000,0.00000,0.00001
11.34000,1.02194,0.99999,0.00000,0.00000,0.00000
11.48000,1.02194,0.99999,0.00000,0.00000,0.00000
11.62000,1.02194,0.99999,0.00000,0.00000,0.00000
11.76000,1.02194,0.99999,0.00000,0.00000,0.00001
11.90000,1.02194,0.99999,0.00000,0.00000,0.00001
12.04000,1.02194,0.99999,0.00000,0.00000,0.00001
12.18000,1.02194,0.99999,0.00000,0.00000,0.00001
12.32000,1.02194,0.99999,0.00000,0.00000,0.00001
12.46000,1.02194,0.99999,0.00000,0.00000,0.00001
12.60000,1.02194,0.99998,0.00000,0.00000,0.00002
12.74000,1.02194,0.99997,0.00000,0.00000,0.00002
12.88000,1.02194,0.99997,0.00000,0.00000,0.00003
13.02000,1.02194,0.99996,0.00000,0.00000,0.00004
13.16000,1.02194,0.99996,0.00000,0.00000,0.00004
13.30000,1.02194,0.99998,0.00000,0.00000,0.00002
13.44000,1.02194,0.99999,0.00000,0.00000,0.00001
13.58000,1.02194,0.99999,0.00000,0.00000,0.00001
13.72000,1.02194,0.99999,0.00000,0.00000,0.00000
13.86000,1.02194,0.99999,0.00000,0.00000,0.00000
14.00000,1.02194,1.00000,0.00000,0.00000,0.00000
14.14000,1.02194,1.00000,0.00000,0.00000,0.00000
14.28000,1.02194,1.00000,0.00000,0.00000,0.00000
14.42000,1.02194,1.00000,0.00000,0.00000,0.00000
14.56000,1.02194,1.00000,0.00000,0.00000,0.00000
14.70000,1.02194,1.00000,0.00000,0.00000,0.00000
14.84000,1.02194,1.00000,0.00000,0.00000,0.00000
14.98000,1.02194,1.00000,0.00000,0.00000,0.00000
15.12000,1.02194,1.00000,0.00000,0.00000,0.00000
15.26000,1.02194,1.00000,0.00000,0.00000,0.00000
15.40000,1.02194,1.00000,0.00000,0.00000,0.00000
15.54000,1.02194,1.00000,0.00000,0.00000,0.00000
15.68000,1.02194,1.00000,0.00000,0.00000,0.00000
15.82000,1.02194,0.99999,0.00000,0.00000,0.00001
15.96000,1.02194,1.00000,0.00000,0.00000,0.00000
16.10000,1.02194,1.00000,0.00000,0.00000,0.00000
16.24000,1.02194,1.00000,0.00000,0.00000,0.00000
16.38000,1.02194,1.00000,0.00000,0.00000,0.00000
16.52000,1.02194,1.00000,0.00000,0.00000,0.00000
16.66000,1.02194,1.00000,0.00000,0.00000,0.00000
16.80000,1.02194,1.00000,0.00000,0.00000,0.00000
16.94000,1.02194,1.00000,0.00000,0.00000,0.00000
17.08000,1.02194,1.00000,0.00000,0.00000,0.00000
17.22000,1.02194,1.00000,0.00000,0.00000,0.00000
17.36000,1.02194,1.00000,0.00000,0.00000,0.00000
17.50000,1.02194,1.00000,0.00000,0.00000,0.00000
17.64000,1.02194,1.00000,0.00000,0.00000,0.00000
17.78000,1.02194,0.99999,0.00000,0.00000,0.00001
17.92000,1.02194,0.99991,0.00000,0.00001,0.00008
18.06000,1.02194,0.99967,0.00000,0.00001,0.00032
18.20000,1.02194,0.99952,0.00000,0.00001,0.00047
18.34000,1.02194,0.99974,0.00000,0.00001,0.00026
18.48000,1.02194,0.99994,0.00000,0.00000,0.00005
18.62000,1.02194,0.99999,0.00000,0.00000,0.00001
18.76000,1.02194,1.00000,0.00000,0.00000,0.00000
18.90000,1.02194,1.00000,0.00000,0.00000,0.00000
19.04000,1.02194,1.00000,0.00000,0.00000,0.00000
19.18000,1.02194,1.00000,0.00000,0.00000,0.00000
19.32000,1.02194,1.00000,0.00000,0.00000,0.00000
19.46000,1.02194,1.00000,0.00000,0.00000,0.00000
19.60000,1.02194,1.00000,0.00000,0.00000,0.00000
19.74000,1.02194,0.99999,0.00000,0.00000,0.00000
19.88000,1.02194,0.99998,0.00000,0.00000,0.00002
20.02000,1.02194,0.99997,0.00000,0.00000,0.00003
20.16000,1.02194,0.99998,0.00000,0.00000,0.00002
20.30000,1.02194,0.99999,0.00000,0.00000,0.00001
20.44000,1.02194,1.00000,0.00000,0.00000,0.00000
20.58000,1.02194,1.00000,0.00000,0.00000,0.00000
20.72000,1.02194,1.00000,0.00000,0.00000,0.00000
20.86000,1.02194,1.00000,0.00000,0.00000,0.00000
21.00000,1.02194,1.00000,0.00000,0.00000,0.00000
21.14000,1.02194,1.00000,0.00000,0.00000,0.00000
21.28000,1.02194,1.00000,0.00000,0.00000,0.00000
21.42000,1.02194,1.00000,0.00000,0.00000,0.00000
21.56000,1.02194,1.00000,0.00000,0.00000,0.00000
21.70000,1.02194,1.00000,0.00000,0.00000,0.00000
21.84000,1.02194,1.00000,0.00000,0.00000,0.00000
21.98000,1.02194,1.00000,0.00000,0.00000,0.00000
22.12000,1.02194,1.00000,0.00000,0.00000,0.00000
22.26000,1.02194,1.00000,0.00000,0.00000,0.00000
22.40000,1.02194,1.00000,0.00000,0.00000,0.00000
22.54000,1.02194,1.00000,0.00000,0.00000,0.00000
22.68000,1.02194,1.00000,0.00000,0.00000,0.00000
22.82000,1.02194,1.00000,0.00000,0.00000,0.00000
22.96000,1.02194,1.00000,0.00000,0.00000,0.00000
23.10000,1.02194,1.00000,0.00000,0.00000,0.00000
23.24000,1.02194,1.00000,0.00000,0.00000,0.00000
23.38000,1.02194,1.00000,0.00000,0.00000,0.00000
23.52000,1.02194,1.00000,0.00000,0.00000,0.00000
23.66000,1.02194,1.00000,0.00000,0.00000,0.00000
23.80000,1.02194,1.00000,0.00000,0.00000,0.00000
23.94000,1.02194,1.00000,0.00000,0.00000,0.00000
24.08000,1.02194,1.00000,0.00000,0.00000,0.00000
24.22000,1.02194,1.00000,0.00000,0.00000,0.00000
24.36000,1.02194,1.00000,0.00000,0.00000,0.00000
24.50000,1.02194,1.00000,0.00000,0.00000,0.00000
24.64000,1.02194,1.00000,0.00000,0.00000,0.00000
24.78000,1.02194,1.00000,0.00000,0.00000,0.00000
24.92000,1.02194,1.00000,0.00000,0.00000,0.00000
25.06000,1.02194,1.00000,0.00000,0.00000,0.00000
25.20000,1.02194,1.00000,0.00000,0.00000,0.00000
25.34000,1.02194,1.00000,0.00000,0.00000,0.00000
25.48000,1.02194,1.00000,0.00000,0.00000,0.00000
25.62000,1.02194,1.00000,0.00000,0.00000,0.00000
25.76000,1.02194,1.00000,0.00000,0.00000,0.00000
25.90000,1.02194,1.00000,0.00000,0.00000,0.00000
26.04000,1.02194,1.00000,0.00000,0.00000,0.00000
26.18000,1.02194,1.00000,0.00000,0.00000,0.00000
26.32000,1.02194,1.00000,0.00000,0.00000,0.00000
26.46000,1.02194,1.00000,0.00000,0.00000,0.00000
26.60000,1.02194,1.00000,0.00000,0.00000,0.00000
26.74000,1.02194,1.00000,0.00000,0.00000,0.00000
26.88000,1.02194,1.00000,0.00000,0.00000,0.00000
27.02000,1.02194,1.00000,0.00000,0.00000,0.00000
27.16000,1.02194,1.00000,0.00000,0.00000,0.00000
27.30000,1.02194,1.00000,0.00000,0.00000,0.00000
27.44000,1.02194,1.00000,0.00000,0.00000,0.00000
27.58000,1.02194,1.00000,0.00000,0.00000,0.00000
27.72000,1.02194,1.00000,0.00000,0.00000,0.00000
27.86000,1.02194,1.00000,0.00000,0.00000,0.00000
28.00000,1.02194,1.00000,0.00000,0.00000,0.00000
28.14000,1.02194,1.00000,0.00000,0.00000,0.00000
28.28000,1.02194,1.00000,0.00000,0.00000,0.00000
28.42000,1.02194,1.00000,0.00000,0.00000,0.00000
28.56000,1.02194,1.00000,0.00000,0.00000,0.00000
28.70000,1.02194,1.00000,0.00000,0.00000,0.00000
28.84000,1.02194,1.00000,0.00000,0.00000,0.00000
28.98000,1.02194,1.00000,0.00000,0.00000,0.00000
29.12000,1.02194,1.00000,0.00000,0.00000,0.00000
29.26000,1.02194,1.00000,0.00000,0.00000,0.00000
29.40000,1.02194,1.00000,0.00000,0.00000,0.00000
29.54000,1.02194,0.99999,0.00000,0.00000,0.00001
29.68000,1.02194,0.99999,0.00000,0.00000,0.00001
29.82000,1.02194,0.99997,0.00000,0.00000,0.00003
29.96000,1.02194,0.99986,0.00000,0.00000,0.00013
30.10000,1.02194,0.99982,0.00000,0.00000,0.00018
30.24000,1.02194,0.99974,0.00000,0.00001,0.00025
30.38000,1.02194,0.99986,0.00000,0.00000,0.00014
30.52000,1.02194,0.99998,0.00000,0.00000,0.00002
30.66000,1.02194,1.00000,0.00000,0.00000,0.00000
30.80000,1.02194,1.00000,0.00000,0.00000,0.00000
30.94000,1.02194,1.00000,0.00000,0.00000,0.00000
31.08000,1.02194,1.00000,0.00000,0.00000,0.00000
31.22000,1.02194,1.00000,0.00000,0.00000,0.00000
31.36000,1.02194,1.00000,0.00000,0.00000,0.00000
31.50000,1.02194,1.00000,0.00000,0.00000,0.00000
31.64000,1.02194,1.00000,0.00000,0.00000,0.00000
31.78000,1.02194,1.00000,0.00000,0.00000,0.00000
31.92000,1.02194,1.00000,0.00000,0.00000,0.00000
32.06000,1.02193,1.00000,0.00000,0.00000,0.00000
32.20000,1.02194,1.00000,0.00000,0.00000,0.00000
32.34000,1.02194,1.00000,0.00000,0.00000,0.00000
32.48000,1.02194,1.00000,0.00000,0.00000,0.00000
32.62000,1.02194,1.00000,0.00000,0.00000,0.00000
32.76000,1.02194,1.00000,0.00000,0.00000,0.00000
32.90000,1.02193,1.00000,0.00000,0.00000,0.00000
33.04000,1.02194,1.00000,0.00000,0.00000,0.00000
33.18000,1.02194,1.00000,0.00000,0.00000,0.00000
33.32000,1.02194,1.00000,0.00000,0.00000,0.00000
33.46000,1.02194,1.00000,0.00000,0.00000,0.00000
33.60000,1.02194,1.00000,0.00000,0.00000,0.00000
33.74000,1.02193,1.00000,0.00000,0.00000,0.00000
33.88000,1.02194,1.00000,0.00000,0.00000,0.00000
34.02000,1.02194,1.00000,0.00000,0.00000,0.00000
34.16000,1.02194,1.00000,0.00000,0.00000,0.00000
34.30000,1.02194,1.00000,0.00000,0.00000,0.00000
34.44000,1.02194,1.00000,0.00000,0.00000,0.00000
34.58000,1.02193,1.00000,0.00000,0.00000,0.00000
34.72000,1.02193,1.00000,0.00000,0.00000,0.00000
34.86000,1.02194,1.00000,0.00000,0.00000,0.00000
35.00000,1.02194,1.00000,0.00000,0.00000,0.00000
35.14000,1.02194,1.00000,0.00000,0.00000,0.00000
35.28000,1.02194,1.00000,0.00000,0.00000,0.00000
35.42000,1.02194,1.00000,0.00000,0.00000,0.00000
35.56000,1.02193,1.00000,0.00000,0.00000,0.00000
35.70000,1.02194,1.00000,0.00000,0.00000,0.00000
35.84000,1.02194,1.00000,0.00000,0.00000,0.00000
35.98000,1.02194,1.00000,0.00000,0.00000,0.00000
36.12000,1.02194,1.00000,0.00000,0.00000,0.00000
36.26000,1.02194,1.00000,0.00000,0.00000,0.00000
36.40000,1.02193,1.00000,0.00000,0.00000,0.00000
36.54000,1.02194,1.00000,0.00000,0.00000,0.00000
36.68000,1.02194,1.00000,0.00000,0.00000,0.00000
36.82000,1.02194,1.00000,0.00000,0.00000,0.00000
36.96000,1.02194,1.00000,0.00000,0.00000,0.00000
37.10000,1.02194,1.00000,0.00000,0.00000,0.00000
37.24000,1.02193,1.00000,0.00000,0.00000,0.00000
37.38000,1.02194,1.00000,0.00000,0.00000,0.00000
37.52000,1.02194,1.00000,0.00000,0.00000,0.00000
37.66000,1.02194,1.00000,0.00000,0.00000,0.00000
37.80000,1.02194,1.00000,0.00000,0.00000,0.00000
37.94000,1.02194,1.00000,0.00000,0.00000,0.00000
38.08000,1.02193,0.99999,0.00000,0.00000,0.00001
38.22000,1.02193,0.99997,0.00000,0.00001,0.00002
38.36000,1.02194,0.99959,0.00000,0.00004,0.00036
38.50000,1.02194,0.99953,0.00000,0.00005,0.00042
38.64000,1.02194,0.99985,0.00000,0.00001,0.00014
38.78000,1.02194,0.99997,0.00000,0.00000,0.00003
38.92000,1.02194,1.00000,0.00000,0.00000,0.00000
39.06000,1.02193,1.00000,0.00000,0.00000,0.00000
39.20000,1.02194,1.00000,0.00000,0.00000,0.00000
39.34000,1.02194,1.00000,0.00000,0.00000,0.00000
39.48000,1.02194,1.00000,0.00000,0.00000,0.00000
39.62000,1.02194,1.00000,0.00000,0.00000,0.00000
39.76000,1.02194,1.00000,0.00000,0.00000,0.00000
39.90000,1.02193,1.00000,0.00000,0.00000,0.00000
40.04000,1.02194,1.00000,0.00000,0.00000,0.00000
40.18000,1.02194,1.00000,0.00000,0.00000,0.00000
40.32000,1.02194,1.00000,0.00000,0.00000,0.00000
40.46000,1.02194,1.00000,0.00000,0.00000,0.00000
40.60000,1.02194,1.00000,0.00000,0.00000,0.00000
40.74000,1.02193,1.00000,0.00000,0.00000,0.00000
40.88000,1.02194,1.00000,0.00000,0.00000,0.00000
41.02000,1.02194,1.00000,0.00000,0.00000,0.00000
41.16000,1.02194,1.00000,0.00000,0.00000,0.00000
41.30000,1.02194,1.00000,0.00000,0.00000,0.00000
41.44000,1.02194,1.00000,0.00000,0.00000,0.00000
41.58000,1.02193,1.00000,0.00000,0.00000,0.00000
41.72000,1.02193,0.99997,0.00000,0.00000,0.00003
41.86000,1.02194,0.99795,0.00000,0.00004,0.00201
42.00000,1.02194,0.97210,0.00000,0.00011,0.02779
42.14000,1.02194,0.71720,0.00000,0.00017,0.28264
42.28000,1.02194,0.82859,0.00000,0.00027,0.17113
42.42000,1.02194,0.89492,0.00000,0.00012,0.10496
42.56000,1.02193,0.92200,0.00000,0.00007,0.07793
42.70000,1.02194,0.99831,0.00000,0.00002,0.00168
42.84000,1.02194,0.99977,0.00000,0.00001,0.00023
42.98000,1.02194,0.99995,0.00000,0.00000,0.00005
43.12000,1.02194,0.99999,0.00000,0.00000,0.00001
43.26000,1.02194,1.00000,0.00000,0.00000,0.00000
43.40000,1.02193,1.00000,0.00000,0.00000,0.00000
43.54000,1.02194,1.00000,0.00000,0.00000,0.00000
43.68000,1.02194,1.00000,0.00000,0.00000,0.00000
43.82000,1.02194,1.00000,0.00000,0.00000,0.00000
43.96000,1.02194,1.00000,0.00000,0.00000,0.00000
44.10000,1.02194,0.99998,0.00000,0.00000,0.00001
44.24000,1.02193,0.99929,0.00000,0.00006,0.00065
44.38000,1.02194,0.98400,0.00000,0.00015,0.01585
44.52000,1.02194,0.88536,0.00000,0.00102,0.11363
44.66000,1.02194,0.86250,0.00000,0.00247,0.13502
44.80000,1.02194,0.78883,0.00001,0.00116,0.21000
44.94000,1.02194,0.95672,0.00000,0.00085,0.04243
45.08000,1.02193,0.99891,0.00000,0.00004,0.00105
45.22000,1.02193,0.99963,0.00000,0.00002,0.00035
45.36000,1.02194,0.99998,0.00000,0.00000,0.00002
45.50000,1.02194,0.99999,0.00000,0.00000,0.00000
45.64000,1.02194,1.00000,0.00000,0.00000,0.00000
45.78000,1.02194,1.00000,0.00000,0.00000,0.00000
45.92000,1.02194,1.00000,0.00000,0.00000,0.00000
46.06000,1.02193,0.99998,0.00000,0.00000,0.00001
46.20000,1.02194,0.99992,0.00000,0.00000,0.00008
46.34000,1.02194,0.99986,0.00000,0.00000,0.00014
46.48000,1.02194,0.99978,0.00000,0.00001,0.00022
46.62000,1.02194,0.99948,0.00000,0.00001,0.00051
46.76000,1.02194,0.99917,0.00000,0.00001,0.00082
46.90000,1.02193,0.99979,0.00000,0.00000,0.00021
47.04000,1.02194,0.99993,0.00000,0.00000,0.00006
47.18000,1.02194,0.99998,0.00000,0.00000,0.00002
47.32000,1.02194,0.99999,0.00000,0.00000,0.00000
47.46000,1.02194,1.00000,0.00000,0.00000,0.00000
47.60000,1.02194,1.00000,0.00000,0.00000,0.00000
47.74000,1.02193,1.00000,0.00000,0.00000,0.00000
47.88000,1.02194,0.99992,0.00000,0.00001,0.00007
48.02000,1.02194,0.99618,0.00000,0.00009,0.00372
48.16000,1.02194,0.98503,0.00000,0.00005,0.01492
48.30000,1.02194,0.79060,0.00001,0.00112,0.20828
48.44000,1.02194,0.65709,0.00000,0.00251,0.34040
48.58000,1.02193,0.73126,0.00000,0.00034,0.26840
48.72000,1.02193,0.98356,0.00000,0.00025,0.01619
48.86000,1.02194,0.99991,0.00000,0.00001,0.00009
49.00000,1.02194,0.99999,0.00000,0.00000,0.00001
49.14000,1.02194,1.00000,0.00000,0.00000,0.00000
49.28000,1.02194,1.00000,0.00000,0.00000,0.00000
49.42000,1.02194,1.00000,0.00000,0.00000,0.00000
49.56000,1.02193,1.00000,0.00000,0.00000,0.00000
49.70000,1.02194,1.00000,0.00000,0.00000,0.00000
49.84000,1.02194,1.00000,0.00000,0.00000,0.00000
49.98000,1.02194,1.00000,0.00000,0.00000,0.00000
50.12000,1.02194,1.00000,0.00000,0.00000,0.00000
50.26000,1.02194,1.00000,0.00000,0.00000,0.00000
50.40000,1.02193,1.00000,0.00000,0.00000,0.00000
50.54000,1.02194,1.00000,0.00000,0.00000,0.00000
50.68000,1.02194,1.00000,0.00000,0.00000,0.00000
50.82000,1.02194,1.00000,0.00000,0.00000,0.00000
50.96000,1.02194,1.00000,0.00000,0.00000,0.00000
51.10000,1.02194,1.00000,0.00000,0.00000,0.00000
51.24000,1.02193,1.00000,0.00000,0.00000,0.00000
51.38000,1.02194,1.00000,0.00000,0.00000,0.00000
51.52000,1.02194,0.99996,0.00000,0.00001,0.00003
51.66000,1.02194,0.99906,0.00000,0.00029,0.00065
51.80000,1.02194,0.98404,0.00000,0.00451,0.01146
51.94000,1.02194,0.84373,0.00007,0.08883,0.06737
52.08000,1.02193,0.67391,0.00060,0.27960,0.04589
52.22000,1.02193,0.03226,0.02971,0.93022,0.00781
52.36000,1.02194,0.02454,0.01487,0.95590,0.00469
52.50000,1.02194,0.00760,0.00273,0.98885,0.00081
52.64000,1.02194,0.00405,0.00043,0.99518,0.00034
52.78000,1.02194,0.00437,0.00057,0.99469,0.00037
52.92000,1.02194,0.00399,0.00036,0.99532,0.00033
53.06000,1.02193,0.00458,0.00050,0.99456,0.00036
53.20000,1.02194,0.00396,0.00031,0.99547,0.00027
53.34000,1.02194,0.00422,0.00030,0.99519,0.00030
53.48000,1.02194,0.00468,0.00059,0.99438,0.00035
53.62000,1.02194,0.00589,0.00094,0.99270,0.00047
53.76000,1.02194,0.00578,0.00099,0.99276,0.00047
53.90000,1.02193,0.00616,0.00112,0.99221,0.00050
54.04000,1.02194,0.00618,0.00101,0.99232,0.00050
54.18000,1.02194,0.00649,0.00123,0.99174,0.00054
54.32000,1.02194,0.00576,0.00083,0.99297,0.00044
54.46000,1.02194,0.00624,0.00129,0.99198,0.00049
54.60000,1.02194,0.00554,0.00083,0.99318,0.00045
54.74000,1.02193,0.00786,0.00191,0.98945,0.00079
54.88000,1.02194,0.00615,0.00119,0.99215,0.00051
55.02000,1.02194,0.00661,0.00128,0.99158,0.00054
55.16000,1.02194,0.00730,0.00138,0.99064,0.00068
55.30000,1.02194,0.00510,0.00059,0.99392,0.00039
55.44000,1.02194,0.00629,0.00097,0.99225,0.00048
55.58000,1.02193,0.00681,0.00139,0.99124,0.00055
55.72000,1.02193,0.00598,0.00094,0.99259,0.00049
55.86000,1.02194,0.00719,0.00153,0.99061,0.00066
56.00000,1.02194,0.00688,0.00146,0.99110,0.00056
56.14000,1.02194,0.00636,0.00119,0.99196,0.00049
56.28000,1.02194,0.00718,0.00134,0.99080,0.00068
56.42000,1.02194,0.00630,0.00137,0.99179,0.00054
56.56000,1.02193,0.00671,0.00151,0.99125,0.00053
56.70000,1.02194,0.00751,0.00187,0.98998,0.00064
56.84000,1.02194,0.00540,0.00075,0.99345,0.00040
56.98000,1.02194,0.00573,0.00090,0.99291,0.00046
57.12000,1.02194,0.00599,0.00103,0.99250,0.00048
57.26000,1.02194,0.00591,0.00120,0.99243,0.00045
57.40000,1.02193,0.00606,0.00111,0.99233,0.00049
57.54000,1.02194,0.00616,0.00136,0.99195,0.00052
57.68000,1.02194,0.00538,0.00093,0.99328,0.00041
57.82000,1.02194,0.00635,0.00157,0.99155,0.00054
57.96000,1.02194,0.00636,0.00121,0.99189,0.00055
58.10000,1.02194,0.00522,0.00095,0.99342,0.00040
58.24000,1.02193,0.00582,0.00095,0.99278,0.00046
58.38000,1.02194,0.00657,0.00141,0.99145,0.00057
58.52000,1.02194,0.00529,0.00084,0.99347,0.00040
58.66000,1.02194,0.00589,0.00099,0.99267,0.00045
58.80000,1.02194,0.00651,0.00150,0.99144,0.00055
58.94000,1.02194,0.00535,0.00090,0.99336,0.00039
59.08000,1.02193,0.00660,0.00141,0.99144,0.00055
59.22000,1.02193,0.00609,0.00119,0.99223,0.00049
59.36000,1.02194,0.00633,0.00136,0.99180,0.00051
59.50000,1.02194,0.00634,0.00136,0.99177,0.00053
59.64000,1.02194,0.00667,0.00141,0.99136,0.00055
59.78000,1.02194,0.00641,0.00116,0.99190,0.00054
59.92000,1.02194,0.00576,0.00107,0.99275,0.00041
60.06000,1.02193,0.00557,0.00081,0.99320,0.00042
60.20000,1.02194,0.00610,0.00149,0.99190,0.00051
60.34000,1.02194,0.00556,0.00097,0.99300,0.00047
60.48000,1.02194,0.00724,0.00232,0.98976,0.00068
60.62000,1.02194,0.00661,0.00146,0.99138,0.00055
60.76000,1.02194,0.00619,0.00092,0.99237,0.00051
60.90000,1.02193,0.00580,0.00083,0.99293,0.00044
61.04000,1.02194,0.00489,0.00052,0.99425,0.00034
61.18000,1.02194,0.00594,0.00108,0.99253,0.00044
61.32000,1.02194,0.00576,0.00087,0.99292,0.00045
61.46000,1.02194,0.00643,0.00137,0.99166,0.00054
61.60000,1.02194,0.00591,0.00131,0.99233,0.00045
61.74000,1.02193,0.00766,0.00212,0.98950,0.00072
61.88000,1.02194,0.00564,0.00095,0.99295,0.00045
62.02000,1.02194,0.00539,0.00081,0.99340,0.00040
62.16000,1.02194,0.00617,0.00117,0.99217,0.00049
62.30000,1.02194,0.00524,0.00083,0.99352,0.00041
62.44000,1.02194,0.00528,0.00081,0.99350,0.00040
62.58000,1.02193,0.00569,0.00091,0.99296,0.00044
62.72000,1.02193,0.02060,0.00216,0.97385,0.00339
62.86000,1.02194,0.19792,0.00127,0.77600,0.02481
63.00000,1.02193,0.10832,0.00068,0.87491,0.01609
63.14000,1.02193,0.24138,0.00112,0.71300,0.04450
63.28000,1.02194,0.18440,0.00670,0.74418,0.06471
63.42000,1.02194,0.03372,0.00238,0.95254,0.01136
63.56000,1.02194,0.05696,0.01198,0.92232,0.00874
63.70000,1.02194,0.00911,0.00566,0.98421,0.00101
63.84000,1.02194,0.00380,0.00069,0.99523,0.00029
63.98000,1.02194,0.00339,0.00047,0.99588,0.00026
64.12000,1.02193,0.00306,0.00037,0.99635,0.00022
64.26000,1.02193,0.00301,0.00026,0.99652,0.00021
64.40000,1.02193,0.00304,0.00027,0.99648,0.00021
64.54000,1.02193,0.00262,0.00016,0.99706,0.00016
64.68000,1.02193,0.00244,0.00014,0.99728,0.00014
64.82000,1.02193,0.00272,0.00015,0.99696,0.00017
64.96000,1.02194,0.00426,0.00040,0.99497,0.00037
65.10000,1.02194,0.01569,0.00084,0.98173,0.00175
65.24000,1.02194,0.15676,0.00128,0.80839,0.03357
65.38000,1.02194,0.64320,0.00012,0.29601,0.06067
65.52000,1.02194,0.94638,0.00001,0.02783,0.02578
65.66000,1.02193,0.99299,0.00000,0.00401,0.00299
65.80000,1.02193,0.99917,0.00000,0.00015,0.00069
65.94000,1.02193,0.99996,0.00000,0.00002,0.00002
66.08000,1.02193,1.00000,0.00000,0.00000,0.00000
66.22000,1.02193,1.00000,0.00000,0.00000,0.00000
66.36000,1.02193,1.00000,0.00000,0.00000,0.00000
66.50000,1.02193,1.00000,0.00000,0.00000,0.00000
66.64000,1.02193,1.00000,0.00000,0.00000,0.00000
66.78000,1.02194,1.00000,0.00000,0.00000,0.00000
66.92000,1.02194,1.00000,0.00000,0.00000,0.00000
67.06000,1.02194,1.00000,0.00000,0.00000,0.00000
67.20000,1.02194,1.00000,0.00000,0.00000,0.00000
67.34000,1.02194,1.00000,0.00000,0.00000,0.00000
67.48000,1.02193,1.00000,0.00000,0.00000,0.00000
67.62000,1.02193,1.00000,0.00000,0.00000,0.00000
67.76000,1.02193,1.00000,0.00000,0.00000,0.00000
67.90000,1.02193,1.00000,0.00000,0.00000,0.00000
68.04000,1.02193,1.00000,0.00000,0.00000,0.00000
68.18000,1.02193,1.00000,0.00000,0.00000,0.00000
68.32000,1.02193,1.00000,0.00000,0.00000,0.00000
68.46000,1.02194,1.00000,0.00000,0.00000,0.00000
68.60000,1.02194,1.00000,0.00000,0.00000,0.00000
68.74000,1.02194,1.00000,0.00000,0.00000,0.00000
68.88000,1.02194,1.00000,0.00000,0.00000,0.00000
69.02000,1.02194,1.00000,0.00000,0.00000,0.00000
69.16000,1.02193,1.00000,0.00000,0.00000,0.00000
69.30000,1.02193,1.00000,0.00000,0.00000,0.00000
69.44000,1.02193,1.00000,0.00000,0.00000,0.00000
69.58000,1.02193,1.00000,0.00000,0.00000,0.00000
69.72000,1.02193,1.00000,0.00000,0.00000,0.00000
69.86000,1.02193,1.00000,0.00000,0.00000,0.00000
70.00000,1.02193,1.00000,0.00000,0.00000,0.00000
70.14000,1.02193,1.00000,0.00000,0.00000,0.00000
70.28000,1.02194,1.00000,0.00000,0.00000,0.00000
70.42000,1.02194,1.00000,0.00000,0.00000,0.00000
70.56000,1.02194,1.00000,0.00000,0.00000,0.00000
70.70000,1.02194,1.00000,0.00000,0.00000,0.00000
70.84000,1.02194,1.00000,0.00000,0.00000,0.00000
70.98000,1.02193,0.99999,0.00000,0.00000,0.00000
71.12000,1.02193,0.99999,0.00000,0.00000,0.00001
71.26000,1.02193,0.99999,0.00000,0.00000,0.00001
71.40000,1.02193,1.00000,0.00000,0.00000,0.00000
71.54000,1.02193,1.00000,0.00000,0.00000,0.00000
71.68000,1.02193,1.00000,0.00000,0.00000,0.00000
71.82000,1.02193,1.00000,0.00000,0.00000,0.00000
71.96000,1.02194,1.00000,0.00000,0.00000,0.00000
72.10000,1.02194,1.00000,0.00000,0.00000,0.00000
72.24000,1.02194,1.00000,0.00000,0.00000,0.00000
72.38000,1.02194,1.00000,0.00000,0.00000,0.00000
72.52000,1.02194,1.00000,0.00000,0.00000,0.00000
72.66000,1.02193,1.00000,0.00000,0.00000,0.00000
72.80000,1.02193,1.00000,0.00000,0.00000,0.00000
72.94000,1.02193,1.00000,0.00000,0.00000,0.00000
73.08000,1.02193,1.00000,0.00000,0.00000,0.00000
73.22000,1.02193,1.00000,0.00000,0.00000,0.00000
73.36000,1.02193,1.00000,0.00000,0.00000,0.00000
73.50000,1.02193,1.00000,0.00000,0.00000,0.00000
73.64000,1.02193,1.00000,0.00000,0.00000,0.00000
73.78000,1.02194,1.00000,0.00000,0.00000,0.00000
73.92000,1.02194,1.00000,0.00000,0.00000,0.00000
74.06000,1.02194,1.00000,0.00000,0.00000,0.00000
74.20000,1.02194,1.00000,0.00000,0.00000,0.00000
74.34000,1.02194,1.00000,0.00000,0.00000,0.00000
74.48000,1.02193,1.00000,0.00000,0.00000,0.00000
74.62000,1.02193,1.00000,0.00000,0.00000,0.00000
74.76000,1.02193,1.00000,0.00000,0.00000,0.00000
74.90000,1.02193,1.00000,0.00000,0.00000,0.00000
75.04000,1.02193,1.00000,0.00000,0.00000,0.00000
75.18000,1.02193,1.00000,0.00000,0.00000,0.00000
75.32000,1.02193,1.00000,0.00000,0.00000,0.00000
75.46000,1.02194,1.00000,0.00000,0.00000,0.00000
75.60000,1.02194,1.00000,0.00000,0.00000,0.00000
75.74000,1.02194,1.00000,0.00000,0.00000,0.00000
75.88000,1.02194,1.00000,0.00000,0.00000,0.00000
76.02000,1.02194,1.00000,0.00000,0.00000,0.00000
76.16000,1.02193,1.00000,0.00000,0.00000,0.00000
76.30000,1.02193,1.00000,0.00000,0.00000,0.00000
76.44000,1.02193,1.00000,0.00000,0.00000,0.00000
76.58000,1.02193,1.00000,0.00000,0.00000,0.00000
76.72000,1.02193,1.00000,0.00000,0.00000,0.00000
76.86000,1.02193,1.00000,0.00000,0.00000,0.00000
77.00000,1.02193,1.00000,0.00000,0.00000,0.00000
77.14000,1.02193,1.00000,0.00000,0.00000,0.00000
77.28000,1.02194,1.00000,0.00000,0.00000,0.00000
77.42000,1.02194,1.00000,0.00000,0.00000,0.00000
77.56000,1.02194,1.00000,0.00000,0.00000,0.00000
77.70000,1.02194,1.00000,0.00000,0.00000,0.00000
77.84000,1.02194,1.00000,0.00000,0.00000,0.00000
77.98000,1.02193,1.00000,0.00000,0.00000,0.00000
78.12000,1.02193,1.00000,0.00000,0.00000,0.00000
78.26000,1.02193,1.00000,0.00000,0.00000,0.00000
78.40000,1.02193,1.00000,0.00000,0.00000,0.00000
78.54000,1.02193,1.00000,0.00000,0.00000,0.00000
78.68000,1.02193,1.00000,0.00000,0.00000,0.00000
78.82000,1.02193,1.00000,0.00000,0.00000,0.00000
78.96000,1.02194,1.00000,0.00000,0.00000,0.00000
79.10000,1.02194,1.00000,0.00000,0.00000,0.00000
79.24000,1.02194,1.00000,0.00000,0.00000,0.00000
79.38000,1.02194,1.00000,0.00000,0.00000,0.00000
79.52000,1.02194,1.00000,0.00000,0.00000,0.00000
79.66000,1.02193,1.00000,0.00000,0.00000,0.00000
79.80000,1.02193,1.00000,0.00000,0.00000,0.00000
79.94000,1.02193,1.00000,0.00000,0.00000,0.00000
80.08000,1.02193,1.00000,0.00000,0.00000,0.00000
80.22000,1.02193,1.00000,0.00000,0.00000,0.00000
80.36000,1.02193,1.00000,0.00000,0.00000,0.00000
80.50000,1.02193,0.99995,0.00000,0.00001,0.00004
80.64000,1.02193,0.99910,0.00000,0.00020,0.00070
80.78000,1.02194,0.98281,0.00000,0.00541,0.01178
80.92000,1.02194,0.88309,0.00006,0.05731,0.05954
81.06000,1.02194,0.75009,0.00043,0.20104,0.04844
81.20000,1.02194,0.29544,0.00437,0.67397,0.02622
81.34000,1.02194,0.04659,0.02250,0.92272,0.00819
81.48000,1.02193,0.00857,0.00508,0.98546,0.00089
81.62000,1.02193,0.00484,0.00114,0.99360,0.00042
81.76000,1.02193,0.00324,0.00036,0.99618,0.00022
81.90000,1.02193,0.00426,0.00058,0.99479,0.00037
82.04000,1.02193,0.00317,0.00033,0.99626,0.00024
82.18000,1.02193,0.00591,0.00055,0.99295,0.00059
82.32000,1.02193,0.09488,0.00221,0.88227,0.02063
82.46000,1.02194,0.36675,0.00068,0.56096,0.07162
82.60000,1.02194,0.59110,0.00045,0.18405,0.22440
82.74000,1.02194,0.39584,0.00133,0.33415,0.26868
82.88000,1.02194,0.40960,0.00140,0.25546,0.33354
83.02000,1.02194,0.29779,0.00901,0.47871,0.21449
83.16000,1.02193,0.36964,0.00255,0.58150,0.04632
83.30000,1.02193,0.08642,0.02898,0.87041,0.01418
83.44000,1.02193,0.00806,0.00408,0.98706,0.00081
83.58000,1.02193,0.00391,0.00055,0.99525,0.00029
83.72000,1.02193,0.00307,0.00029,0.99643,0.00021
83.86000,1.02193,0.00387,0.00038,0.99545,0.00030
84.00000,1.02193,0.00338,0.00023,0.99615,0.00024
84.14000,1.02193,0.00314,0.00019,0.99646,0.00020
84.28000,1.02194,0.00332,0.00018,0.99628,0.00023
84.42000,1.02194,0.00292,0.00023,0.99663,0.00022
84.56000,1.02194,0.00329,0.00025,0.99624,0.00022
84.70000,1.02194,0.00391,0.00049,0.99530,0.00030
84.84000,1.02194,0.00316,0.00030,0.99632,0.00023
84.98000,1.02193,0.00291,0.00029,0.99660,0.00020
85.12000,1.02193,0.00340,0.00039,0.99596,0.00025
85.26000,1.02193,0.00278,0.00023,0.99680,0.00019
85.40000,1.02193,0.00275,0.00022,0.99684,0.00018
85.54000,1.02193,0.00260,0.00017,0.99705,0.00017
85.68000,1.02193,0.00282,0.00025,0.99674,0.00019
85.82000,1.02193,0.00291,0.00026,0.99663,0.00020
85.96000,1.02194,0.00301,0.00030,0.99649,0.00020
86.10000,1.02194,0.00228,0.00010,0.99749,0.00013
86.24000,1.02194,0.00255,0.00017,0.99712,0.00016
86.38000,1.02194,0.00269,0.00018,0.99696,0.00017
86.52000,1.02194,0.00298,0.00028,0.99653,0.00021
86.66000,1.02193,0.00321,0.00027,0.99629,0.00023
86.80000,1.02193,0.00348,0.00027,0.99600,0.00025
86.94000,1.02193,0.00269,0.00012,0.99703,0.00016
87.08000,1.02193,0.00281,0.00012,0.99692,0.00016
87.22000,1.02193,0.00240,0.00010,0.99736,0.00014
87.36000,1.02193,0.00246,0.00016,0.99722,0.00016
87.50000,1.02193,0.00347,0.00037,0.99590,0.00026
87.64000,1.02193,0.00300,0.00030,0.99649,0.00021
87.78000,1.02194,0.00235,0.00011,0.99739,0.00014
87.92000,1.02194,0.00248,0.00016,0.99720,0.00016
88.06000,1.02194,0.00255,0.00013,0.99712,0.00020
88.20000,1.02194,0.00267,0.00018,0.99695,0.00021
88.34000,1.02194,0.00258,0.00011,0.99714,0.00016
88.48000,1.02193,0.00297,0.00017,0.99665,0.00021
88.62000,1.02193,0.00177,0.00004,0.99810,0.00009
88.76000,1.02193,0.00249,0.00015,0.99719,0.00017
88.90000,1.02193,0.00274,0.00017,0.99691,0.00018
89.04000,1.02193,0.00293,0.00019,0.99668,0.00019
89.18000,1.02193,0.00238,0.00011,0.99737,0.00013
89.32000,1.02193,0.00275,0.00020,0.99689,0.00017
89.46000,1.02194,0.00272,0.00018,0.99693,0.00017
89.60000,1.02194,0.00249,0.00019,0.99715,0.00016
89.74000,1.02194,0.00288,0.00029,0.99664,0.00019
89.88000,1.02194,0.00300,0.00036,0.99642,0.00022
90.02000,1.02194,0.00247,0.00024,0.99712,0.00017
90.16000,1.02193,0.00280,0.00030,0.99669,0.00021
90.30000,1.02193,0.00254,0.00031,0.99697,0.00018
90.44000,1.02193,0.00293,0.00035,0.99649,0.00022
90.58000,1.02193,0.00285,0.00047,0.99646,0.00022
90.72000,1.02193,0.00250,0.00029,0.99704,0.00017
90.86000,1.02193,0.00279,0.00038,0.99661,0.00022
91.00000,1.02193,0.00276,0.00034,0.99669,0.00021
91.14000,1.02193,0.00356,0.00053,0.99564,0.00027
91.28000,1.02194,0.00290,0.00029,0.99662,0.00019
91.42000,1.02194,0.00263,0.00019,0.99701,0.00017
91.56000,1.02194,0.00244,0.00019,0.99719,0.00018
91.70000,1.02194,0.00305,0.00036,0.99636,0.00023
91.84000,1.02194,0.00251,0.00021,0.99712,0.00017
91.98000,1.02193,0.00223,0.00012,0.99751,0.00014
92.12000,1.02193,0.00165,0.00006,0.99821,0.00009
92.26000,1.02193,0.00239,0.00016,0.99729,0.00015
92.40000,1.02193,0.00227,0.00016,0.99742,0.00015
92.54000,1.02193,0.00218,0.00012,0.99757,0.00013
92.68000,1.02193,0.00228,0.00012,0.99745,0.00014
92.82000,1.02193,0.00225,0.00012,0.99750,0.00013
92.96000,1.02194,0.00215,0.00008,0.99764,0.00012
93.10000,1.02194,0.00194,0.00006,0.99789,0.00010
93.24000,1.02194,0.00189,0.00007,0.99793,0.00011
93.38000,1.02194,0.00196,0.00011,0.99780,0.00013
93.52000,1.02194,0.00171,0.00011,0.99807,0.00012
93.66000,1.02193,0.00212,0.00020,0.99752,0.00016
93.80000,1.02193,0.00221,0.00016,0.99746,0.00017
93.94000,1.02193,0.00128,0.00004,0.99863,0.00006
94.08000,1.02193,0.00152,0.00003,0.99838,0.00007
94.22000,1.02193,0.00166,0.00005,0.99820,0.00009
94.36000,1.02193,0.00218,0.00007,0.99764,0.00011
94.50000,1.02193,0.00289,0.00021,0.99670,0.00020
94.64000,1.02193,0.00319,0.00025,0.99635,0.00021
94.78000,1.02194,0.00348,0.00036,0.99590,0.00025
94.92000,1.02194,0.00403,0.00075,0.99487,0.00035
95.06000,1.02194,0.00346,0.00054,0.99574,0.00027
95.20000,1.02194,0.00455,0.00100,0.99404,0.00041
95.34000,1.02194,0.00880,0.00162,0.98849,0.00109
95.48000,1.02193,0.09304,0.00487,0.88396,0.01813
95.62000,1.02193,0.31700,0.00325,0.60756,0.07218
95.76000,1.02193,0.81012,0.00021,0.11246,0.07722
95.90000,1.02193,0.93906,0.00001,0.01871,0.04221
96.04000,1.02193,0.98961,0.00000,0.00214,0.00824
96.18000,1.02193,0.99890,0.00000,0.00019,0.00090
96.32000,1.02193,0.99999,0.00000,0.00001,0.00001
96.46000,1.02194,1.00000,0.00000,0.00000,0.00000
96.60000,1.02194,1.00000,0.00000,0.00000,0.00000
96.74000,1.02194,1.00000,0.00000,0.00000,0.00000
96.88000,1.02194,1.00000,0.00000,0.00000,0.00000
97.02000,1.02194,1.00000,0.00000,0.00000,0.00000
97.16000,1.02193,1.00000,0.00000,0.00000,0.00000
97.30000,1.02193,1.00000,0.00000,0.00000,0.00000
97.44000,1.02193,1.00000,0.00000,0.00000,0.00000
97.58000,1.02193,1.00000,0.00000,0.00000,0.00000
97.72000,1.02193,1.00000,0.00000,0.00000,0.00000
97.86000,1.02193,1.00000,0.00000,0.00000,0.00000
98.00000,1.02193,1.00000,0.00000,0.00000,0.00000
98.14000,1.02193,1.00000,0.00000,0.00000,0.00000
98.28000,1.02194,1.00000,0.00000,0.00000,0.00000
98.42000,1.02194,1.00000,0.00000,0.00000,0.00000
98.56000,1.02194,1.00000,0.00000,0.00000,0.00000
98.70000,1.02194,1.00000,0.00000,0.00000,0.00000
98.84000,1.02194,1.00000,0.00000,0.00000,0.00000
98.98000,1.02193,1.00000,0.00000,0.00000,0.00000
99.12000,1.02193,1.00000,0.00000,0.00000,0.00000
99.26000,1.02193,1.00000,0.00000,0.00000,0.00000
99.40000,1.02193,1.00000,0.00000,0.00000,0.00000
99.54000,1.02193,1.00000,0.00000,0.00000,0.00000
99.68000,1.02193,1.00000,0.00000,0.00000,0.00000
99.82000,1.02193,1.00000,0.00000,0.00000,0.00000
99.96000,1.02194,1.00000,0.00000,0.00000,0.00000
100.10000,1.02194,1.00000,0.00000,0.00000,0.00000
100.24000,1.02194,1.00000,0.00000,0.00000,0.00000
100.38000,1.02194,1.00000,0.00000,0.00000,0.00000
100.52000,1.02194,1.00000,0.00000,0.00000,0.00000
100.66000,1.02193,1.00000,0.00000,0.00000,0.00000
100.80000,1.02193,1.00000,0.00000,0.00000,0.00000
100.94000,1.02193,1.00000,0.00000,0.00000,0.00000
101.08000,1.02193,1.00000,0.00000,0.00000,0.00000
101.22000,1.02193,1.00000,0.00000,0.00000,0.00000
101.36000,1.02193,1.00000,0.00000,0.00000,0.00000
