Time (seconds), Duration (seconds),pred_(unlabeled),pred_brushing_teeth,pred_hair_drying,pred_showering
0.00000,1.02194,0.99616,0.00307,0.00070,0.00007
0.14000,1.02194,0.99585,0.00330,0.00078,0.00008
0.28000,1.02194,0.99608,0.00304,0.00078,0.00010
0.42000,1.02194,0.99620,0.00294,0.00076,0.00009
0.56000,1.02194,0.99622,0.00290,0.00078,0.00010
0.70000,1.02194,0.99647,0.00274,0.00070,0.00008
0.84000,1.02194,0.99664,0.00261,0.00067,0.00008
0.98000,1.02194,0.99662,0.00261,0.00068,0.00008
1.12000,1.02194,0.99640,0.00281,0.00071,0.00009
1.26000,1.02194,0.99646,0.00274,0.00071,0.00009
1.40000,1.02194,0.99645,0.00274,0.00072,0.00009
1.54000,1.02194,0.99658,0.00261,0.00071,0.00010
1.68000,1.02194,0.99655,0.00268,0.00069,0.00009
1.82000,1.02194,0.99670,0.00253,0.00068,0.00009
1.96000,1.02194,0.99683,0.00244,0.00064,0.00009
2.10000,1.02194,0.99696,0.00234,0.00061,0.00008
2.24000,1.02194,0.99694,0.00236,0.00061,0.00008
2.38000,1.02194,0.99678,0.00249,0.00064,0.00008
2.52000,1.02194,0.99670,0.00256,0.00066,0.00008
2.66000,1.02194,0.99669,0.00256,0.00066,0.00008
2.80000,1.02194,0.99659,0.00264,0.00068,0.00008
2.94000,1.02194,0.99660,0.00263,0.00068,0.00009
3.08000,1.02194,0.99655,0.00267,0.00069,0.00009
3.22000,1.02194,0.99684,0.00242,0.00064,0.00009
3.36000,1.02194,0.99673,0.00254,0.00065,0.00008
3.50000,1.02194,0.99680,0.00248,0.00064,0.00008
3.64000,1.02194,0.99677,0.00250,0.00064,0.00008
3.78000,1.02194,0.99679,0.00249,0.00064,0.00008
3.92000,1.02194,0.99676,0.00252,0.00064,0.00008
4.06000,1.02194,0.99887,0.00060,0.00045,0.00008
4.20000,1.02194,0.99557,0.00289,0.00086,0.00067
4.34000,1.02194,0.98762,0.00519,0.00458,0.00261
4.48000,1.02194,0.96382,0.00787,0.01970,0.00861
4.62000,1.02194,0.85942,0.00943,0.11147,0.01969
4.76000,1.02194,0.62630,0.01688,0.32332,0.03350
4.90000,1.02194,0.18562,0.01442,0.78522,0.01475
5.04000,1.02194,0.01954,0.00432,0.97553,0.00062
5.18000,1.02194,0.00891,0.00306,0.98782,0.00021
5.32000,1.02194,0.00865,0.00304,0.98811,0.00020
5.46000,1.02194,0.00846,0.00302,0.98831,0.00020
5.60000,1.02194,0.00843,0.00292,0.98847,0.00019
5.74000,1.02194,0.00828,0.00298,0.98856,0.00018
5.88000,1.02194,0.00853,0.00289,0.98841,0.00018
6.02000,1.02194,0.00854,0.00299,0.98829,0.00019
6.16000,1.02194,0.00864,0.00303,0.98814,0.00018
6.30000,1.02194,0.00825,0.00290,0.98868,0.00018
6.44000,1.02194,0.00812,0.00284,0.98886,0.00018
6.58000,1.02194,0.00816,0.00288,0.98878,0.00018
6.72000,1.02194,0.00867,0.00283,0.98832,0.00019
6.86000,1.02194,0.00804,0.00292,0.98886,0.00018
7.00000,1.02194,0.00835,0.00260,0.98887,0.00018
7.14000,1.02194,0.00772,0.00282,0.98928,0.00017
7.28000,1.02194,0.00811,0.00262,0.98910,0.00017
7.42000,1.02194,0.00805,0.00276,0.98902,0.00017
7.56000,1.02194,0.00803,0.00261,0.98919,0.00017
7.70000,1.02194,0.00763,0.00274,0.98945,0.00017
7.84000,1.02194,0.00833,0.00266,0.98883,0.00018
7.98000,1.02194,0.00804,0.00284,0.98894,0.00018
8.12000,1.02194,0.00813,0.00297,0.98871,0.00019
8.26000,1.02194,0.00804,0.00299,0.98878,0.00019
8.40000,1.02194,0.00792,0.00291,0.98899,0.00018
8.54000,1.02194,0.00832,0.00302,0.98847,0.00019
8.68000,1.02194,0.00822,0.00295,0.98865,0.00018
8.82000,1.02194,0.00870,0.00297,0.98814,0.00018
8.96000,1.02194,0.00857,0.00300,0.98824,0.00019
9.10000,1.02194,0.00884,0.00308,0.98788,0.00020
9.24000,1.02194,0.00840,0.00302,0.98839,0.00019
9.38000,1.02194,0.00841,0.00289,0.98852,0.00018
9.52000,1.02194,0.00830,0.00310,0.98841,0.00019
9.66000,1.02194,0.00888,0.00286,0.98807,0.00019
9.80000,1.02194,0.00877,0.00275,0.98830,0.00018
9.94000,1.02194,0.00859,0.00290,0.98832,0.00019
10.08000,1.02194,0.00874,0.00302,0.98803,0.00021
10.22000,1.02194,0.00849,0.00307,0.98824,0.00020
10.36000,1.02194,0.00823,0.00308,0.98850,0.00020
10.50000,1.02194,0.00828,0.00320,0.98833,0.00020
10.64000,1.02194,0.00837,0.00299,0.98846,0.00018
10.78000,1.02194,0.00826,0.00297,0.98858,0.00018
10.92000,1.02194,0.00839,0.00291,0.98852,0.00018
11.06000,1.02194,0.00876,0.00308,0.98797,0.00019
11.20000,1.02194,0.00843,0.00314,0.98825,0.00019
11.34000,1.02194,0.00851,0.00294,0.98836,0.00019
11.48000,1.02194,0.00830,0.00311,0.98839,0.00019
11.62000,1.02194,0.00877,0.00314,0.98790,0.00019
11.76000,1.02194,0.00854,0.00318,0.98809,0.00019
11.90000,1.02194,0.00890,0.00315,0.98776,0.00020
12.04000,1.02194,0.00903,0.00319,0.98758,0.00020
12.18000,1.02194,0.00890,0.00317,0.98774,0.00019
12.32000,1.02194,0.00881,0.00328,0.98772,0.00020
12.46000,1.02194,0.00890,0.00322,0.98768,0.00020
12.60000,1.02194,0.00912,0.00310,0.98758,0.00020
12.74000,1.02194,0.00854,0.00318,0.98809,0.00019
12.88000,1.02194,0.00853,0.00293,0.98836,0.00018
13.02000,1.02194,0.00835,0.00295,0.98853,0.00018
13.16000,1.02194,0.00850,0.00295,0.98837,0.00018
13.30000,1.02194,0.00858,0.00309,0.98813,0.00020
13.44000,1.02194,0.00906,0.00317,0.98755,0.00021
13.58000,1.02194,0.00876,0.00313,0.98790,0.00022
13.72000,1.02194,0.00851,0.00312,0.98817,0.00021
13.86000,1.02194,0.00870,0.00301,0.98809,0.00020
14.00000,1.02194,0.00913,0.00309,0.98758,0.00020
14.14000,1.02194,0.00875,0.00313,0.98793,0.00019
14.28000,1.02194,0.00854,0.00304,0.98825,0.00018
14.42000,1.02194,0.00827,0.00279,0.98877,0.00017
14.56000,1.02194,0.00797,0.00281,0.98905,0.00017
14.70000,1.02194,0.00822,0.00288,0.98873,0.00017
14.84000,1.02194,0.00852,0.00289,0.98841,0.00018
14.98000,1.02194,0.00825,0.00289,0.98868,0.00018
15.12000,1.02194,0.00825,0.00306,0.98851,0.00018
15.26000,1.02194,0.00846,0.00302,0.98834,0.00018
15.40000,1.02194,0.00836,0.00308,0.98837,0.00018
15.54000,1.02194,0.00869,0.00286,0.98826,0.00019
15.68000,1.02194,0.00858,0.00290,0.98834,0.00018
15.82000,1.02194,0.00859,0.00293,0.98829,0.00019
15.96000,1.02194,0.00880,0.00301,0.98799,0.00020
16.10000,1.02194,0.00840,0.00293,0.98847,0.00020
16.24000,1.02194,0.00824,0.00302,0.98855,0.00019
16.38000,1.02194,0.00841,0.00309,0.98830,0.00019
16.52000,1.02194,0.00864,0.00311,0.98806,0.00019
16.66000,1.02194,0.00871,0.00316,0.98794,0.00019
16.80000,1.02194,0.00919,0.00325,0.98736,0.00020
16.94000,1.02194,0.00876,0.00317,0.98787,0.00020
17.08000,1.02194,0.00968,0.00309,0.98699,0.00023
17.22000,1.02194,0.00885,0.00292,0.98803,0.00021
17.36000,1.02194,0.00877,0.00303,0.98799,0.00021
17.50000,1.02194,0.00884,0.00300,0.98797,0.00020
17.64000,1.02194,0.00891,0.00294,0.98796,0.00019
17.78000,1.02194,0.00818,0.00303,0.98860,0.00019
17.92000,1.02194,0.00918,0.00288,0.98775,0.00019
18.06000,1.02194,0.00905,0.00298,0.98778,0.00019
18.20000,1.02194,0.00840,0.00307,0.98834,0.00019
18.34000,1.02194,0.00842,0.00307,0.98832,0.00019
18.48000,1.02194,0.00861,0.00277,0.98843,0.00019
18.62000,1.02194,0.00852,0.00299,0.98830,0.00019
18.76000,1.02194,0.00852,0.00315,0.98814,0.00020
18.90000,1.02194,0.00874,0.00304,0.98803,0.00020
19.04000,1.02194,0.00856,0.00314,0.98810,0.00020
19.18000,1.02194,0.00865,0.00308,0.98807,0.00020
19.32000,1.02194,0.00854,0.00303,0.98823,0.00020
19.46000,1.02194,0.00845,0.00300,0.98836,0.00018
19.60000,1.02194,0.00874,0.00312,0.98795,0.00019
19.74000,1.02194,0.00869,0.00308,0.98803,0.00019
19.88000,1.02194,0.00909,0.00332,0.98739,0.00021
20.02000,1.02194,0.00947,0.00317,0.98714,0.00022
20.16000,1.02194,0.00936,0.00325,0.98717,0.00022
20.30000,1.02194,0.00921,0.00295,0.98763,0.00021
20.44000,1.02194,0.00951,0.00331,0.98692,0.00025
20.58000,1.02194,0.00918,0.00331,0.98727,0.00023
20.72000,1.02194,0.00872,0.00308,0.98799,0.00021
20.86000,1.02194,0.00856,0.00304,0.98822,0.00019
21.00000,1.02194,0.00840,0.00304,0.98836,0.00019
21.14000,1.02194,0.00842,0.00288,0.98853,0.00018
21.28000,1.02194,0.00838,0.00286,0.98859,0.00017
21.42000,1.02194,0.00836,0.00279,0.98868,0.00017
21.56000,1.02194,0.00821,0.00284,0.98877,0.00017
21.70000,1.02194,0.00828,0.00277,0.98878,0.00017
21.84000,1.02194,0.00799,0.00295,0.98888,0.00018
21.98000,1.02194,0.00804,0.00283,0.98895,0.00018
22.12000,1.02194,0.00820,0.00279,0.98883,0.00017
22.26000,1.02194,0.00843,0.00293,0.98844,0.00019
22.40000,1.02194,0.00861,0.00306,0.98814,0.00019
22.54000,1.02194,0.00849,0.00278,0.98855,0.00018
22.68000,1.02194,0.00821,0.00292,0.98868,0.00018
22.82000,1.02194,0.00872,0.00303,0.98806,0.00020
22.96000,1.02194,0.00868,0.00301,0.98812,0.00019
23.10000,1.02194,0.00863,0.00299,0.98819,0.00019
23.24000,1.02194,0.00831,0.00304,0.98846,0.00018
23.38000,1.02194,0.00835,0.00293,0.98854,0.00018
23.52000,1.02194,0.00823,0.00309,0.98850,0.00018
23.66000,1.02194,0.00861,0.00303,0.98818,0.00018
23.80000,1.02194,0.00863,0.00295,0.98823,0.00019
23.94000,1.02194,0.00834,0.00307,0.98841,0.00018
24.08000,1.02194,0.00857,0.00289,0.98836,0.00018
24.22000,1.02194,0.00803,0.00294,0.98886,0.00017
24.36000,1.02194,0.00836,0.00301,0.98845,0.00018
24.50000,1.02194,0.00850,0.00302,0.98830,0.00018
24.64000,1.02194,0.00854,0.00287,0.98841,0.00018
24.78000,1.02194,0.00816,0.00289,0.98877,0.00017
24.92000,1.02194,0.00847,0.00286,0.98849,0.00018
25.06000,1.02194,0.00829,0.00295,0.98859,0.00018
25.20000,1.02194,0.00891,0.00301,0.98788,0.00019
25.34000,1.02194,0.00830,0.00305,0.98847,0.00019
25.48000,1.02194,0.00824,0.00303,0.98854,0.00018
25.62000,1.02194,0.00831,0.00311,0.98840,0.00018
25.76000,1.02194,0.00899,0.00300,0.98782,0.00019
25.90000,1.02194,0.00857,0.00312,0.98812,0.00019
26.04000,1.02194,0.00878,0.00310,0.98793,0.00019
26.18000,1.02194,0.00855,0.00298,0.98829,0.00019
26.32000,1.02194,0.00830,0.00302,0.98850,0.00018
26.46000,1.02194,0.00825,0.00307,0.98850,0.00018
26.60000,1.02194,0.00851,0.00293,0.98838,0.00018
26.74000,1.02194,0.00843,0.00307,0.98832,0.00018
26.88000,1.02194,0.00844,0.00287,0.98851,0.00018
27.02000,1.02194,0.00826,0.00305,0.98850,0.00018
27.16000,1.02194,0.00837,0.00304,0.98840,0.00019
27.30000,1.02194,0.00833,0.00313,0.98834,0.00019
27.44000,1.02194,0.00860,0.00307,0.98814,0.00018
27.58000,1.02194,0.00871,0.00286,0.98824,0.00019
27.72000,1.02194,0.00866,0.00307,0.98809,0.00019
27.86000,1.02194,0.00859,0.00309,0.98813,0.00019
28.00000,1.02194,0.00880,0.00305,0.98795,0.00020
28.14000,1.02194,0.00881,0.00308,0.98790,0.00021
28.28000,1.02194,0.00865,0.00310,0.98805,0.00020
28.42000,1.02194,0.00868,0.00299,0.98813,0.00020
28.56000,1.02194,0.00850,0.00296,0.98835,0.00019
28.70000,1.02194,0.00872,0.00308,0.98801,0.00019
28.84000,1.02194,0.00828,0.00298,0.98855,0.00018
28.98000,1.02194,0.00834,0.00280,0.98869,0.00018
29.12000,1.02194,0.00839,0.00274,0.98869,0.00018
29.26000,1.02194,0.00829,0.00293,0.98860,0.00018
29.40000,1.02194,0.00853,0.00284,0.98845,0.00019
29.54000,1.02194,0.00856,0.00297,0.98828,0.00019
29.68000,1.02194,0.00854,0.00298,0.98829,0.00019
29.82000,1.02194,0.00890,0.00305,0.98785,0.00020
29.96000,1.02194,0.00852,0.00293,0.98837,0.00019
30.10000,1.02194,0.00823,0.00307,0.98851,0.00018
30.24000,1.02194,0.00849,0.00294,0.98839,0.00018
30.38000,1.02194,0.00824,0.00294,0.98864,0.00018
30.52000,1.02194,0.00841,0.00296,0.98846,0.00018
30.66000,1.02194,0.00863,0.00295,0.98824,0.00019
30.80000,1.02194,0.00858,0.00294,0.98829,0.00019
30.94000,1.02194,0.00881,0.00324,0.98774,0.00021
31.08000,1.02194,0.00870,0.00306,0.98804,0.00020
31.22000,1.02194,0.00837,0.00313,0.98831,0.00019
31.36000,1.02194,0.00925,0.00319,0.98735,0.00021
31.50000,1.02194,0.00909,0.00325,0.98744,0.00021
31.64000,1.02194,0.00909,0.00312,0.98758,0.00021
31.78000,1.02194,0.00881,0.00319,0.98779,0.00021
31.92000,1.02194,0.00860,0.00302,0.98818,0.00020
32.06000,1.02193,0.00861,0.00303,0.98816,0.00020
32.20000,1.02194,0.00875,0.00309,0.98796,0.00020
32.34000,1.02194,0.00849,0.00303,0.98830,0.00019
32.48000,1.02194,0.00800,0.00290,0.98894,0.00017
32.62000,1.02194,0.00805,0.00290,0.98887,0.00017
32.76000,1.02194,0.00823,0.00284,0.98876,0.00017
32.90000,1.02193,0.00837,0.00282,0.98863,0.00017
33.04000,1.02194,0.00812,0.00291,0.98880,0.00017
33.18000,1.02194,0.00807,0.00275,0.98902,0.00017
33.32000,1.02194,0.00808,0.00280,0.98894,0.00017
33.46000,1.02194,0.00824,0.00283,0.98875,0.00018
33.60000,1.02194,0.00809,0.00295,0.98878,0.00018
33.74000,1.02193,0.00809,0.00273,0.98900,0.00017
33.88000,1.02194,0.00801,0.00286,0.98895,0.00017
34.02000,1.02194,0.00813,0.00285,0.98884,0.00018
34.16000,1.02194,0.00897,0.00272,0.98812,0.00019
34.30000,1.02194,0.00878,0.00297,0.98805,0.00020
34.44000,1.02194,0.00895,0.00296,0.98788,0.00021
34.58000,1.02193,0.00854,0.00301,0.98826,0.00020
34.72000,1.02193,0.00820,0.00274,0.98888,0.00018
34.86000,1.02194,0.00812,0.00292,0.98878,0.00018
35.00000,1.02194,0.00831,0.00282,0.98869,0.00018
35.14000,1.02194,0.00802,0.00287,0.98893,0.00017
35.28000,1.02194,0.00844,0.00274,0.98865,0.00018
35.42000,1.02194,0.00805,0.00295,0.98883,0.00018
35.56000,1.02193,0.00826,0.00302,0.98853,0.00019
35.70000,1.02194,0.00877,0.00301,0.98803,0.00019
35.84000,1.02194,0.00868,0.00304,0.98808,0.00019
35.98000,1.02194,0.00852,0.00311,0.98818,0.00019
36.12000,1.02194,0.00847,0.00297,0.98837,0.00018
36.26000,1.02194,0.00848,0.00297,0.98838,0.00018
36.40000,1.02193,0.00836,0.00312,0.98833,0.00019
36.54000,1.02194,0.00862,0.00293,0.98827,0.00018
36.68000,1.02194,0.00825,0.00293,0.98865,0.00018
36.82000,1.02194,0.00829,0.00289,0.98865,0.00018
36.96000,1.02194,0.00861,0.00298,0.98821,0.00020
37.10000,1.02194,0.00842,0.00288,0.98851,0.00018
37.24000,1.02193,0.00868,0.00296,0.98816,0.00020
37.38000,1.02194,0.00837,0.00286,0.98859,0.00018
37.52000,1.02194,0.00849,0.00295,0.98838,0.00019
37.66000,1.02194,0.00895,0.00306,0.98779,0.00020
37.80000,1.02194,0.00864,0.00288,0.98829,0.00019
37.94000,1.02194,0.00836,0.00282,0.98865,0.00018
38.08000,1.02193,0.00850,0.00290,0.98842,0.00018
38.22000,1.02193,0.00896,0.00295,0.98790,0.00020
38.36000,1.02194,0.00834,0.00293,0.98855,0.00018
38.50000,1.02194,0.00832,0.00291,0.98859,0.00018
38.64000,1.02194,0.00829,0.00292,0.98861,0.00018
38.78000,1.02194,0.00836,0.00291,0.98854,0.00018
38.92000,1.02194,0.00824,0.00300,0.98858,0.00018
39.06000,1.02193,0.00891,0.00302,0.98788,0.00019
39.20000,1.02194,0.00860,0.00299,0.98823,0.00018
39.34000,1.02194,0.00882,0.00286,0.98814,0.00018
39.48000,1.02194,0.00828,0.00302,0.98851,0.00018
39.62000,1.02194,0.00855,0.00305,0.98822,0.00019
39.76000,1.02194,0.00856,0.00312,0.98813,0.00019
39.90000,1.02193,0.00855,0.00300,0.98826,0.00019
40.04000,1.02194,0.00839,0.00317,0.98826,0.00019
40.18000,1.02194,0.00883,0.00304,0.98793,0.00020
40.32000,1.02194,0.00842,0.00312,0.98827,0.00019
40.46000,1.02194,0.00849,0.00298,0.98835,0.00018
40.60000,1.02194,0.00867,0.00306,0.98807,0.00019
40.74000,1.02193,0.00869,0.00298,0.98814,0.00019
40.88000,1.02194,0.00848,0.00292,0.98841,0.00019
41.02000,1.02194,0.00833,0.00287,0.98860,0.00019
41.16000,1.02194,0.00817,0.00300,0.98864,0.00019
41.30000,1.02194,0.00795,0.00276,0.98912,0.00017
41.44000,1.02194,0.00784,0.00291,0.98908,0.00017
41.58000,1.02193,0.00825,0.00276,0.98882,0.00017
41.72000,1.02193,0.00801,0.00272,0.98910,0.00017
41.86000,1.02194,0.00781,0.00283,0.98919,0.00017
42.00000,1.02194,0.00800,0.00284,0.98899,0.00017
42.14000,1.02194,0.00749,0.00261,0.98975,0.00015
42.28000,1.02194,0.00765,0.00269,0.98951,0.00016
42.42000,1.02194,0.00804,0.00274,0.98904,0.00018
42.56000,1.02193,0.00780,0.00270,0.98933,0.00017
42.70000,1.02194,0.00779,0.00274,0.98930,0.00018
42.84000,1.02194,0.00776,0.00272,0.98935,0.00017
42.98000,1.02194,0.00759,0.00254,0.98969,0.00018
43.12000,1.02194,0.00780,0.00258,0.98946,0.00016
43.26000,1.02194,0.00818,0.00272,0.98892,0.00018
43.40000,1.02193,0.00797,0.00275,0.98909,0.00019
43.54000,1.02194,0.00795,0.00272,0.98915,0.00019
43.68000,1.02194,0.00782,0.00270,0.98931,0.00018
43.82000,1.02194,0.00795,0.00275,0.98911,0.00018
43.96000,1.02194,0.00806,0.00279,0.98897,0.00018
44.10000,1.02194,0.00811,0.00270,0.98902,0.00017
44.24000,1.02193,0.00823,0.00278,0.98881,0.00018
44.38000,1.02194,0.00815,0.00286,0.98881,0.00018
44.52000,1.02194,0.00848,0.00289,0.98843,0.00020
44.66000,1.02194,0.00793,0.00288,0.98902,0.00018
44.80000,1.02194,0.00791,0.00286,0.98906,0.00017
44.94000,1.02194,0.00822,0.00284,0.98877,0.00017
45.08000,1.02193,0.00822,0.00279,0.98882,0.00017
45.22000,1.02193,0.00826,0.00286,0.98871,0.00018
45.36000,1.02194,0.00860,0.00287,0.98833,0.00019
45.50000,1.02194,0.00844,0.00285,0.98853,0.00019
45.64000,1.02194,0.00854,0.00290,0.98836,0.00019
45.78000,1.02194,0.00860,0.00304,0.98816,0.00020
45.92000,1.02194,0.00854,0.00310,0.98816,0.00020
46.06000,1.02193,0.00867,0.00320,0.98793,0.00020
46.20000,1.02194,0.00937,0.00320,0.98723,0.00021
46.34000,1.02194,0.00849,0.00322,0.98809,0.00020
46.48000,1.02194,0.00862,0.00307,0.98812,0.00019
46.62000,1.02194,0.00842,0.00309,0.98830,0.00019
46.76000,1.02194,0.00870,0.00286,0.98826,0.00019
46.90000,1.02193,0.00823,0.00302,0.98857,0.00018
47.04000,1.02194,0.00911,0.00313,0.98756,0.00020
47.18000,1.02194,0.00874,0.00325,0.98781,0.00020
47.32000,1.02194,0.00878,0.00318,0.98784,0.00019
47.46000,1.02194,0.00864,0.00330,0.98786,0.00020
47.60000,1.02194,0.00927,0.00321,0.98732,0.00020
47.74000,1.02193,0.00905,0.00330,0.98744,0.00021
47.88000,1.02194,0.00919,0.00327,0.98733,0.00022
48.02000,1.02194,0.00942,0.00319,0.98717,0.00021
48.16000,1.02194,0.00905,0.00320,0.98755,0.00021
48.30000,1.02194,0.00907,0.00315,0.98756,0.00021
48.44000,1.02194,0.00900,0.00320,0.98760,0.00020
48.58000,1.02193,0.00890,0.00323,0.98767,0.00020
48.72000,1.02193,0.00883,0.00321,0.98776,0.00020
48.86000,1.02194,0.00918,0.00313,0.98750,0.00020
49.00000,1.02194,0.00890,0.00321,0.98770,0.00020
49.14000,1.02194,0.00886,0.00318,0.98777,0.00020
49.28000,1.02194,0.00892,0.00318,0.98770,0.00019
49.42000,1.02194,0.00899,0.00324,0.98757,0.00020
49.56000,1.02193,0.00886,0.00331,0.98762,0.00020
49.70000,1.02194,0.00932,0.00309,0.98738,0.00021
49.84000,1.02194,0.00920,0.00322,0.98736,0.00021
49.98000,1.02194,0.00907,0.00330,0.98742,0.00021
50.12000,1.02194,0.00905,0.00313,0.98762,0.00020
50.26000,1.02194,0.00937,0.00323,0.98718,0.00021
50.40000,1.02193,0.00925,0.00335,0.98718,0.00022
50.54000,1.02194,0.00967,0.00328,0.98684,0.00022
50.68000,1.02194,0.00932,0.00332,0.98714,0.00021
50.82000,1.02194,0.00935,0.00333,0.98710,0.00022
50.96000,1.02194,0.00912,0.00335,0.98731,0.00022
51.10000,1.02194,0.00941,0.00319,0.98719,0.00022
51.24000,1.02193,0.00952,0.00326,0.98700,0.00022
51.38000,1.02194,0.00980,0.00332,0.98665,0.00023
51.52000,1.02194,0.01001,0.00333,0.98641,0.00025
51.66000,1.02194,0.00964,0.00321,0.98692,0.00023
51.80000,1.02194,0.00924,0.00344,0.98708,0.00024
51.94000,1.02194,0.00935,0.00319,0.98724,0.00022
52.08000,1.02193,0.00910,0.00323,0.98746,0.00021
52.22000,1.02193,0.00933,0.00315,0.98731,0.00021
52.36000,1.02194,0.00921,0.00306,0.98752,0.00021
52.50000,1.02194,0.00890,0.00311,0.98779,0.00020
52.64000,1.02194,0.00850,0.00305,0.98826,0.00019
52.78000,1.02194,0.00868,0.00321,0.98791,0.00020
52.92000,1.02194,0.00877,0.00308,0.98795,0.00020
53.06000,1.02193,0.00866,0.00301,0.98813,0.00019
53.20000,1.02194,0.00882,0.00297,0.98802,0.00019
53.34000,1.02194,0.00913,0.00284,0.98784,0.00020
53.48000,1.02194,0.00878,0.00313,0.98788,0.00021
53.62000,1.02194,0.00877,0.00306,0.98796,0.00021
53.76000,1.02194,0.00870,0.00305,0.98803,0.00021
53.90000,1.02193,0.00846,0.00304,0.98830,0.00020
54.04000,1.02194,0.00841,0.00314,0.98825,0.00021
54.18000,1.02194,0.00881,0.00301,0.98798,0.00020
54.32000,1.02194,0.00833,0.00313,0.98835,0.00020
54.46000,1.02194,0.00844,0.00295,0.98843,0.00018
54.60000,1.02194,0.00830,0.00304,0.98846,0.00019
54.74000,1.02193,0.00831,0.00299,0.98852,0.00018
54.88000,1.02194,0.00840,0.00288,0.98853,0.00018
55.02000,1.02194,0.00838,0.00296,0.98847,0.00018
55.16000,1.02194,0.00919,0.00306,0.98755,0.00020
55.30000,1.02194,0.00855,0.00315,0.98810,0.00019
55.44000,1.02194,0.00908,0.00315,0.98757,0.00020
55.58000,1.02193,0.00863,0.00317,0.98800,0.00020
55.72000,1.02193,0.00871,0.00313,0.98797,0.00019
55.86000,1.02194,0.00886,0.00311,0.98783,0.00020
56.00000,1.02194,0.00875,0.00311,0.98795,0.00020
56.14000,1.02194,0.00867,0.00329,0.98784,0.00020
56.28000,1.02194,0.00945,0.00317,0.98717,0.00021
56.42000,1.02194,0.00879,0.00317,0.98784,0.00020
56.56000,1.02193,0.00899,0.00325,0.98755,0.00021
56.70000,1.02194,0.00949,0.00328,0.98701,0.00022
56.84000,1.02194,0.00898,0.00322,0.98760,0.00021
56.98000,1.02194,0.00965,0.00334,0.98678,0.00023
57.12000,1.02194,0.00953,0.00341,0.98683,0.00023
57.26000,1.02194,0.00904,0.00319,0.98756,0.00021
57.40000,1.02193,0.00934,0.00333,0.98712,0.00022
57.54000,1.02194,0.00938,0.00347,0.98694,0.00022
57.68000,1.02194,0.00922,0.00326,0.98732,0.00020
57.82000,1.02194,0.00918,0.00320,0.98742,0.00020
57.96000,1.02194,0.00886,0.00321,0.98772,0.00020
58.10000,1.02194,0.00920,0.00312,0.98748,0.00020
58.24000,1.02193,0.00884,0.00308,0.98788,0.00020
58.38000,1.02194,0.00871,0.00324,0.98785,0.00021
58.52000,1.02194,0.00914,0.00307,0.98758,0.00021
58.66000,1.02194,0.00901,0.00313,0.98765,0.00020
58.80000,1.02194,0.00888,0.00330,0.98761,0.00021
58.94000,1.02194,0.00933,0.00324,0.98722,0.00021
59.08000,1.02193,0.00909,0.00309,0.98763,0.00020
59.22000,1.02193,0.00917,0.00310,0.98753,0.00021
59.36000,1.02194,0.00941,0.00319,0.98718,0.00021
59.50000,1.02194,0.00930,0.00313,0.98735,0.00022
59.64000,1.02194,0.00874,0.00331,0.98774,0.00021
59.78000,1.02194,0.00849,0.00303,0.98828,0.00020
59.92000,1.02194,0.00883,0.00323,0.98774,0.00020
60.06000,1.02193,0.00884,0.00321,0.98774,0.00020
60.20000,1.02194,0.00920,0.00327,0.98731,0.00021
60.34000,1.02194,0.00887,0.00307,0.98785,0.00020
60.48000,1.02194,0.00913,0.00319,0.98746,0.00022
60.62000,1.02194,0.00930,0.00321,0.98726,0.00023
60.76000,1.02194,0.00867,0.00324,0.98789,0.00020
60.90000,1.02193,0.00916,0.00312,0.98751,0.00021
61.04000,1.02194,0.00864,0.00325,0.98791,0.00020
61.18000,1.02194,0.00892,0.00315,0.98773,0.00020
61.32000,1.02194,0.00928,0.00316,0.98737,0.00020
61.46000,1.02194,0.00903,0.00306,0.98773,0.00019
61.60000,1.02194,0.00845,0.00314,0.98823,0.00019
61.74000,1.02193,0.00878,0.00302,0.98800,0.00019
61.88000,1.02194,0.00867,0.00314,0.98799,0.00020
62.02000,1.02194,0.00908,0.00318,0.98754,0.00020
62.16000,1.02194,0.00923,0.00323,0.98733,0.00021
62.30000,1.02194,0.00922,0.00346,0.98710,0.00022
62.44000,1.02194,0.00952,0.00332,0.98693,0.00023
62.58000,1.02193,0.00958,0.00348,0.98670,0.00023
62.72000,1.02193,0.00978,0.00325,0.98673,0.00023
62.86000,1.02194,0.00956,0.00333,0.98686,0.00025
63.00000,1.02193,0.00938,0.00337,0.98701,0.00024
63.14000,1.02193,0.00883,0.00319,0.98776,0.00021
63.28000,1.02194,0.00931,0.00310,0.98737,0.00022
63.42000,1.02194,0.00933,0.00315,0.98730,0.00023
63.56000,1.02194,0.00942,0.00317,0.98719,0.00023
63.70000,1.02194,0.00981,0.00317,0.98680,0.00022
63.84000,1.02194,0.00874,0.00292,0.98814,0.00020
63.98000,1.02194,0.00860,0.00292,0.98828,0.00020
64.12000,1.02193,0.00916,0.00299,0.98764,0.00021
64.26000,1.02193,0.00892,0.00303,0.98784,0.00021
64.40000,1.02193,0.00882,0.00311,0.98784,0.00022
64.54000,1.02193,0.00858,0.00292,0.98830,0.00020
64.68000,1.02193,0.00920,0.00289,0.98770,0.00022
64.82000,1.02193,0.00900,0.00313,0.98766,0.00022
64.96000,1.02194,0.00917,0.00319,0.98742,0.00022
65.10000,1.02194,0.00858,0.00308,0.98815,0.00020
65.24000,1.02194,0.00867,0.00311,0.98802,0.00021
65.38000,1.02194,0.00851,0.00301,0.98828,0.00020
65.52000,1.02194,0.00939,0.00309,0.98731,0.00021
65.66000,1.02193,0.00887,0.00313,0.98780,0.00020
65.80000,1.02193,0.00863,0.00301,0.98817,0.00019
65.94000,1.02193,0.00838,0.00294,0.98849,0.00019
66.08000,1.02193,0.00909,0.00299,0.98772,0.00020
66.22000,1.02193,0.00855,0.00305,0.98820,0.00020
66.36000,1.02193,0.00891,0.00308,0.98781,0.00020
66.50000,1.02193,0.00874,0.00312,0.98793,0.00020
66.64000,1.02193,0.00871,0.00328,0.98781,0.00020
66.78000,1.02194,0.00881,0.00317,0.98782,0.00019
66.92000,1.02194,0.00882,0.00320,0.98778,0.00019
67.06000,1.02194,0.00915,0.00328,0.98736,0.00020
67.20000,1.02194,0.00903,0.00320,0.98757,0.00020
67.34000,1.02194,0.00890,0.00319,0.98771,0.00020
67.48000,1.02193,0.00868,0.00314,0.98798,0.00020
67.62000,1.02193,0.00877,0.00296,0.98808,0.00019
67.76000,1.02193,0.00851,0.00295,0.98836,0.00019
67.90000,1.02193,0.00923,0.00312,0.98745,0.00020
68.04000,1.02193,0.00866,0.00316,0.98799,0.00019
68.18000,1.02193,0.00898,0.00300,0.98782,0.00020
68.32000,1.02193,0.00871,0.00308,0.98802,0.00019
68.46000,1.02194,0.00879,0.00313,0.98788,0.00020
68.60000,1.02194,0.00883,0.00313,0.98785,0.00020
68.74000,1.02194,0.00903,0.00319,0.98758,0.00020
68.88000,1.02194,0.00910,0.00310,0.98759,0.00020
69.02000,1.02194,0.00883,0.00315,0.98783,0.00019
69.16000,1.02193,0.00878,0.00314,0.98788,0.00020
69.30000,1.02193,0.00875,0.00316,0.98789,0.00019
69.44000,1.02193,0.00886,0.00312,0.98783,0.00020
69.58000,1.02193,0.00898,0.00320,0.98762,0.00020
69.72000,1.02193,0.00889,0.00323,0.98768,0.00020
69.86000,1.02193,0.00900,0.00309,0.98771,0.00020
70.00000,1.02193,0.00880,0.00315,0.98785,0.00020
70.14000,1.02193,0.00904,0.00309,0.98766,0.00022
70.28000,1.02194,0.00907,0.00323,0.98749,0.00021
70.42000,1.02194,0.00899,0.00319,0.98762,0.00020
70.56000,1.02194,0.00886,0.00325,0.98769,0.00020
70.70000,1.02194,0.00879,0.00326,0.98776,0.00020
70.84000,1.02194,0.00889,0.00319,0.98773,0.00019
70.98000,1.02193,0.00911,0.00323,0.98746,0.00020
71.12000,1.02193,0.00895,0.00300,0.98785,0.00020
71.26000,1.02193,0.00918,0.00316,0.98744,0.00021
71.40000,1.02193,0.00869,0.00321,0.98789,0.00021
71.54000,1.02193,0.00886,0.00313,0.98780,0.00021
71.68000,1.02193,0.00899,0.00308,0.98772,0.00021
71.82000,1.02193,0.00865,0.00326,0.98789,0.00020
71.96000,1.02194,0.00895,0.00303,0.98782,0.00020
72.10000,1.02194,0.00884,0.00308,0.98789,0.00019
72.24000,1.02194,0.00884,0.00327,0.98769,0.00020
72.38000,1.02194,0.00917,0.00335,0.98728,0.00021
72.52000,1.02194,0.00880,0.00313,0.98788,0.00020
72.66000,1.02193,0.00858,0.00325,0.98797,0.00020
72.80000,1.02193,0.00855,0.00317,0.98808,0.00019
72.94000,1.02193,0.00863,0.00310,0.98808,0.00019
73.08000,1.02193,0.00862,0.00308,0.98811,0.00019
73.22000,1.02193,0.00877,0.00313,0.98790,0.00019
73.36000,1.02193,0.00886,0.00304,0.98790,0.00020
73.50000,1.02193,0.00855,0.00312,0.98814,0.00019
73.64000,1.02193,0.00843,0.00316,0.98822,0.00019
73.78000,1.02194,0.00882,0.00313,0.98786,0.00020
73.92000,1.02194,0.00846,0.00309,0.98826,0.00019
74.06000,1.02194,0.00856,0.00311,0.98814,0.00020
74.20000,1.02194,0.00827,0.00295,0.98860,0.00018
74.34000,1.02194,0.00839,0.00303,0.98839,0.00019
74.48000,1.02193,0.00859,0.00309,0.98812,0.00019
74.62000,1.02193,0.00849,0.00305,0.98828,0.00018
74.76000,1.02193,0.00859,0.00314,0.98808,0.00019
74.90000,1.02193,0.00921,0.00311,0.98748,0.00020
75.04000,1.02193,0.00879,0.00314,0.98787,0.00020
75.18000,1.02193,0.00896,0.00329,0.98755,0.00020
75.32000,1.02193,0.00908,0.00334,0.98738,0.00020
75.46000,1.02194,0.00940,0.00324,0.98715,0.00021
75.60000,1.02194,0.00939,0.00327,0.98713,0.00021
75.74000,1.02194,0.00974,0.00313,0.98691,0.00022
75.88000,1.02194,0.00908,0.00331,0.98739,0.00022
76.02000,1.02194,0.00917,0.00317,0.98745,0.00021
76.16000,1.02193,0.00895,0.00322,0.98763,0.00021
76.30000,1.02193,0.00884,0.00314,0.98782,0.00020
76.44000,1.02193,0.00924,0.00319,0.98736,0.00021
76.58000,1.02193,0.00913,0.00322,0.98744,0.00022
76.72000,1.02193,0.00900,0.00321,0.98758,0.00022
76.86000,1.02193,0.00911,0.00304,0.98764,0.00021
77.00000,1.02193,0.00919,0.00319,0.98739,0.00023
77.14000,1.02193,0.00922,0.00338,0.98717,0.00022
77.28000,1.02194,0.00922,0.00335,0.98721,0.00023
77.42000,1.02194,0.00902,0.00329,0.98746,0.00022
77.56000,1.02194,0.00885,0.00322,0.98771,0.00021
77.70000,1.02194,0.00908,0.00313,0.98757,0.00021
77.84000,1.02194,0.00920,0.00319,0.98740,0.00022
77.98000,1.02193,0.00886,0.00319,0.98775,0.00020
78.12000,1.02193,0.00921,0.00317,0.98741,0.00021
78.26000,1.02193,0.00914,0.00322,0.98743,0.00021
78.40000,1.02193,0.00901,0.00324,0.98754,0.00021
78.54000,1.02193,0.00918,0.00318,0.98743,0.00021
78.68000,1.02193,0.00976,0.00315,0.98687,0.00022
78.82000,1.02193,0.00900,0.00327,0.98752,0.00021
78.96000,1.02194,0.00941,0.00318,0.98720,0.00021
79.10000,1.02194,0.00915,0.00327,0.98737,0.00020
79.24000,1.02194,0.00906,0.00322,0.98752,0.00020
79.38000,1.02194,0.00897,0.00324,0.98758,0.00021
79.52000,1.02194,0.00939,0.00331,0.98709,0.00021
79.66000,1.02193,0.00949,0.00321,0.98708,0.00022
79.80000,1.02193,0.00905,0.00326,0.98746,0.00022
79.94000,1.02193,0.00901,0.00328,0.98750,0.00021
80.08000,1.02193,0.00905,0.00316,0.98759,0.00020
80.22000,1.02193,0.00955,0.00316,0.98708,0.00021
80.36000,1.02193,0.00940,0.00337,0.98702,0.00022
80.50000,1.02193,0.00943,0.00325,0.98711,0.00021
80.64000,1.02193,0.00914,0.00325,0.98740,0.00020
80.78000,1.02194,0.00920,0.00318,0.98741,0.00020
80.92000,1.02194,0.00907,0.00337,0.98735,0.00021
81.06000,1.02194,0.00937,0.00335,0.98707,0.00021
81.20000,1.02194,0.00932,0.00325,0.98722,0.00021
81.34000,1.02194,0.00917,0.00315,0.98748,0.00020
81.48000,1.02193,0.00914,0.00332,0.98733,0.00021
81.62000,1.02193,0.00931,0.00323,0.98725,0.00020
81.76000,1.02193,0.00922,0.00327,0.98731,0.00020
81.90000,1.02193,0.00944,0.00337,0.98697,0.00021
82.04000,1.02193,0.00965,0.00339,0.98673,0.00023
82.18000,1.02193,0.00991,0.00347,0.98638,0.00024
82.32000,1.02193,0.00978,0.00342,0.98656,0.00024
82.46000,1.02194,0.00966,0.00342,0.98669,0.00023
82.60000,1.02194,0.00954,0.00346,0.98678,0.00023
82.74000,1.02194,0.00958,0.00343,0.98676,0.00023
82.88000,1.02194,0.01000,0.00319,0.98657,0.00024
83.02000,1.02194,0.00943,0.00301,0.98734,0.00022
83.16000,1.02193,0.00948,0.00317,0.98711,0.00024
83.30000,1.02193,0.00889,0.00328,0.98759,0.00024
83.44000,1.02193,0.00881,0.00301,0.98797,0.00021
83.58000,1.02193,0.00845,0.00313,0.98821,0.00021
83.72000,1.02193,0.00882,0.00316,0.98780,0.00022
83.86000,1.02193,0.00875,0.00310,0.98794,0.00021
84.00000,1.02193,0.00901,0.00312,0.98766,0.00021
84.14000,1.02193,0.00913,0.00306,0.98761,0.00021
84.28000,1.02194,0.00896,0.00307,0.98776,0.00021
84.42000,1.02194,0.00871,0.00307,0.98803,0.00019
84.56000,1.02194,0.00858,0.00302,0.98821,0.00019
84.70000,1.02194,0.00867,0.00306,0.98808,0.00019
84.84000,1.02194,0.00878,0.00309,0.98792,0.00021
84.98000,1.02193,0.00933,0.00303,0.98744,0.00021
85.12000,1.02193,0.00897,0.00311,0.98771,0.00021
85.26000,1.02193,0.00891,0.00322,0.98766,0.00021
85.40000,1.02193,0.00902,0.00312,0.98764,0.00021
85.54000,1.02193,0.00874,0.00298,0.98809,0.00019
85.68000,1.02193,0.00864,0.00301,0.98817,0.00019
85.82000,1.02193,0.00855,0.00292,0.98835,0.00018
85.96000,1.02194,0.00834,0.00290,0.98857,0.00018
86.10000,1.02194,0.00818,0.00294,0.98870,0.00018
86.24000,1.02194,0.00820,0.00275,0.98887,0.00018
86.38000,1.02194,0.00812,0.00292,0.98878,0.00018
86.52000,1.02194,0.00808,0.00293,0.98881,0.00018
86.66000,1.02193,0.00821,0.00292,0.98868,0.00019
86.80000,1.02193,0.00821,0.00287,0.98874,0.00018
86.94000,1.02193,0.00846,0.00309,0.98826,0.00019
87.08000,1.02193,0.00847,0.00300,0.98833,0.00020
87.22000,1.02193,0.00839,0.00302,0.98840,0.00019
87.36000,1.02193,0.00840,0.00298,0.98843,0.00019
87.50000,1.02193,0.00841,0.00293,0.98847,0.00019
87.64000,1.02193,0.00843,0.00297,0.98841,0.00019
87.78000,1.02194,0.00828,0.00303,0.98850,0.00019
87.92000,1.02194,0.00850,0.00284,0.98847,0.00018
88.06000,1.02194,0.00831,0.00290,0.98861,0.00018
88.20000,1.02194,0.00832,0.00290,0.98860,0.00018
88.34000,1.02194,0.00894,0.00301,0.98785,0.00020
88.48000,1.02193,0.00847,0.00291,0.98845,0.00018
88.62000,1.02193,0.00808,0.00279,0.98896,0.00017
88.76000,1.02193,0.00810,0.00267,0.98907,0.00017
88.90000,1.02193,0.00814,0.00281,0.98888,0.00018
89.04000,1.02193,0.00827,0.00289,0.98865,0.00018
89.18000,1.02193,0.00850,0.00287,0.98845,0.00018
89.32000,1.02193,0.00819,0.00290,0.98872,0.00018
89.46000,1.02194,0.00823,0.00306,0.98852,0.00020
89.60000,1.02194,0.00868,0.00299,0.98811,0.00021
89.74000,1.02194,0.00891,0.00303,0.98785,0.00021
89.88000,1.02194,0.00861,0.00288,0.98832,0.00019
90.02000,1.02194,0.00879,0.00295,0.98807,0.00019
90.16000,1.02193,0.00901,0.00310,0.98769,0.00020
90.30000,1.02193,0.00878,0.00318,0.98783,0.00021
90.44000,1.02193,0.00892,0.00317,0.98770,0.00021
90.58000,1.02193,0.00835,0.00292,0.98853,0.00020
90.72000,1.02193,0.00876,0.00300,0.98804,0.00021
90.86000,1.02193,0.00976,0.00310,0.98691,0.00023
91.00000,1.02193,0.00971,0.00329,0.98676,0.00024
91.14000,1.02193,0.00941,0.00339,0.98697,0.00023
91.28000,1.02194,0.00914,0.00333,0.98731,0.00022
91.42000,1.02194,0.00922,0.00348,0.98709,0.00021
91.56000,1.02194,0.00962,0.00338,0.98679,0.00021
91.70000,1.02194,0.00960,0.00338,0.98681,0.00021
91.84000,1.02194,0.00960,0.00341,0.98678,0.00022
91.98000,1.02193,0.00976,0.00345,0.98657,0.00022
92.12000,1.02193,0.00925,0.00336,0.98718,0.00021
92.26000,1.02193,0.00953,0.00338,0.98687,0.00022
92.40000,1.02193,0.00913,0.00325,0.98742,0.00021
92.54000,1.02193,0.00936,0.00345,0.98697,0.00021
92.68000,1.02193,0.00967,0.00331,0.98681,0.00021
92.82000,1.02193,0.00959,0.00331,0.98688,0.00021
92.96000,1.02194,0.00964,0.00344,0.98670,0.00022
93.10000,1.02194,0.00991,0.00351,0.98634,0.00023
93.24000,1.02194,0.00949,0.00349,0.98680,0.00023
93.38000,1.02194,0.00949,0.00340,0.98688,0.00023
93.52000,1.02194,0.00985,0.00350,0.98642,0.00023
93.66000,1.02193,0.00943,0.00356,0.98678,0.00023
93.80000,1.02193,0.01008,0.00328,0.98641,0.00023
93.94000,1.02193,0.00951,0.00342,0.98684,0.00023
94.08000,1.02193,0.00904,0.00319,0.98756,0.00021
94.22000,1.02193,0.00933,0.00304,0.98743,0.00020
94.36000,1.02193,0.00898,0.00306,0.98776,0.00021
94.50000,1.02193,0.00895,0.00315,0.98768,0.00022
94.64000,1.02193,0.00890,0.00304,0.98787,0.00020
94.78000,1.02194,0.00842,0.00301,0.98839,0.00019
94.92000,1.02194,0.00849,0.00317,0.98815,0.00019
95.06000,1.02194,0.00874,0.00304,0.98804,0.00019
95.20000,1.02194,0.00850,0.00308,0.98823,0.00019
95.34000,1.02194,0.00831,0.00297,0.98854,0.00018
95.48000,1.02193,0.00845,0.00302,0.98834,0.00019
95.62000,1.02193,0.00830,0.00302,0.98850,0.00019
95.76000,1.02193,0.00823,0.00287,0.98873,0.00018
95.90000,1.02193,0.00831,0.00291,0.98860,0.00018
96.04000,1.02193,0.00819,0.00291,0.98871,0.00018
96.18000,1.02193,0.00833,0.00295,0.98853,0.00019
96.32000,1.02193,0.00823,0.00291,0.98867,0.00018
96.46000,1.02194,0.00858,0.00307,0.98815,0.00020
96.60000,1.02194,0.00846,0.00306,0.98827,0.00020
96.74000,1.02194,0.00855,0.00310,0.98816,0.00019
96.88000,1.02194,0.00882,0.00305,0.98794,0.00019
97.02000,1.02194,0.00891,0.00306,0.98784,0.00019
97.16000,1.02193,0.00887,0.00319,0.98774,0.00020
97.30000,1.02193,0.00900,0.00315,0.98766,0.00019
97.44000,1.02193,0.00916,0.00323,0.98741,0.00020
97.58000,1.02193,0.00894,0.00310,0.98777,0.00019
97.72000,1.02193,0.00885,0.00319,0.98777,0.00019
97.86000,1.02193,0.00877,0.00314,0.98791,0.00019
98.00000,1.02193,0.00880,0.00313,0.98789,0.00019
98.14000,1.02193,0.00863,0.00329,0.98789,0.00020
98.28000,1.02194,0.00918,0.00323,0.98737,0.00022
98.42000,1.02194,0.00911,0.00315,0.98754,0.00020
98.56000,1.02194,0.00920,0.00305,0.98755,0.00021
98.70000,1.02194,0.00965,0.00322,0.98691,0.00022
98.84000,1.02194,0.00922,0.00350,0.98705,0.00022
98.98000,1.02193,0.00921,0.00329,0.98729,0.00021
99.12000,1.02193,0.00963,0.00322,0.98693,0.00022
99.26000,1.02193,0.00920,0.00341,0.98717,0.00022
99.40000,1.02193,0.00967,0.00345,0.98666,0.00023
99.54000,1.02193,0.00930,0.00329,0.98720,0.00021
99.68000,1.02193,0.00891,0.00332,0.98757,0.00021
99.82000,1.02193,0.00929,0.00339,0.98710,0.00022
99.96000,1.02194,0.00972,0.00327,0.98678,0.00023
100.10000,1.02194,0.00946,0.00343,0.98688,0.00023
100.24000,1.02194,0.00932,0.00333,0.98711,0.00023
100.38000,1.02194,0.00919,0.00347,0.98712,0.00023
100.52000,1.02194,0.00910,0.00335,0.98733,0.00022
100.66000,1.02193,0.00915,0.00334,0.98729,0.00021
100.80000,1.02193,0.01019,0.00321,0.98636,0.00024
100.94000,1.02193,0.00962,0.00345,0.98669,0.00023
101.08000,1.02193,0.00982,0.00342,0.98652,0.00024
101.22000,1.02193,0.00950,0.00351,0.98675,0.00024
101.36000,1.02193,0.00950,0.00350,0.98676,0.00024
101.50000,1.02193,0.00958,0.00343,0.98675,0.00024
101.64000,1.02193,0.00981,0.00330,0.98666,0.00023
101.78000,1.02194,0.00914,0.00342,0.98722,0.00022
101.92000,1.02194,0.00896,0.00331,0.98752,0.00021
102.06000,1.02194,0.00860,0.00328,0.98791,0.00020
102.20000,1.02194,0.00890,0.00320,0.98771,0.00020
102.34000,1.02194,0.00929,0.00322,0.98727,0.00022
102.48000,1.02193,0.00913,0.00318,0.98748,0.00020
102.62000,1.02193,0.00896,0.00329,0.98754,0.00021
102.76000,1.02193,0.00878,0.00320,0.98783,0.00020
102.90000,1.02193,0.00882,0.00319,0.98779,0.00020
103.04000,1.02193,0.00912,0.00317,0.98750,0.00020
103.18000,1.02193,0.00901,0.00318,0.98760,0.00020
103.32000,1.02193,0.00858,0.00323,0.98799,0.00020
103.46000,1.02194,0.00871,0.00308,0.98802,0.00019
103.60000,1.02194,0.00871,0.00309,0.98799,0.00020
103.74000,1.02194,0.00856,0.00312,0.98812,0.00019
103.88000,1.02194,0.00885,0.00317,0.98777,0.00020
104.02000,1.02194,0.00873,0.00314,0.98793,0.00020
104.16000,1.02193,0.00890,0.00316,0.98773,0.00021
104.30000,1.02193,0.00893,0.00323,0.98763,0.00020
104.44000,1.02193,0.00906,0.00330,0.98742,0.00021
104.58000,1.02193,0.00915,0.00335,0.98728,0.00022
104.72000,1.02193,0.00894,0.00331,0.98754,0.00021
104.86000,1.02193,0.00907,0.00332,0.98741,0.00021
105.00000,1.02193,0.00917,0.00325,0.98736,0.00022
105.14000,1.02193,0.00863,0.00308,0.98809,0.00020
105.28000,1.02194,0.00871,0.00301,0.98808,0.00020
105.42000,1.02194,0.00864,0.00308,0.98808,0.00020
105.56000,1.02194,0.00863,0.00298,0.98821,0.00019
105.70000,1.02194,0.00858,0.00314,0.98809,0.00019
105.84000,1.02194,0.00859,0.00313,0.98809,0.00020
105.98000,1.02193,0.00867,0.00306,0.98807,0.00020
106.12000,1.02193,0.00858,0.00303,0.98820,0.00019
106.26000,1.02193,0.00869,0.00314,0.98797,0.00020
106.40000,1.02193,0.00866,0.00319,0.98796,0.00020
106.54000,1.02193,0.00913,0.00325,0.98742,0.00020
106.68000,1.02193,0.00876,0.00315,0.98790,0.00019
106.82000,1.02193,0.00864,0.00305,0.98812,0.00019
106.96000,1.02194,0.00931,0.00310,0.98738,0.00021
107.10000,1.02194,0.00868,0.00319,0.98793,0.00020
107.24000,1.02194,0.00854,0.00303,0.98823,0.00019
107.38000,1.02194,0.00903,0.00297,0.98780,0.00020
107.52000,1.02194,0.00863,0.00304,0.98814,0.00020
107.66000,1.02193,0.00905,0.00312,0.98763,0.00021
107.80000,1.02193,0.00895,0.00314,0.98770,0.00021
107.94000,1.02193,0.00938,0.00318,0.98722,0.00022
108.08000,1.02193,0.00889,0.00317,0.98772,0.00022
108.22000,1.02193,0.00910,0.00311,0.98758,0.00021
108.36000,1.02193,0.00924,0.00311,0.98743,0.00021
108.50000,1.02193,0.00890,0.00312,0.98777,0.00020
108.64000,1.02193,0.00859,0.00304,0.98818,0.00019
108.78000,1.02194,0.00867,0.00301,0.98813,0.00019
108.92000,1.02194,0.00850,0.00299,0.98833,0.00018
109.06000,1.02194,0.00896,0.00308,0.98776,0.00019
109.20000,1.02194,0.00873,0.00314,0.98794,0.00019
109.34000,1.02194,0.00886,0.00318,0.98777,0.00020
109.48000,1.02193,0.00953,0.00308,0.98718,0.00021
109.62000,1.02193,0.00888,0.00334,0.98757,0.00021
109.76000,1.02193,0.00899,0.00317,0.98764,0.00020
109.90000,1.02193,0.00908,0.00314,0.98758,0.00020
110.04000,1.02193,0.00884,0.00314,0.98781,0.00020
110.18000,1.02193,0.00900,0.00318,0.98760,0.00022
110.32000,1.02193,0.00877,0.00299,0.98804,0.00019
110.46000,1.02194,0.00869,0.00298,0.98813,0.00020
110.60000,1.02194,0.00873,0.00312,0.98796,0.00020
110.74000,1.02194,0.00872,0.00314,0.98795,0.00019
110.88000,1.02194,0.00864,0.00312,0.98806,0.00019
111.02000,1.02194,0.00902,0.00319,0.98759,0.00019
111.16000,1.02193,0.00875,0.00308,0.98798,0.00019
111.30000,1.02193,0.00893,0.00295,0.98792,0.00019
111.44000,1.02193,0.00879,0.00311,0.98791,0.00019
111.58000,1.02193,0.00888,0.00318,0.98774,0.00020
111.72000,1.02193,0.00901,0.00303,0.98775,0.00021
111.86000,1.02193,0.00884,0.00320,0.98775,0.00021
112.00000,1.02193,0.00853,0.00313,0.98815,0.00019
112.14000,1.02193,0.00851,0.00304,0.98826,0.00019
112.28000,1.02194,0.00879,0.00319,0.98782,0.00019
112.42000,1.02194,0.00928,0.00340,0.98712,0.00021
112.56000,1.02194,0.00944,0.00344,0.98691,0.00021
112.70000,1.02194,0.00957,0.00355,0.98665,0.00022
112.84000,1.02194,0.00999,0.00360,0.98618,0.00023
112.98000,1.02193,0.01003,0.00366,0.98607,0.00023
113.12000,1.02193,0.01007,0.00368,0.98602,0.00024
113.26000,1.02193,0.01047,0.00368,0.98560,0.00025
113.40000,1.02193,0.00996,0.00362,0.98618,0.00024
113.54000,1.02193,0.01048,0.00358,0.98569,0.00026
113.68000,1.02193,0.00999,0.00355,0.98621,0.00024
113.82000,1.02193,0.01022,0.00357,0.98596,0.00025
113.96000,1.02194,0.01010,0.00365,0.98599,0.00026
114.10000,1.02194,0.01029,0.00365,0.98581,0.00025
114.24000,1.02194,0.01076,0.00365,0.98533,0.00026
114.38000,1.02194,0.01046,0.00370,0.98559,0.00025
114.52000,1.02194,0.01062,0.00377,0.98535,0.00026
114.66000,1.02193,0.01008,0.00372,0.98596,0.00024
114.80000,1.02193,0.01046,0.00352,0.98577,0.00025
114.94000,1.02193,0.00997,0.00377,0.98602,0.00025
115.08000,1.02193,0.01071,0.00365,0.98538,0.00026
115.22000,1.02193,0.01034,0.00375,0.98564,0.00026
115.36000,1.02193,0.01099,0.00357,0.98518,0.00026
115.50000,1.02193,0.01012,0.00387,0.98573,0.00027
115.64000,1.02193,0.01081,0.00371,0.98521,0.00027
115.78000,1.02194,0.01064,0.00391,0.98518,0.00027
115.92000,1.02194,0.01068,0.00390,0.98515,0.00027
116.06000,1.02194,0.01053,0.00389,0.98531,0.00027
116.20000,1.02194,0.01112,0.00375,0.98485,0.00028
116.34000,1.02194,0.01046,0.00385,0.98542,0.00027
116.48000,1.02193,0.01067,0.00376,0.98530,0.00028
116.62000,1.02193,0.01028,0.00373,0.98573,0.00026
116.76000,1.02193,0.01082,0.00362,0.98527,0.00028
116.90000,1.02193,0.01050,0.00359,0.98564,0.00026
117.04000,1.02193,0.01035,0.00356,0.98582,0.00026
117.18000,1.02193,0.01001,0.00360,0.98614,0.00025
117.32000,1.02193,0.01010,0.00351,0.98615,0.00024
117.46000,1.02194,0.01018,0.00345,0.98613,0.00024
117.60000,1.02194,0.00956,0.00359,0.98662,0.00023
117.74000,1.02194,0.00975,0.00344,0.98658,0.00022
117.88000,1.02194,0.00975,0.00340,0.98662,0.00023
118.02000,1.02194,0.00982,0.00339,0.98654,0.00025
118.16000,1.02193,0.00997,0.00335,0.98644,0.00025
118.30000,1.02193,0.00976,0.00349,0.98650,0.00024
118.44000,1.02193,0.00950,0.00353,0.98674,0.00024
118.58000,1.02193,0.00941,0.00341,0.98695,0.00023
118.72000,1.02193,0.00949,0.00335,0.98695,0.00022
118.86000,1.02193,0.00963,0.00340,0.98675,0.00022
119.00000,1.02193,0.00975,0.00335,0.98667,0.00022
119.14000,1.02193,0.00943,0.00335,0.98701,0.00021
119.28000,1.02194,0.00943,0.00334,0.98703,0.00021
119.42000,1.02194,0.00942,0.00345,0.98692,0.00021
119.56000,1.02194,0.00932,0.00343,0.98704,0.00021
119.70000,1.02194,0.00953,0.00345,0.98679,0.00022
119.84000,1.02194,0.01008,0.00319,0.98650,0.00023
119.98000,1.02193,0.00977,0.00341,0.98658,0.00023
120.12000,1.02193,0.00974,0.00350,0.98652,0.00024
120.26000,1.02193,0.00990,0.00350,0.98637,0.00024
120.40000,1.02193,0.00948,0.00346,0.98685,0.00022
120.54000,1.02193,0.00912,0.00359,0.98707,0.00022
120.68000,1.02193,0.00978,0.00343,0.98657,0.00022
120.82000,1.02193,0.00994,0.00342,0.98641,0.00023
120.96000,1.02194,0.00969,0.00363,0.98644,0.00023
121.10000,1.02194,0.01034,0.00356,0.98585,0.00025
121.24000,1.02194,0.01028,0.00366,0.98580,0.00026
121.38000,1.02194,0.00971,0.00362,0.98643,0.00024
121.52000,1.02194,0.01042,0.00373,0.98560,0.00026
121.66000,1.02193,0.01023,0.00354,0.98599,0.00025
121.80000,1.02193,0.00989,0.00359,0.98627,0.00025
121.94000,1.02193,0.01047,0.00361,0.98567,0.00025
122.08000,1.02193,0.01011,0.00358,0.98606,0.00025
122.22000,1.02193,0.00983,0.00357,0.98636,0.00024
122.36000,1.02193,0.00993,0.00340,0.98643,0.00024
122.50000,1.02193,0.01059,0.00348,0.98568,0.00025
122.64000,1.02193,0.01006,0.00353,0.98616,0.00024
122.78000,1.02194,0.01065,0.00348,0.98561,0.00025
122.92000,1.02194,0.00957,0.00354,0.98666,0.00023
123.06000,1.02194,0.00969,0.00355,0.98653,0.00023
123.20000,1.02194,0.01013,0.00363,0.98599,0.00024
123.34000,1.02194,0.01006,0.00346,0.98624,0.00023
123.48000,1.02193,0.01021,0.00348,0.98607,0.00023
123.62000,1.02193,0.01040,0.00361,0.98575,0.00025
123.76000,1.02193,0.00978,0.00365,0.98633,0.00024
123.90000,1.02193,0.00995,0.00353,0.98628,0.00024
124.04000,1.02193,0.00984,0.00349,0.98644,0.00023
124.18000,1.02193,0.00979,0.00371,0.98625,0.00024
124.32000,1.02193,0.01036,0.00375,0.98565,0.00025
124.46000,1.02194,0.01034,0.00371,0.98569,0.00026
124.60000,1.02194,0.01010,0.00369,0.98596,0.00025
124.74000,1.02194,0.01032,0.00363,0.98580,0.00025
124.88000,1.02194,0.01027,0.00382,0.98566,0.00025
125.02000,1.02194,0.01011,0.00380,0.98584,0.00024
125.16000,1.02193,0.01050,0.00382,0.98543,0.00025
125.30000,1.02193,0.01026,0.00371,0.98579,0.00024
125.44000,1.02193,0.01028,0.00360,0.98588,0.00024
125.58000,1.02193,0.01014,0.00354,0.98608,0.00024
125.72000,1.02193,0.01003,0.00362,0.98611,0.00024
125.86000,1.02193,0.00967,0.00358,0.98652,0.00023
126.00000,1.02193,0.00966,0.00345,0.98667,0.00022
126.14000,1.02193,0.00939,0.00331,0.98709,0.00021
126.28000,1.02194,0.00938,0.00330,0.98711,0.00021
126.42000,1.02194,0.00925,0.00345,0.98709,0.00021
126.56000,1.02194,0.00971,0.00333,0.98674,0.00022
126.70000,1.02194,0.00915,0.00330,0.98734,0.00021
126.84000,1.02194,0.00939,0.00338,0.98701,0.00022
126.98000,1.02193,0.00969,0.00328,0.98680,0.00023
127.12000,1.02193,0.00920,0.00323,0.98736,0.00021
127.26000,1.02193,0.00898,0.00333,0.98748,0.00021
127.40000,1.02193,0.00887,0.00312,0.98781,0.00019
127.54000,1.02193,0.00856,0.00311,0.98814,0.00019
127.68000,1.02193,0.00873,0.00297,0.98811,0.00019
127.82000,1.02193,0.00866,0.00298,0.98818,0.00019
127.96000,1.02193,0.00863,0.00311,0.98807,0.00019
128.10001,1.02193,0.00920,0.00305,0.98755,0.00020
128.24001,1.02193,0.00884,0.00318,0.98779,0.00020
128.38000,1.02193,0.00925,0.00325,0.98729,0.00021
128.52000,1.02193,0.00961,0.00333,0.98683,0.00022
128.66000,1.02193,0.00950,0.00336,0.98692,0.00022
128.80000,1.02193,0.00942,0.00354,0.98682,0.00022
128.94000,1.02194,0.00963,0.00346,0.98669,0.00022
129.08000,1.02194,0.00937,0.00347,0.98694,0.00022
129.22000,1.02194,0.00954,0.00341,0.98683,0.00022
129.36000,1.02194,0.00957,0.00332,0.98688,0.00022
129.50000,1.02194,0.00920,0.00331,0.98727,0.00022
129.64000,1.02194,0.00905,0.00336,0.98738,0.00022
129.78000,1.02194,0.00935,0.00318,0.98726,0.00021
129.92000,1.02194,0.00913,0.00325,0.98742,0.00021
130.06000,1.02194,0.00900,0.00329,0.98750,0.00021
130.20000,1.02194,0.00944,0.00322,0.98713,0.00021
130.34000,1.02194,0.00912,0.00338,0.98727,0.00022
130.48000,1.02194,0.00911,0.00325,0.98743,0.00021
130.62000,1.02194,0.00902,0.00319,0.98759,0.00021
130.75999,1.02194,0.00882,0.00304,0.98793,0.00020
130.89999,1.02194,0.00878,0.00298,0.98805,0.00020
131.03999,1.02194,0.00894,0.00295,0.98793,0.00019
131.17999,1.02194,0.00866,0.00303,0.98811,0.00019
131.32001,1.02193,0.00885,0.00299,0.98797,0.00019
131.46001,1.02193,0.00860,0.00311,0.98810,0.00019
131.60001,1.02193,0.00874,0.00306,0.98800,0.00019
131.74001,1.02193,0.00886,0.00296,0.98798,0.00020
131.88000,1.02193,0.00867,0.00305,0.98808,0.00020
132.02000,1.02193,0.00853,0.00298,0.98829,0.00019
132.16000,1.02193,0.00849,0.00275,0.98857,0.00018
132.30000,1.02193,0.00852,0.00302,0.98827,0.00019
132.44000,1.02194,0.00858,0.00298,0.98824,0.00020
132.58000,1.02194,0.00876,0.00294,0.98810,0.00020
132.72000,1.02194,0.00873,0.00294,0.98814,0.00020
132.86000,1.02194,0.00912,0.00307,0.98760,0.00022
133.00000,1.02194,0.00894,0.00309,0.98775,0.00022
133.14000,1.02194,0.00901,0.00298,0.98780,0.00021
133.28000,1.02194,0.00877,0.00309,0.98793,0.00021
133.42000,1.02194,0.00885,0.00313,0.98781,0.00021
133.56000,1.02194,0.00922,0.00311,0.98744,0.00022
133.70000,1.02194,0.00897,0.00306,0.98777,0.00020
133.84000,1.02194,0.00882,0.00306,0.98792,0.00020
133.98000,1.02194,0.00870,0.00306,0.98805,0.00019
134.12000,1.02194,0.00890,0.00305,0.98785,0.00020
134.25999,1.02194,0.00876,0.00312,0.98792,0.00020
134.39999,1.02194,0.00858,0.00304,0.98819,0.00019
134.53999,1.02194,0.00869,0.00308,0.98804,0.00020
134.67999,1.02194,0.00855,0.00306,0.98818,0.00020
134.82001,1.02193,0.00906,0.00311,0.98762,0.00020
134.96001,1.02193,0.00893,0.00304,0.98784,0.00020
135.10001,1.02193,0.00903,0.00312,0.98765,0.00020
135.24001,1.02193,0.00919,0.00313,0.98747,0.00021
135.38000,1.02193,0.00936,0.00330,0.98713,0.00022
135.52000,1.02193,0.00885,0.00318,0.98776,0.00020
135.66000,1.02193,0.00876,0.00321,0.98784,0.00019
135.80000,1.02193,0.00933,0.00314,0.98732,0.00021
135.94000,1.02194,0.00899,0.00316,0.98764,0.00021
136.08000,1.02194,0.00929,0.00303,0.98747,0.00021
136.22000,1.02194,0.00908,0.00310,0.98762,0.00020
136.36000,1.02194,0.00884,0.00306,0.98790,0.00020
136.50000,1.02194,0.00881,0.00308,0.98790,0.00020
136.64000,1.02194,0.00946,0.00304,0.98729,0.00021
136.78000,1.02194,0.00960,0.00315,0.98703,0.00022
136.92000,1.02194,0.00954,0.00319,0.98705,0.00022
137.06000,1.02194,0.00924,0.00331,0.98724,0.00021
137.20000,1.02194,0.00947,0.00309,0.98723,0.00022
137.34000,1.02194,0.00966,0.00315,0.98697,0.00022
137.48000,1.02194,0.01025,0.00327,0.98623,0.00024
137.62000,1.02194,0.00991,0.00343,0.98641,0.00025
137.75999,1.02194,0.01034,0.00332,0.98609,0.00026
137.89999,1.02194,0.00964,0.00347,0.98665,0.00024
138.03999,1.02194,0.01003,0.00342,0.98630,0.00024
138.17999,1.02194,0.01000,0.00370,0.98604,0.00025
138.32001,1.02193,0.01050,0.00372,0.98554,0.00024
138.46001,1.02193,0.01013,0.00364,0.98598,0.00025
138.60001,1.02193,0.01054,0.00354,0.98568,0.00024
138.74001,1.02193,0.01020,0.00358,0.98598,0.00024
138.88000,1.02193,0.01045,0.00354,0.98576,0.00024
139.02000,1.02193,0.01030,0.00362,0.98583,0.00025
139.16000,1.02193,0.01008,0.00365,0.98603,0.00024
139.30000,1.02193,0.01043,0.00359,0.98573,0.00025
139.44000,1.02194,0.01056,0.00367,0.98552,0.00025
139.58000,1.02194,0.01017,0.00361,0.98598,0.00025
139.72000,1.02194,0.01022,0.00352,0.98602,0.00024
139.86000,1.02194,0.00988,0.00348,0.98641,0.00023
140.00000,1.02194,0.01032,0.00348,0.98596,0.00024
140.14000,1.02194,0.01000,0.00352,0.98625,0.00023
140.28000,1.02194,0.00990,0.00349,0.98638,0.00022
140.42000,1.02194,0.00972,0.00354,0.98652,0.00022
140.56000,1.02194,0.00990,0.00340,0.98649,0.00022
140.70000,1.02194,0.01022,0.00352,0.98604,0.00023
140.84000,1.02194,0.01016,0.00354,0.98606,0.00024
140.98000,1.02194,0.01041,0.00353,0.98581,0.00025
141.12000,1.02194,0.00960,0.00345,0.98672,0.00023
141.25999,1.02194,0.00964,0.00340,0.98674,0.00022
141.39999,1.02194,0.00977,0.00325,0.98676,0.00022
141.53999,1.02194,0.00986,0.00346,0.98645,0.00023
141.67999,1.02194,0.01007,0.00343,0.98626,0.00024
141.82001,1.02193,0.01019,0.00323,0.98634,0.00024
141.96001,1.02193,0.00959,0.00338,0.98679,0.00024
142.10001,1.02193,0.01003,0.00344,0.98629,0.00024
142.24001,1.02193,0.00998,0.00339,0.98640,0.00023
142.38000,1.02193,0.00972,0.00342,0.98664,0.00023
142.52000,1.02193,0.00976,0.00342,0.98660,0.00023
142.66000,1.02193,0.00983,0.00347,0.98647,0.00023
142.80000,1.02193,0.00968,0.00347,0.98662,0.00023
142.94000,1.02194,0.00990,0.00342,0.98645,0.00022
143.08000,1.02194,0.01006,0.00345,0.98624,0.00024
143.22000,1.02194,0.00985,0.00349,0.98642,0.00024
143.36000,1.02194,0.00997,0.00353,0.98626,0.00023
143.50000,1.02194,0.00967,0.00350,0.98660,0.00023
143.64000,1.02194,0.00990,0.00343,0.98643,0.00024
143.78000,1.02194,0.00954,0.00337,0.98686,0.00022
143.92000,1.02194,0.00957,0.00341,0.98680,0.00022
144.06000,1.02194,0.00919,0.00327,0.98732,0.00021
144.20000,1.02194,0.00896,0.00313,0.98771,0.00020
144.34000,1.02194,0.00911,0.00312,0.98756,0.00020
144.48000,1.02194,0.00939,0.00315,0.98725,0.00022
144.62000,1.02194,0.00894,0.00318,0.98767,0.00021
144.75999,1.02194,0.00927,0.00323,0.98728,0.00022
144.89999,1.02194,0.00910,0.00325,0.98744,0.00021
145.03999,1.02194,0.00890,0.00328,0.98760,0.00021
145.17999,1.02194,0.00888,0.00319,0.98773,0.00020
145.32001,1.02193,0.00902,0.00321,0.98756,0.00021
145.46001,1.02193,0.00899,0.00329,0.98751,0.00021
145.60001,1.02193,0.00975,0.00320,0.98683,0.00022
145.74001,1.02193,0.00954,0.00336,0.98688,0.00022
145.88000,1.02193,0.01097,0.00378,0.98498,0.00027
146.02000,1.02193,0.02294,0.00503,0.97131,0.00072
146.16000,1.02193,0.07595,0.00760,0.91342,0.00303
146.30000,1.02193,0.16461,0.01361,0.81190,0.00988
146.44000,1.02194,0.35855,0.02139,0.60554,0.01453
146.58000,1.02194,0.72385,0.02825,0.23350,0.01440
146.72000,1.02194,0.92549,0.02273,0.04495,0.00683
146.86000,1.02194,0.97454,0.01226,0.01045,0.00275
147.00000,1.02194,0.99343,0.00330,0.00231,0.00097
147.14000,1.02194,0.99575,0.00273,0.00115,0.00037
147.28000,1.02194,0.99285,0.00491,0.00198,0.00025
147.42000,1.02194,0.99387,0.00439,0.00154,0.00020
147.56000,1.02194,0.99453,0.00397,0.00128,0.00023
147.70000,1.02194,0.99266,0.00561,0.00154,0.00019
147.84000,1.02194,0.99332,0.00516,0.00132,0.00020
147.98000,1.02194,0.99368,0.00486,0.00125,0.00021
148.12000,1.02194,0.99321,0.00525,0.00132,0.00022
148.25999,1.02194,0.99400,0.00460,0.00115,0.00025
148.39999,1.02194,0.99313,0.00539,0.00125,0.00022
148.53999,1.02194,0.99362,0.00493,0.00122,0.00024
148.67999,1.02194,0.99337,0.00520,0.00121,0.00022
148.82001,1.02193,0.99365,0.00485,0.00125,0.00025
148.96001,1.02193,0.99403,0.00448,0.00124,0.00025
149.10001,1.02193,0.99396,0.00457,0.00122,0.00024
149.24001,1.02193,0.99344,0.00504,0.00130,0.00021
149.38000,1.02193,0.99356,0.00491,0.00129,0.00024
149.52000,1.02193,0.99383,0.00467,0.00126,0.00024
149.66000,1.02193,0.99317,0.00528,0.00133,0.00022
149.80000,1.02193,0.99343,0.00509,0.00125,0.00023
149.94000,1.02194,0.99397,0.00462,0.00119,0.00022
150.08000,1.02194,0.99442,0.00415,0.00119,0.00025
150.22000,1.02194,0.99442,0.00419,0.00117,0.00023
150.36000,1.02194,0.99415,0.00442,0.00120,0.00023
150.50000,1.02194,0.99409,0.00452,0.00117,0.00022
150.64000,1.02194,0.99369,0.00487,0.00122,0.00022
150.78000,1.02194,0.99305,0.00536,0.00134,0.00024
150.92000,1.02194,0.99428,0.00440,0.00107,0.00026
151.06000,1.02194,0.99343,0.00518,0.00116,0.00023
151.20000,1.02194,0.99270,0.00585,0.00123,0.00023
151.34000,1.02194,0.99353,0.00506,0.00116,0.00026
151.48000,1.02194,0.99304,0.00552,0.00119,0.00024
151.62000,1.02194,0.99311,0.00544,0.00121,0.00024
151.75999,1.02194,0.99386,0.00467,0.00120,0.00028
151.89999,1.02194,0.99345,0.00505,0.00126,0.00024
152.03999,1.02194,0.99323,0.00527,0.00126,0.00024
152.17999,1.02194,0.99402,0.00453,0.00119,0.00026
152.32001,1.02193,0.99372,0.00483,0.00122,0.00023
152.46001,1.02193,0.99358,0.00495,0.00125,0.00023
152.60001,1.02193,0.99328,0.00521,0.00129,0.00022
152.74001,1.02193,0.99458,0.00408,0.00108,0.00026
152.88000,1.02193,0.99418,0.00445,0.00113,0.00023
153.02000,1.02193,0.99477,0.00393,0.00106,0.00024
153.16000,1.02193,0.99396,0.00465,0.00116,0.00022
153.30000,1.02193,0.99437,0.00428,0.00111,0.00024
153.44000,1.02194,0.99435,0.00428,0.00114,0.00023
153.58000,1.02194,0.99486,0.00384,0.00106,0.00024
153.72000,1.02194,0.99454,0.00412,0.00111,0.00022
153.86000,1.02194,0.99496,0.00367,0.00113,0.00025
154.00000,1.02194,0.99402,0.00425,0.00135,0.00038
154.14000,1.02194,0.99261,0.00569,0.00131,0.00039
154.28000,1.02194,0.99317,0.00518,0.00126,0.00038
154.42000,1.02194,0.99231,0.00575,0.00149,0.00046
154.56000,1.02194,0.98913,0.00745,0.00234,0.00108
154.70000,1.02194,0.98602,0.01041,0.00237,0.00120
154.84000,1.02194,0.99043,0.00662,0.00191,0.00104
154.98000,1.02194,0.98793,0.00920,0.00216,0.00070
155.12000,1.02194,0.99105,0.00636,0.00186,0.00073
155.25999,1.02194,0.99256,0.00485,0.00180,0.00079
