Time (seconds), Duration (seconds),pred_(unlabeled),pred_brushing_teeth,pred_hair_drying,pred_showering,pred_air,pred_plastic,pred_plastic_out,pred_wood,pred_wood_out
0.00000,1.02194,0.97718,0.00353,0.00168,0.01740,0.00005,0.00000,0.00001,0.00000,0.00014
0.14000,1.02194,0.85622,0.00960,0.01034,0.12354,0.00010,0.00000,0.00002,0.00001,0.00017
0.28000,1.02194,0.74521,0.00890,0.01607,0.22947,0.00013,0.00000,0.00002,0.00001,0.00019
0.42000,1.02194,0.76719,0.00708,0.01318,0.21219,0.00013,0.00000,0.00002,0.00001,0.00020
0.56000,1.02194,0.74351,0.00689,0.01465,0.23461,0.00013,0.00000,0.00002,0.00001,0.00018
0.70000,1.02194,0.73273,0.00557,0.01249,0.24886,0.00014,0.00000,0.00002,0.00001,0.00018
0.84000,1.02194,0.81557,0.00484,0.00930,0.16998,0.00011,0.00000,0.00002,0.00001,0.00017
0.98000,1.02194,0.75977,0.00421,0.01070,0.22502,0.00012,0.00000,0.00002,0.00001,0.00015
1.12000,1.02194,0.77819,0.00482,0.01145,0.20527,0.00011,0.00000,0.00002,0.00001,0.00013
1.26000,1.02194,0.76408,0.00533,0.01175,0.21856,0.00012,0.00000,0.00002,0.00001,0.00014
1.40000,1.02194,0.76581,0.00443,0.00967,0.21979,0.00011,0.00000,0.00002,0.00001,0.00016
1.54000,1.02194,0.74769,0.00450,0.01172,0.23575,0.00014,0.00000,0.00002,0.00001,0.00016
1.68000,1.02194,0.79432,0.00532,0.01016,0.18990,0.00011,0.00000,0.00002,0.00001,0.00016
1.82000,1.02194,0.75783,0.00492,0.01181,0.22511,0.00014,0.00000,0.00002,0.00001,0.00016
1.96000,1.02194,0.80177,0.00471,0.01027,0.18294,0.00012,0.00000,0.00002,0.00001,0.00016
2.10000,1.02194,0.76783,0.00488,0.01219,0.21480,0.00013,0.00000,0.00002,0.00001,0.00015
2.24000,1.02194,0.76913,0.00479,0.01209,0.21366,0.00013,0.00000,0.00002,0.00001,0.00016
2.38000,1.02194,0.74580,0.00731,0.01471,0.23185,0.00013,0.00000,0.00002,0.00001,0.00016
2.52000,1.02194,0.78995,0.00573,0.01102,0.19298,0.00012,0.00000,0.00002,0.00001,0.00017
2.66000,1.02194,0.76931,0.00647,0.01252,0.21137,0.00013,0.00000,0.00002,0.00001,0.00017
2.80000,1.02194,0.79703,0.00549,0.01073,0.18643,0.00012,0.00000,0.00002,0.00001,0.00017
2.94000,1.02194,0.76884,0.00512,0.01121,0.21449,0.00013,0.00000,0.00002,0.00001,0.00017
3.08000,1.02194,0.78802,0.00505,0.01111,0.19551,0.00012,0.00000,0.00002,0.00001,0.00016
3.22000,1.02194,0.82676,0.00432,0.00931,0.15929,0.00012,0.00000,0.00002,0.00001,0.00016
3.36000,1.02194,0.79510,0.00427,0.01046,0.18986,0.00012,0.00000,0.00002,0.00001,0.00016
3.50000,1.02194,0.81245,0.00371,0.00974,0.17379,0.00013,0.00000,0.00002,0.00001,0.00015
3.64000,1.02194,0.80429,0.00455,0.01053,0.18032,0.00013,0.00000,0.00002,0.00001,0.00015
3.78000,1.02194,0.76319,0.00460,0.01193,0.21996,0.00014,0.00000,0.00002,0.00001,0.00016
3.92000,1.02194,0.80939,0.00499,0.01001,0.17528,0.00013,0.00000,0.00002,0.00001,0.00017
4.06000,1.02194,0.80556,0.02662,0.02329,0.14417,0.00019,0.00001,0.00001,0.00003,0.00012
4.20000,1.02194,0.65350,0.13263,0.03266,0.18082,0.00017,0.00003,0.00001,0.00007,0.00010
4.34000,1.02194,0.45953,0.23580,0.21048,0.09366,0.00015,0.00012,0.00000,0.00019,0.00007
4.48000,1.02194,0.47020,0.16544,0.26294,0.10118,0.00005,0.00004,0.00001,0.00007,0.00007
4.62000,1.02194,0.32964,0.19299,0.42241,0.05475,0.00003,0.00005,0.00001,0.00006,0.00007
4.76000,1.02194,0.15852,0.17515,0.65111,0.01508,0.00001,0.00004,0.00000,0.00005,0.00004
4.90000,1.02194,0.06852,0.09427,0.83209,0.00505,0.00000,0.00002,0.00000,0.00002,0.00002
5.04000,1.02194,0.01385,0.00345,0.97943,0.00326,0.00000,0.00000,0.00000,0.00000,0.00000
5.18000,1.02194,0.00452,0.00106,0.99345,0.00096,0.00000,0.00001,0.00000,0.00000,0.00000
5.32000,1.02194,0.00232,0.00086,0.99645,0.00035,0.00000,0.00001,0.00000,0.00001,0.00000
5.46000,1.02194,0.00282,0.00096,0.99587,0.00033,0.00000,0.00001,0.00000,0.00000,0.00000
5.60000,1.02194,0.00369,0.00116,0.99474,0.00039,0.00000,0.00001,0.00000,0.00000,0.00000
5.74000,1.02194,0.00406,0.00146,0.99400,0.00047,0.00000,0.00001,0.00000,0.00001,0.00000
5.88000,1.02194,0.00348,0.00126,0.99484,0.00040,0.00000,0.00001,0.00000,0.00001,0.00000
6.02000,1.02194,0.00306,0.00127,0.99531,0.00034,0.00000,0.00001,0.00000,0.00001,0.00000
6.16000,1.02194,0.00328,0.00151,0.99484,0.00035,0.00000,0.00001,0.00000,0.00001,0.00000
6.30000,1.02194,0.00226,0.00125,0.99623,0.00024,0.00000,0.00001,0.00000,0.00001,0.00000
6.44000,1.02194,0.00204,0.00102,0.99673,0.00019,0.00000,0.00001,0.00000,0.00001,0.00000
6.58000,1.02194,0.00203,0.00081,0.99699,0.00016,0.00000,0.00001,0.00000,0.00000,0.00000
6.72000,1.02194,0.00159,0.00066,0.99763,0.00011,0.00000,0.00001,0.00000,0.00000,0.00000
6.86000,1.02194,0.00126,0.00051,0.99815,0.00007,0.00000,0.00000,0.00000,0.00000,0.00000
7.00000,1.02194,0.00116,0.00047,0.99831,0.00006,0.00000,0.00000,0.00000,0.00000,0.00000
7.14000,1.02194,0.00136,0.00046,0.99811,0.00006,0.00000,0.00000,0.00000,0.00000,0.00000
7.28000,1.02194,0.00109,0.00041,0.99844,0.00005,0.00000,0.00000,0.00000,0.00000,0.00000
7.42000,1.02194,0.00166,0.00050,0.99777,0.00007,0.00000,0.00000,0.00000,0.00000,0.00000
7.56000,1.02194,0.00187,0.00052,0.99750,0.00009,0.00000,0.00000,0.00000,0.00000,0.00000
7.70000,1.02194,0.00230,0.00068,0.99687,0.00014,0.00000,0.00001,0.00000,0.00000,0.00000
7.84000,1.02194,0.00190,0.00075,0.99721,0.00013,0.00000,0.00001,0.00000,0.00000,0.00000
7.98000,1.02194,0.00218,0.00083,0.99681,0.00017,0.00000,0.00001,0.00000,0.00000,0.00000
8.12000,1.02194,0.00280,0.00091,0.99605,0.00022,0.00000,0.00001,0.00000,0.00000,0.00000
8.26000,1.02194,0.00261,0.00099,0.99616,0.00023,0.00000,0.00001,0.00000,0.00001,0.00000
8.40000,1.02194,0.00214,0.00088,0.99678,0.00019,0.00000,0.00001,0.00000,0.00001,0.00000
8.54000,1.02194,0.00196,0.00084,0.99702,0.00017,0.00000,0.00001,0.00000,0.00001,0.00000
8.68000,1.02194,0.00222,0.00087,0.99672,0.00017,0.00000,0.00001,0.00000,0.00001,0.00000
8.82000,1.02194,0.00287,0.00097,0.99590,0.00024,0.00000,0.00001,0.00000,0.00001,0.00000
8.96000,1.02194,0.00294,0.00097,0.99581,0.00026,0.00000,0.00001,0.00000,0.00001,0.00000
9.10000,1.02194,0.00285,0.00100,0.99589,0.00025,0.00000,0.00001,0.00000,0.00001,0.00000
9.24000,1.02194,0.00274,0.00103,0.99596,0.00024,0.00000,0.00001,0.00000,0.00001,0.00000
9.38000,1.02194,0.00341,0.00128,0.99497,0.00032,0.00000,0.00001,0.00000,0.00001,0.00000
9.52000,1.02194,0.00659,0.00181,0.99081,0.00077,0.00000,0.00001,0.00000,0.00001,0.00000
9.66000,1.02194,0.00352,0.00145,0.99455,0.00046,0.00000,0.00001,0.00000,0.00001,0.00000
9.80000,1.02194,0.00429,0.00139,0.99370,0.00060,0.00000,0.00001,0.00000,0.00001,0.00000
9.94000,1.02194,0.00452,0.00148,0.99332,0.00066,0.00000,0.00001,0.00000,0.00001,0.00000
10.08000,1.02194,0.00564,0.00175,0.99161,0.00098,0.00000,0.00001,0.00000,0.00001,0.00000
10.22000,1.02194,0.00432,0.00182,0.99297,0.00087,0.00000,0.00002,0.00000,0.00001,0.00000
10.36000,1.02194,0.00440,0.00153,0.99321,0.00085,0.00000,0.00001,0.00000,0.00001,0.00000
10.50000,1.02194,0.00386,0.00142,0.99398,0.00072,0.00000,0.00001,0.00000,0.00001,0.00000
10.64000,1.02194,0.00401,0.00140,0.99382,0.00074,0.00000,0.00002,0.00000,0.00001,0.00000
10.78000,1.02194,0.00613,0.00166,0.99106,0.00112,0.00000,0.00002,0.00000,0.00001,0.00000
10.92000,1.02194,0.00530,0.00169,0.99209,0.00089,0.00000,0.00002,0.00000,0.00001,0.00000
11.06000,1.02194,0.00717,0.00233,0.98920,0.00127,0.00000,0.00002,0.00000,0.00001,0.00000
11.20000,1.02194,0.00434,0.00161,0.99331,0.00071,0.00000,0.00002,0.00000,0.00001,0.00000
11.34000,1.02194,0.00408,0.00156,0.99371,0.00062,0.00000,0.00002,0.00000,0.00001,0.00000
11.48000,1.02194,0.00546,0.00199,0.99164,0.00088,0.00000,0.00002,0.00000,0.00001,0.00000
11.62000,1.02194,0.00597,0.00195,0.99106,0.00100,0.00000,0.00002,0.00000,0.00001,0.00000
11.76000,1.02194,0.00482,0.00179,0.99253,0.00083,0.00000,0.00002,0.00000,0.00001,0.00000
11.90000,1.02194,0.00426,0.00171,0.99319,0.00080,0.00000,0.00002,0.00000,0.00001,0.00000
12.04000,1.02194,0.00300,0.00141,0.99510,0.00047,0.00000,0.00001,0.00000,0.00001,0.00000
12.18000,1.02194,0.00515,0.00171,0.99224,0.00088,0.00000,0.00001,0.00000,0.00001,0.00000
12.32000,1.02194,0.00359,0.00163,0.99415,0.00062,0.00000,0.00001,0.00000,0.00001,0.00000
12.46000,1.02194,0.00391,0.00143,0.99405,0.00060,0.00000,0.00001,0.00000,0.00001,0.00000
12.60000,1.02194,0.00264,0.00121,0.99578,0.00034,0.00000,0.00001,0.00000,0.00001,0.00000
12.74000,1.02194,0.00180,0.00092,0.99709,0.00018,0.00000,0.00001,0.00000,0.00000,0.00000
12.88000,1.02194,0.00160,0.00075,0.99751,0.00013,0.00000,0.00001,0.00000,0.00000,0.00000
13.02000,1.02194,0.00145,0.00066,0.99778,0.00010,0.00000,0.00001,0.00000,0.00000,0.00000
13.16000,1.02194,0.00167,0.00054,0.99769,0.00009,0.00000,0.00000,0.00000,0.00000,0.00000
13.30000,1.02194,0.00237,0.00062,0.99687,0.00014,0.00000,0.00000,0.00000,0.00000,0.00000
13.44000,1.02194,0.00145,0.00054,0.99793,0.00008,0.00000,0.00001,0.00000,0.00000,0.00000
13.58000,1.02194,0.00124,0.00052,0.99817,0.00007,0.00000,0.00001,0.00000,0.00000,0.00000
13.72000,1.02194,0.00175,0.00063,0.99749,0.00011,0.00000,0.00001,0.00000,0.00000,0.00000
13.86000,1.02194,0.00182,0.00077,0.99726,0.00013,0.00000,0.00001,0.00000,0.00000,0.00000
14.00000,1.02194,0.00221,0.00081,0.99679,0.00017,0.00000,0.00001,0.00000,0.00000,0.00000
14.14000,1.02194,0.00164,0.00068,0.99755,0.00012,0.00000,0.00001,0.00000,0.00000,0.00000
14.28000,1.02194,0.00143,0.00058,0.99790,0.00009,0.00000,0.00001,0.00000,0.00000,0.00000
14.42000,1.02194,0.00175,0.00059,0.99755,0.00011,0.00000,0.00001,0.00000,0.00000,0.00000
14.56000,1.02194,0.00223,0.00068,0.99693,0.00015,0.00000,0.00001,0.00000,0.00000,0.00000
14.70000,1.02194,0.00241,0.00077,0.99663,0.00018,0.00000,0.00001,0.00000,0.00000,0.00000
14.84000,1.02194,0.00207,0.00071,0.99706,0.00015,0.00000,0.00001,0.00000,0.00000,0.00000
14.98000,1.02194,0.00250,0.00083,0.99645,0.00020,0.00000,0.00001,0.00000,0.00000,0.00000
15.12000,1.02194,0.00328,0.00106,0.99534,0.00031,0.00000,0.00001,0.00000,0.00001,0.00000
15.26000,1.02194,0.00396,0.00127,0.99429,0.00044,0.00000,0.00002,0.00000,0.00001,0.00000
15.40000,1.02194,0.00418,0.00138,0.99390,0.00052,0.00000,0.00001,0.00000,0.00001,0.00000
15.54000,1.02194,0.00323,0.00117,0.99520,0.00038,0.00000,0.00002,0.00000,0.00001,0.00000
15.68000,1.02194,0.00252,0.00098,0.99622,0.00025,0.00000,0.00001,0.00000,0.00001,0.00000
15.82000,1.02194,0.00266,0.00093,0.99613,0.00027,0.00000,0.00001,0.00000,0.00001,0.00000
15.96000,1.02194,0.00325,0.00097,0.99543,0.00033,0.00000,0.00001,0.00000,0.00001,0.00000
16.10000,1.02194,0.00313,0.00093,0.99562,0.00031,0.00000,0.00001,0.00000,0.00001,0.00000
16.24000,1.02194,0.00191,0.00072,0.99719,0.00017,0.00000,0.00001,0.00000,0.00000,0.00000
16.38000,1.02194,0.00273,0.00094,0.99609,0.00023,0.00000,0.00001,0.00000,0.00000,0.00000
16.52000,1.02194,0.00269,0.00109,0.99596,0.00025,0.00000,0.00001,0.00000,0.00001,0.00000
16.66000,1.02194,0.00275,0.00111,0.99583,0.00029,0.00000,0.00001,0.00000,0.00001,0.00000
16.80000,1.02194,0.00217,0.00097,0.99664,0.00020,0.00000,0.00001,0.00000,0.00001,0.00000
16.94000,1.02194,0.00241,0.00093,0.99644,0.00021,0.00000,0.00001,0.00000,0.00000,0.00000
17.08000,1.02194,0.00178,0.00084,0.99723,0.00014,0.00000,0.00001,0.00000,0.00000,0.00000
17.22000,1.02194,0.00149,0.00069,0.99770,0.00011,0.00000,0.00001,0.00000,0.00000,0.00000
17.36000,1.02194,0.00198,0.00080,0.99707,0.00015,0.00000,0.00001,0.00000,0.00000,0.00000
17.50000,1.02194,0.00121,0.00054,0.99817,0.00006,0.00000,0.00000,0.00000,0.00000,0.00000
17.64000,1.02194,0.00121,0.00052,0.99820,0.00007,0.00000,0.00000,0.00000,0.00000,0.00000
17.78000,1.02194,0.00215,0.00061,0.99711,0.00012,0.00000,0.00000,0.00000,0.00000,0.00000
17.92000,1.02194,0.00137,0.00059,0.99795,0.00008,0.00000,0.00001,0.00000,0.00000,0.00000
18.06000,1.02194,0.00127,0.00053,0.99812,0.00007,0.00000,0.00001,0.00000,0.00000,0.00000
18.20000,1.02194,0.00137,0.00056,0.99799,0.00008,0.00000,0.00000,0.00000,0.00000,0.00000
18.34000,1.02194,0.00229,0.00068,0.99690,0.00012,0.00000,0.00000,0.00000,0.00000,0.00000
18.48000,1.02194,0.00223,0.00079,0.99683,0.00014,0.00000,0.00001,0.00000,0.00000,0.00000
18.62000,1.02194,0.00219,0.00078,0.99688,0.00014,0.00000,0.00001,0.00000,0.00000,0.00000
18.76000,1.02194,0.00202,0.00081,0.99703,0.00013,0.00000,0.00001,0.00000,0.00000,0.00000
18.90000,1.02194,0.00178,0.00084,0.99724,0.00013,0.00000,0.00001,0.00000,0.00000,0.00000
19.04000,1.02194,0.00168,0.00085,0.99733,0.00012,0.00000,0.00001,0.00000,0.00000,0.00000
19.18000,1.02194,0.00189,0.00081,0.99715,0.00014,0.00000,0.00001,0.00000,0.00000,0.00000
19.32000,1.02194,0.00145,0.00062,0.99783,0.00009,0.00000,0.00001,0.00000,0.00000,0.00000
19.46000,1.02194,0.00179,0.00066,0.99744,0.00010,0.00000,0.00001,0.00000,0.00000,0.00000
19.60000,1.02194,0.00275,0.00078,0.99630,0.00016,0.00000,0.00001,0.00000,0.00000,0.00000
19.74000,1.02194,0.00312,0.00132,0.99533,0.00022,0.00000,0.00001,0.00000,0.00000,0.00000
19.88000,1.02194,0.00242,0.00098,0.99638,0.00020,0.00000,0.00001,0.00000,0.00000,0.00000
20.02000,1.02194,0.00238,0.00102,0.99637,0.00022,0.00000,0.00001,0.00000,0.00000,0.00000
20.16000,1.02194,0.00364,0.00137,0.99458,0.00040,0.00000,0.00001,0.00000,0.00001,0.00000
20.30000,1.02194,0.00262,0.00165,0.99542,0.00030,0.00000,0.00001,0.00000,0.00001,0.00000
20.44000,1.02194,0.00213,0.00105,0.99657,0.00023,0.00000,0.00001,0.00000,0.00000,0.00000
20.58000,1.02194,0.00198,0.00098,0.99685,0.00018,0.00000,0.00001,0.00000,0.00000,0.00000
20.72000,1.02194,0.00149,0.00073,0.99767,0.00011,0.00000,0.00001,0.00000,0.00000,0.00000
20.86000,1.02194,0.00185,0.00071,0.99733,0.00010,0.00000,0.00000,0.00000,0.00000,0.00000
21.00000,1.02194,0.00125,0.00045,0.99824,0.00006,0.00000,0.00000,0.00000,0.00000,0.00000
21.14000,1.02194,0.00111,0.00043,0.99841,0.00005,0.00000,0.00000,0.00000,0.00000,0.00000
21.28000,1.02194,0.00112,0.00045,0.99838,0.00005,0.00000,0.00000,0.00000,0.00000,0.00000
21.42000,1.02194,0.00125,0.00041,0.99828,0.00005,0.00000,0.00000,0.00000,0.00000,0.00000
21.56000,1.02194,0.00150,0.00045,0.99797,0.00007,0.00000,0.00000,0.00000,0.00000,0.00000
21.70000,1.02194,0.00124,0.00045,0.99824,0.00006,0.00000,0.00000,0.00000,0.00000,0.00000
21.84000,1.02194,0.00143,0.00046,0.99803,0.00007,0.00000,0.00000,0.00000,0.00000,0.00000
21.98000,1.02194,0.00147,0.00047,0.99799,0.00007,0.00000,0.00000,0.00000,0.00000,0.00000
22.12000,1.02194,0.00151,0.00049,0.99792,0.00007,0.00000,0.00000,0.00000,0.00000,0.00000
22.26000,1.02194,0.00154,0.00050,0.99788,0.00008,0.00000,0.00000,0.00000,0.00000,0.00000
22.40000,1.02194,0.00172,0.00055,0.99763,0.00010,0.00000,0.00000,0.00000,0.00000,0.00000
22.54000,1.02194,0.00129,0.00047,0.99817,0.00007,0.00000,0.00000,0.00000,0.00000,0.00000
22.68000,1.02194,0.00250,0.00071,0.99663,0.00016,0.00000,0.00000,0.00000,0.00000,0.00000
22.82000,1.02194,0.00195,0.00078,0.99712,0.00014,0.00000,0.00001,0.00000,0.00000,0.00000
22.96000,1.02194,0.00178,0.00077,0.99730,0.00013,0.00000,0.00001,0.00000,0.00000,0.00000
23.10000,1.02194,0.00149,0.00069,0.99771,0.00010,0.00000,0.00001,0.00000,0.00000,0.00000
23.24000,1.02194,0.00145,0.00064,0.99780,0.00010,0.00000,0.00001,0.00000,0.00000,0.00000
23.38000,1.02194,0.00134,0.00058,0.99800,0.00008,0.00000,0.00001,0.00000,0.00000,0.00000
23.52000,1.02194,0.00119,0.00046,0.99829,0.00006,0.00000,0.00000,0.00000,0.00000,0.00000
23.66000,1.02194,0.00120,0.00047,0.99826,0.00006,0.00000,0.00000,0.00000,0.00000,0.00000
23.80000,1.02194,0.00136,0.00042,0.99816,0.00006,0.00000,0.00000,0.00000,0.00000,0.00000
23.94000,1.02194,0.00127,0.00038,0.99829,0.00005,0.00000,0.00000,0.00000,0.00000,0.00000
24.08000,1.02194,0.00131,0.00043,0.99820,0.00006,0.00000,0.00000,0.00000,0.00000,0.00000
24.22000,1.02194,0.00160,0.00049,0.99781,0.00009,0.00000,0.00001,0.00000,0.00000,0.00000
24.36000,1.02194,0.00156,0.00056,0.99778,0.00010,0.00000,0.00001,0.00000,0.00000,0.00000
24.50000,1.02194,0.00220,0.00077,0.99685,0.00017,0.00000,0.00001,0.00000,0.00000,0.00000
24.64000,1.02194,0.00160,0.00065,0.99762,0.00012,0.00000,0.00001,0.00000,0.00000,0.00000
24.78000,1.02194,0.00137,0.00055,0.99798,0.00009,0.00000,0.00001,0.00000,0.00000,0.00000
24.92000,1.02194,0.00158,0.00053,0.99778,0.00009,0.00000,0.00000,0.00000,0.00000,0.00000
25.06000,1.02194,0.00162,0.00052,0.99777,0.00009,0.00000,0.00000,0.00000,0.00000,0.00000
25.20000,1.02194,0.00138,0.00051,0.99804,0.00007,0.00000,0.00000,0.00000,0.00000,0.00000
25.34000,1.02194,0.00176,0.00055,0.99760,0.00009,0.00000,0.00000,0.00000,0.00000,0.00000
25.48000,1.02194,0.00203,0.00058,0.99727,0.00011,0.00000,0.00000,0.00000,0.00000,0.00000
25.62000,1.02194,0.00376,0.00090,0.99508,0.00026,0.00000,0.00001,0.00000,0.00000,0.00000
25.76000,1.02194,0.00218,0.00092,0.99671,0.00018,0.00000,0.00001,0.00000,0.00000,0.00000
25.90000,1.02194,0.00222,0.00090,0.99668,0.00019,0.00000,0.00001,0.00000,0.00000,0.00000
26.04000,1.02194,0.00250,0.00103,0.99622,0.00023,0.00000,0.00001,0.00000,0.00000,0.00000
26.18000,1.02194,0.00234,0.00096,0.99647,0.00021,0.00000,0.00001,0.00000,0.00000,0.00000
26.32000,1.02194,0.00183,0.00077,0.99722,0.00016,0.00000,0.00001,0.00000,0.00000,0.00000
26.46000,1.02194,0.00227,0.00075,0.99679,0.00018,0.00000,0.00001,0.00000,0.00000,0.00000
26.60000,1.02194,0.00132,0.00058,0.99801,0.00008,0.00000,0.00001,0.00000,0.00000,0.00000
26.74000,1.02194,0.00163,0.00057,0.99769,0.00010,0.00000,0.00001,0.00000,0.00000,0.00000
26.88000,1.02194,0.00130,0.00052,0.99810,0.00008,0.00000,0.00001,0.00000,0.00000,0.00000
27.02000,1.02194,0.00157,0.00057,0.99777,0.00009,0.00000,0.00001,0.00000,0.00000,0.00000
27.16000,1.02194,0.00169,0.00061,0.99759,0.00010,0.00000,0.00001,0.00000,0.00000,0.00000
27.30000,1.02194,0.00298,0.00088,0.99593,0.00020,0.00000,0.00001,0.00000,0.00000,0.00000
27.44000,1.02194,0.00258,0.00089,0.99633,0.00019,0.00000,0.00001,0.00000,0.00001,0.00000
27.58000,1.02194,0.00220,0.00089,0.99673,0.00017,0.00000,0.00001,0.00000,0.00001,0.00000
27.72000,1.02194,0.00315,0.00115,0.99541,0.00027,0.00000,0.00001,0.00000,0.00001,0.00000
27.86000,1.02194,0.00319,0.00127,0.99520,0.00032,0.00000,0.00001,0.00000,0.00001,0.00000
28.00000,1.02194,0.00491,0.00173,0.99276,0.00058,0.00000,0.00001,0.00000,0.00001,0.00000
28.14000,1.02194,0.00307,0.00126,0.99528,0.00035,0.00000,0.00002,0.00000,0.00001,0.00000
28.28000,1.02194,0.00203,0.00090,0.99687,0.00019,0.00000,0.00001,0.00000,0.00001,0.00000
28.42000,1.02194,0.00179,0.00077,0.99727,0.00015,0.00000,0.00001,0.00000,0.00000,0.00000
28.56000,1.02194,0.00162,0.00066,0.99759,0.00012,0.00000,0.00001,0.00000,0.00000,0.00000
28.70000,1.02194,0.00144,0.00052,0.99795,0.00009,0.00000,0.00000,0.00000,0.00000,0.00000
28.84000,1.02194,0.00124,0.00038,0.99832,0.00006,0.00000,0.00000,0.00000,0.00000,0.00000
28.98000,1.02194,0.00114,0.00036,0.99845,0.00005,0.00000,0.00000,0.00000,0.00000,0.00000
29.12000,1.02194,0.00130,0.00036,0.99828,0.00006,0.00000,0.00000,0.00000,0.00000,0.00000
29.26000,1.02194,0.00189,0.00048,0.99753,0.00010,0.00000,0.00000,0.00000,0.00000,0.00000
29.40000,1.02194,0.00109,0.00045,0.99839,0.00006,0.00000,0.00000,0.00000,0.00000,0.00000
29.54000,1.02194,0.00117,0.00041,0.99835,0.00006,0.00000,0.00000,0.00000,0.00000,0.00000
29.68000,1.02194,0.00139,0.00050,0.99803,0.00007,0.00000,0.00000,0.00000,0.00000,0.00000
29.82000,1.02194,0.00161,0.00051,0.99778,0.00009,0.00000,0.00000,0.00000,0.00000,0.00000
29.96000,1.02194,0.00203,0.00054,0.99731,0.00012,0.00000,0.00000,0.00000,0.00000,0.00000
30.10000,1.02194,0.00210,0.00053,0.99724,0.00012,0.00000,0.00000,0.00000,0.00000,0.00000
30.24000,1.02194,0.00119,0.00048,0.99826,0.00007,0.00000,0.00000,0.00000,0.00000,0.00000
30.38000,1.02194,0.00206,0.00070,0.99708,0.00015,0.00000,0.00000,0.00000,0.00000,0.00000
30.52000,1.02194,0.00222,0.00078,0.99680,0.00019,0.00000,0.00001,0.00000,0.00000,0.00000
30.66000,1.02194,0.00229,0.00087,0.99662,0.00021,0.00000,0.00001,0.00000,0.00000,0.00000
30.80000,1.02194,0.00263,0.00099,0.99610,0.00027,0.00000,0.00001,0.00000,0.00000,0.00000
30.94000,1.02194,0.00269,0.00101,0.99600,0.00029,0.00000,0.00001,0.00000,0.00000,0.00000
31.08000,1.02194,0.00325,0.00126,0.99511,0.00036,0.00000,0.00001,0.00000,0.00001,0.00000
31.22000,1.02194,0.00430,0.00144,0.99370,0.00054,0.00000,0.00001,0.00000,0.00001,0.00000
31.36000,1.02194,0.00266,0.00123,0.99576,0.00032,0.00000,0.00001,0.00000,0.00001,0.00000
31.50000,1.02194,0.00276,0.00126,0.99563,0.00033,0.00000,0.00001,0.00000,0.00001,0.00000
31.64000,1.02194,0.00244,0.00112,0.99615,0.00027,0.00000,0.00001,0.00000,0.00001,0.00000
31.78000,1.02194,0.00292,0.00111,0.99564,0.00031,0.00000,0.00001,0.00000,0.00001,0.00000
31.92000,1.02194,0.00192,0.00083,0.99706,0.00018,0.00000,0.00001,0.00000,0.00000,0.00000
32.06000,1.02193,0.00211,0.00091,0.99678,0.00019,0.00000,0.00001,0.00000,0.00000,0.00000
32.20000,1.02194,0.00213,0.00078,0.99691,0.00017,0.00000,0.00001,0.00000,0.00000,0.00000
32.34000,1.02194,0.00157,0.00065,0.99766,0.00012,0.00000,0.00001,0.00000,0.00000,0.00000
32.48000,1.02194,0.00299,0.00091,0.99586,0.00023,0.00000,0.00001,0.00000,0.00000,0.00000
32.62000,1.02194,0.00188,0.00068,0.99729,0.00014,0.00000,0.00001,0.00000,0.00000,0.00000
32.76000,1.02194,0.00129,0.00055,0.99807,0.00008,0.00000,0.00001,0.00000,0.00000,0.00000
32.90000,1.02193,0.00144,0.00054,0.99792,0.00009,0.00000,0.00001,0.00000,0.00000,0.00000
33.04000,1.02194,0.00189,0.00057,0.99743,0.00011,0.00000,0.00000,0.00000,0.00000,0.00000
33.18000,1.02194,0.00144,0.00051,0.99796,0.00008,0.00000,0.00001,0.00000,0.00000,0.00000
33.32000,1.02194,0.00166,0.00051,0.99773,0.00010,0.00000,0.00000,0.00000,0.00000,0.00000
33.46000,1.02194,0.00202,0.00059,0.99726,0.00012,0.00000,0.00001,0.00000,0.00000,0.00000
33.60000,1.02194,0.00140,0.00052,0.99798,0.00009,0.00000,0.00001,0.00000,0.00000,0.00000
33.74000,1.02193,0.00120,0.00051,0.99822,0.00007,0.00000,0.00001,0.00000,0.00000,0.00000
33.88000,1.02194,0.00125,0.00046,0.99822,0.00006,0.00000,0.00001,0.00000,0.00000,0.00000
34.02000,1.02194,0.00222,0.00061,0.99704,0.00012,0.00000,0.00000,0.00000,0.00000,0.00000
34.16000,1.02194,0.00161,0.00050,0.99780,0.00009,0.00000,0.00001,0.00000,0.00000,0.00000
34.30000,1.02194,0.00153,0.00048,0.99790,0.00008,0.00000,0.00001,0.00000,0.00000,0.00000
34.44000,1.02194,0.00137,0.00049,0.99806,0.00007,0.00000,0.00001,0.00000,0.00000,0.00000
34.58000,1.02193,0.00161,0.00056,0.99773,0.00009,0.00000,0.00001,0.00000,0.00000,0.00000
34.72000,1.02193,0.00143,0.00060,0.99787,0.00009,0.00000,0.00001,0.00000,0.00000,0.00000
34.86000,1.02194,0.00171,0.00063,0.99754,0.00012,0.00000,0.00001,0.00000,0.00000,0.00000
35.00000,1.02194,0.00159,0.00059,0.99771,0.00010,0.00000,0.00001,0.00000,0.00000,0.00000
35.14000,1.02194,0.00153,0.00055,0.99782,0.00009,0.00000,0.00001,0.00000,0.00000,0.00000
35.28000,1.02194,0.00150,0.00054,0.99786,0.00009,0.00000,0.00001,0.00000,0.00000,0.00000
35.42000,1.02194,0.00187,0.00064,0.99736,0.00013,0.00000,0.00001,0.00000,0.00000,0.00000
35.56000,1.02193,0.00286,0.00087,0.99605,0.00022,0.00000,0.00001,0.00000,0.00000,0.00000
35.70000,1.02194,0.00185,0.00073,0.99727,0.00014,0.00000,0.00001,0.00000,0.00000,0.00000
35.84000,1.02194,0.00216,0.00079,0.99687,0.00016,0.00000,0.00001,0.00000,0.00000,0.00000
35.98000,1.02194,0.00240,0.00080,0.99659,0.00019,0.00000,0.00001,0.00000,0.00000,0.00000
36.12000,1.02194,0.00211,0.00085,0.99686,0.00016,0.00000,0.00001,0.00000,0.00000,0.00000
36.26000,1.02194,0.00277,0.00091,0.99607,0.00024,0.00000,0.00001,0.00000,0.00000,0.00000
36.40000,1.02193,0.00173,0.00070,0.99743,0.00013,0.00000,0.00001,0.00000,0.00000,0.00000
36.54000,1.02194,0.00138,0.00058,0.99795,0.00008,0.00000,0.00001,0.00000,0.00000,0.00000
36.68000,1.02194,0.00126,0.00048,0.99819,0.00007,0.00000,0.00000,0.00000,0.00000,0.00000
36.82000,1.02194,0.00127,0.00041,0.99825,0.00006,0.00000,0.00000,0.00000,0.00000,0.00000
36.96000,1.02194,0.00107,0.00034,0.99853,0.00005,0.00000,0.00000,0.00000,0.00000,0.00000
37.10000,1.02194,0.00129,0.00034,0.99832,0.00005,0.00000,0.00000,0.00000,0.00000,0.00000
37.24000,1.02193,0.00110,0.00035,0.99850,0.00004,0.00000,0.00000,0.00000,0.00000,0.00000
37.38000,1.02194,0.00122,0.00038,0.99834,0.00005,0.00000,0.00000,0.00000,0.00000,0.00000
37.52000,1.02194,0.00137,0.00047,0.99809,0.00007,0.00000,0.00000,0.00000,0.00000,0.00000
37.66000,1.02194,0.00152,0.00050,0.99790,0.00007,0.00000,0.00000,0.00000,0.00000,0.00000
37.80000,1.02194,0.00127,0.00045,0.99821,0.00007,0.00000,0.00000,0.00000,0.00000,0.00000
37.94000,1.02194,0.00158,0.00052,0.99781,0.00008,0.00000,0.00000,0.00000,0.00000,0.00000
38.08000,1.02193,0.00199,0.00059,0.99730,0.00011,0.00000,0.00000,0.00000,0.00000,0.00000
38.22000,1.02193,0.00174,0.00055,0.99760,0.00010,0.00000,0.00000,0.00000,0.00000,0.00000
38.36000,1.02194,0.00110,0.00046,0.99836,0.00007,0.00000,0.00000,0.00000,0.00000,0.00000
38.50000,1.02194,0.00105,0.00038,0.99851,0.00006,0.00000,0.00000,0.00000,0.00000,0.00000
38.64000,1.02194,0.00192,0.00051,0.99744,0.00012,0.00000,0.00000,0.00000,0.00000,0.00000
38.78000,1.02194,0.00124,0.00047,0.99821,0.00008,0.00000,0.00001,0.00000,0.00000,0.00000
38.92000,1.02194,0.00119,0.00042,0.99831,0.00007,0.00000,0.00000,0.00000,0.00000,0.00000
39.06000,1.02193,0.00162,0.00057,0.99774,0.00007,0.00000,0.00000,0.00000,0.00000,0.00000
39.20000,1.02194,0.00115,0.00044,0.99835,0.00006,0.00000,0.00000,0.00000,0.00000,0.00000
39.34000,1.02194,0.00133,0.00050,0.99809,0.00007,0.00000,0.00000,0.00000,0.00000,0.00000
39.48000,1.02194,0.00111,0.00042,0.99841,0.00005,0.00000,0.00000,0.00000,0.00000,0.00000
39.62000,1.02194,0.00159,0.00048,0.99786,0.00006,0.00000,0.00000,0.00000,0.00000,0.00000
39.76000,1.02194,0.00123,0.00040,0.99832,0.00004,0.00000,0.00000,0.00000,0.00000,0.00000
39.90000,1.02193,0.00120,0.00037,0.99839,0.00004,0.00000,0.00000,0.00000,0.00000,0.00000
40.04000,1.02194,0.00144,0.00043,0.99807,0.00005,0.00000,0.00000,0.00000,0.00000,0.00000
40.18000,1.02194,0.00137,0.00041,0.99817,0.00005,0.00000,0.00000,0.00000,0.00000,0.00000
40.32000,1.02194,0.00131,0.00047,0.99815,0.00006,0.00000,0.00000,0.00000,0.00000,0.00000
40.46000,1.02194,0.00127,0.00051,0.99814,0.00007,0.00000,0.00000,0.00000,0.00000,0.00000
40.60000,1.02194,0.00232,0.00071,0.99681,0.00015,0.00000,0.00001,0.00000,0.00000,0.00000
40.74000,1.02193,0.00148,0.00060,0.99781,0.00010,0.00000,0.00001,0.00000,0.00000,0.00000
40.88000,1.02194,0.00170,0.00059,0.99758,0.00011,0.00000,0.00001,0.00000,0.00000,0.00000
41.02000,1.02194,0.00186,0.00061,0.99740,0.00012,0.00000,0.00001,0.00000,0.00000,0.00000
41.16000,1.02194,0.00137,0.00054,0.99799,0.00009,0.00000,0.00001,0.00000,0.00000,0.00000
41.30000,1.02194,0.00105,0.00042,0.99846,0.00006,0.00000,0.00000,0.00000,0.00000,0.00000
41.44000,1.02194,0.00129,0.00041,0.99823,0.00007,0.00000,0.00000,0.00000,0.00000,0.00000
41.58000,1.02193,0.00139,0.00042,0.99812,0.00007,0.00000,0.00000,0.00000,0.00000,0.00000
41.72000,1.02193,0.00160,0.00044,0.99787,0.00008,0.00000,0.00000,0.00000,0.00000,0.00000
41.86000,1.02194,0.00141,0.00041,0.99810,0.00007,0.00000,0.00000,0.00000,0.00000,0.00000
42.00000,1.02194,0.00141,0.00043,0.99808,0.00007,0.00000,0.00000,0.00000,0.00000,0.00000
42.14000,1.02194,0.00148,0.00047,0.99795,0.00008,0.00000,0.00000,0.00000,0.00000,0.00000
42.28000,1.02194,0.00184,0.00054,0.99750,0.00012,0.00000,0.00000,0.00000,0.00000,0.00000
42.42000,1.02194,0.00152,0.00052,0.99786,0.00009,0.00000,0.00001,0.00000,0.00000,0.00000
42.56000,1.02193,0.00207,0.00057,0.99720,0.00014,0.00000,0.00000,0.00000,0.00000,0.00000
42.70000,1.02194,0.00221,0.00064,0.99698,0.00016,0.00000,0.00001,0.00000,0.00000,0.00000
42.84000,1.02194,0.00176,0.00058,0.99753,0.00012,0.00000,0.00001,0.00000,0.00000,0.00000
42.98000,1.02194,0.00228,0.00066,0.99688,0.00016,0.00000,0.00001,0.00000,0.00000,0.00000
43.12000,1.02194,0.00162,0.00057,0.99769,0.00011,0.00000,0.00001,0.00000,0.00000,0.00000
43.26000,1.02194,0.00190,0.00064,0.99731,0.00014,0.00000,0.00001,0.00000,0.00000,0.00000
43.40000,1.02193,0.00178,0.00055,0.99753,0.00013,0.00000,0.00001,0.00000,0.00000,0.00000
43.54000,1.02194,0.00161,0.00050,0.99779,0.00010,0.00000,0.00001,0.00000,0.00000,0.00000
43.68000,1.02194,0.00133,0.00048,0.99810,0.00008,0.00000,0.00001,0.00000,0.00000,0.00000
43.82000,1.02194,0.00173,0.00056,0.99760,0.00011,0.00000,0.00001,0.00000,0.00000,0.00000
43.96000,1.02194,0.00180,0.00057,0.99750,0.00011,0.00000,0.00001,0.00000,0.00000,0.00000
44.10000,1.02194,0.00114,0.00044,0.99835,0.00007,0.00000,0.00001,0.00000,0.00000,0.00000
44.24000,1.02193,0.00135,0.00048,0.99809,0.00007,0.00000,0.00001,0.00000,0.00000,0.00000
44.38000,1.02194,0.00135,0.00048,0.99809,0.00007,0.00000,0.00001,0.00000,0.00000,0.00000
44.52000,1.02194,0.00185,0.00053,0.99751,0.00010,0.00000,0.00001,0.00000,0.00000,0.00000
44.66000,1.02194,0.00124,0.00046,0.99822,0.00007,0.00000,0.00001,0.00000,0.00000,0.00000
44.80000,1.02194,0.00134,0.00046,0.99813,0.00007,0.00000,0.00000,0.00000,0.00000,0.00000
44.94000,1.02194,0.00144,0.00048,0.99800,0.00007,0.00000,0.00000,0.00000,0.00000,0.00000
45.08000,1.02193,0.00152,0.00051,0.99787,0.00008,0.00000,0.00000,0.00000,0.00000,0.00000
45.22000,1.02193,0.00198,0.00063,0.99726,0.00012,0.00000,0.00001,0.00000,0.00000,0.00000
45.36000,1.02194,0.00263,0.00079,0.99639,0.00018,0.00000,0.00001,0.00000,0.00000,0.00000
45.50000,1.02194,0.00336,0.00097,0.99539,0.00026,0.00000,0.00001,0.00000,0.00000,0.00000
45.64000,1.02194,0.00237,0.00100,0.99639,0.00022,0.00000,0.00001,0.00000,0.00000,0.00000
45.78000,1.02194,0.00330,0.00131,0.99502,0.00035,0.00000,0.00001,0.00000,0.00001,0.00000
45.92000,1.02194,0.00342,0.00140,0.99475,0.00041,0.00000,0.00001,0.00000,0.00001,0.00000
46.06000,1.02193,0.00267,0.00132,0.99565,0.00033,0.00000,0.00001,0.00000,0.00001,0.00000
46.20000,1.02194,0.00344,0.00161,0.99447,0.00046,0.00000,0.00001,0.00000,0.00001,0.00000
46.34000,1.02194,0.00408,0.00141,0.99396,0.00053,0.00000,0.00001,0.00000,0.00001,0.00000
46.48000,1.02194,0.00375,0.00126,0.99451,0.00047,0.00000,0.00001,0.00000,0.00001,0.00000
46.62000,1.02194,0.00478,0.00158,0.99296,0.00066,0.00000,0.00001,0.00000,0.00001,0.00000
46.76000,1.02194,0.00327,0.00133,0.99495,0.00043,0.00000,0.00001,0.00000,0.00001,0.00000
46.90000,1.02193,0.00407,0.00184,0.99347,0.00059,0.00000,0.00002,0.00000,0.00001,0.00000
47.04000,1.02194,0.00427,0.00142,0.99373,0.00057,0.00000,0.00001,0.00000,0.00001,0.00000
47.18000,1.02194,0.00305,0.00139,0.99513,0.00040,0.00000,0.00002,0.00000,0.00001,0.00000
47.32000,1.02194,0.00334,0.00130,0.99491,0.00042,0.00000,0.00002,0.00000,0.00001,0.00000
47.46000,1.02194,0.00435,0.00139,0.99372,0.00052,0.00000,0.00001,0.00000,0.00001,0.00000
47.60000,1.02194,0.00283,0.00161,0.99534,0.00021,0.00000,0.00001,0.00000,0.00000,0.00000
47.74000,1.02193,0.00235,0.00112,0.99630,0.00022,0.00000,0.00001,0.00000,0.00000,0.00000
47.88000,1.02194,0.00229,0.00096,0.99655,0.00019,0.00000,0.00001,0.00000,0.00000,0.00000
48.02000,1.02194,0.00224,0.00097,0.99661,0.00018,0.00000,0.00001,0.00000,0.00000,0.00000
48.16000,1.02194,0.00251,0.00107,0.99619,0.00022,0.00000,0.00001,0.00000,0.00000,0.00000
48.30000,1.02194,0.00247,0.00103,0.99627,0.00022,0.00000,0.00001,0.00000,0.00000,0.00000
48.44000,1.02194,0.00197,0.00131,0.99655,0.00016,0.00000,0.00001,0.00000,0.00000,0.00000
48.58000,1.02193,0.00203,0.00110,0.99667,0.00018,0.00000,0.00001,0.00000,0.00000,0.00000
48.72000,1.02193,0.00208,0.00103,0.99670,0.00018,0.00000,0.00001,0.00000,0.00000,0.00000
48.86000,1.02194,0.00280,0.00116,0.99576,0.00027,0.00000,0.00001,0.00000,0.00000,0.00000
49.00000,1.02194,0.00343,0.00102,0.99522,0.00031,0.00000,0.00001,0.00000,0.00000,0.00000
49.14000,1.02194,0.00272,0.00108,0.99594,0.00024,0.00000,0.00001,0.00000,0.00000,0.00000
49.28000,1.02194,0.00174,0.00090,0.99720,0.00015,0.00000,0.00001,0.00000,0.00000,0.00000
49.42000,1.02194,0.00250,0.00101,0.99625,0.00023,0.00000,0.00001,0.00000,0.00000,0.00000
49.56000,1.02193,0.00299,0.00119,0.99551,0.00029,0.00000,0.00001,0.00000,0.00000,0.00000
49.70000,1.02194,0.00250,0.00109,0.99613,0.00026,0.00000,0.00001,0.00000,0.00001,0.00000
49.84000,1.02194,0.00209,0.00107,0.99663,0.00020,0.00000,0.00001,0.00000,0.00000,0.00000
49.98000,1.02194,0.00271,0.00107,0.99596,0.00024,0.00000,0.00001,0.00000,0.00000,0.00000
50.12000,1.02194,0.00269,0.00117,0.99588,0.00025,0.00000,0.00001,0.00000,0.00000,0.00000
50.26000,1.02194,0.00272,0.00110,0.99589,0.00027,0.00000,0.00001,0.00000,0.00001,0.00000
50.40000,1.02193,0.00437,0.00149,0.99359,0.00054,0.00000,0.00001,0.00000,0.00001,0.00000
50.54000,1.02194,0.00310,0.00125,0.99523,0.00040,0.00000,0.00001,0.00000,0.00001,0.00000
50.68000,1.02194,0.00392,0.00147,0.99400,0.00058,0.00000,0.00001,0.00000,0.00001,0.00000
50.82000,1.02194,0.00446,0.00162,0.99315,0.00074,0.00000,0.00002,0.00000,0.00001,0.00000
50.96000,1.02194,0.00597,0.00190,0.99099,0.00111,0.00000,0.00002,0.00000,0.00001,0.00000
51.10000,1.02194,0.00555,0.00194,0.99125,0.00123,0.00000,0.00002,0.00000,0.00001,0.00000
51.24000,1.02193,0.00581,0.00166,0.99126,0.00124,0.00000,0.00002,0.00000,0.00001,0.00000
51.38000,1.02194,0.00579,0.00182,0.99113,0.00124,0.00000,0.00002,0.00000,0.00001,0.00000
51.52000,1.02194,0.00463,0.00166,0.99262,0.00105,0.00000,0.00002,0.00000,0.00001,0.00000
51.66000,1.02194,0.00516,0.00197,0.99158,0.00126,0.00000,0.00002,0.00000,0.00001,0.00000
51.80000,1.02194,0.00395,0.00141,0.99381,0.00081,0.00000,0.00002,0.00000,0.00001,0.00000
51.94000,1.02194,0.00452,0.00145,0.99324,0.00078,0.00000,0.00001,0.00000,0.00001,0.00000
52.08000,1.02193,0.00419,0.00132,0.99377,0.00069,0.00000,0.00001,0.00000,0.00001,0.00000
52.22000,1.02193,0.00254,0.00109,0.99595,0.00040,0.00000,0.00001,0.00000,0.00001,0.00000
52.36000,1.02194,0.00302,0.00118,0.99536,0.00043,0.00000,0.00001,0.00000,0.00000,0.00000
52.50000,1.02194,0.00270,0.00089,0.99605,0.00034,0.00000,0.00001,0.00000,0.00000,0.00000
52.64000,1.02194,0.00301,0.00097,0.99563,0.00037,0.00000,0.00001,0.00000,0.00001,0.00000
52.78000,1.02194,0.00512,0.00119,0.99294,0.00074,0.00000,0.00001,0.00000,0.00001,0.00000
52.92000,1.02194,0.00396,0.00103,0.99442,0.00057,0.00000,0.00001,0.00000,0.00001,0.00000
53.06000,1.02193,0.00350,0.00102,0.99498,0.00048,0.00000,0.00001,0.00000,0.00001,0.00000
53.20000,1.02194,0.00608,0.00138,0.99158,0.00093,0.00000,0.00001,0.00000,0.00001,0.00000
53.34000,1.02194,0.00435,0.00133,0.99352,0.00077,0.00000,0.00002,0.00000,0.00001,0.00000
53.48000,1.02194,0.00562,0.00158,0.99154,0.00122,0.00000,0.00002,0.00000,0.00001,0.00000
53.62000,1.02194,0.00390,0.00132,0.99388,0.00087,0.00000,0.00002,0.00000,0.00001,0.00000
53.76000,1.02194,0.00463,0.00138,0.99305,0.00091,0.00000,0.00002,0.00000,0.00001,0.00000
53.90000,1.02193,0.00352,0.00127,0.99453,0.00065,0.00000,0.00002,0.00000,0.00001,0.00000
54.04000,1.02194,0.00339,0.00114,0.99489,0.00056,0.00000,0.00001,0.00000,0.00001,0.00000
54.18000,1.02194,0.00283,0.00099,0.99578,0.00037,0.00000,0.00001,0.00000,0.00001,0.00000
54.32000,1.02194,0.00247,0.00087,0.99638,0.00027,0.00000,0.00001,0.00000,0.00000,0.00000
54.46000,1.02194,0.00239,0.00084,0.99652,0.00023,0.00000,0.00001,0.00000,0.00000,0.00000
54.60000,1.02194,0.00237,0.00076,0.99664,0.00022,0.00000,0.00001,0.00000,0.00000,0.00000
54.74000,1.02193,0.00329,0.00093,0.99544,0.00032,0.00000,0.00001,0.00000,0.00000,0.00000
54.88000,1.02194,0.00346,0.00101,0.99513,0.00038,0.00000,0.00001,0.00000,0.00001,0.00000
55.02000,1.02194,0.00435,0.00129,0.99378,0.00057,0.00000,0.00001,0.00000,0.00001,0.00000
55.16000,1.02194,0.00387,0.00133,0.99412,0.00065,0.00000,0.00002,0.00000,0.00001,0.00000
55.30000,1.02194,0.00425,0.00160,0.99329,0.00084,0.00000,0.00001,0.00000,0.00001,0.00000
55.44000,1.02194,0.00409,0.00145,0.99349,0.00094,0.00000,0.00001,0.00000,0.00001,0.00000
55.58000,1.02193,0.00592,0.00170,0.99076,0.00161,0.00000,0.00001,0.00000,0.00001,0.00000
55.72000,1.02193,0.00322,0.00127,0.99477,0.00072,0.00000,0.00001,0.00000,0.00001,0.00000
55.86000,1.02194,0.00356,0.00116,0.99462,0.00065,0.00000,0.00001,0.00000,0.00001,0.00000
56.00000,1.02194,0.00255,0.00107,0.99600,0.00036,0.00000,0.00001,0.00000,0.00000,0.00000
56.14000,1.02194,0.00406,0.00132,0.99410,0.00051,0.00000,0.00001,0.00000,0.00000,0.00000
56.28000,1.02194,0.00277,0.00130,0.99564,0.00028,0.00000,0.00001,0.00000,0.00001,0.00000
56.42000,1.02194,0.00241,0.00086,0.99650,0.00021,0.00000,0.00001,0.00000,0.00000,0.00000
56.56000,1.02193,0.00200,0.00094,0.99689,0.00016,0.00000,0.00001,0.00000,0.00000,0.00000
56.70000,1.02194,0.00249,0.00093,0.99636,0.00021,0.00000,0.00001,0.00000,0.00000,0.00000
56.84000,1.02194,0.00307,0.00151,0.99511,0.00029,0.00000,0.00001,0.00000,0.00000,0.00000
56.98000,1.02194,0.00296,0.00133,0.99538,0.00031,0.00000,0.00001,0.00000,0.00001,0.00000
57.12000,1.02194,0.00434,0.00134,0.99385,0.00045,0.00000,0.00001,0.00000,0.00001,0.00000
57.26000,1.02194,0.00395,0.00150,0.99404,0.00048,0.00000,0.00002,0.00000,0.00001,0.00000
57.40000,1.02193,0.00434,0.00170,0.99335,0.00058,0.00000,0.00002,0.00000,0.00001,0.00000
57.54000,1.02194,0.00425,0.00193,0.99317,0.00062,0.00000,0.00002,0.00000,0.00001,0.00000
57.68000,1.02194,0.00393,0.00181,0.99367,0.00056,0.00000,0.00002,0.00000,0.00001,0.00000
57.82000,1.02194,0.00262,0.00142,0.99558,0.00035,0.00000,0.00002,0.00000,0.00001,0.00000
57.96000,1.02194,0.00446,0.00151,0.99339,0.00061,0.00000,0.00001,0.00000,0.00001,0.00000
58.10000,1.02194,0.00430,0.00149,0.99363,0.00056,0.00000,0.00001,0.00000,0.00001,0.00000
58.24000,1.02193,0.00335,0.00154,0.99467,0.00042,0.00000,0.00001,0.00000,0.00001,0.00000
58.38000,1.02194,0.00259,0.00115,0.99596,0.00028,0.00000,0.00001,0.00000,0.00000,0.00000
58.52000,1.02194,0.00258,0.00111,0.99601,0.00028,0.00000,0.00001,0.00000,0.00000,0.00000
58.66000,1.02194,0.00413,0.00127,0.99412,0.00046,0.00000,0.00001,0.00000,0.00000,0.00000
58.80000,1.02194,0.00395,0.00135,0.99417,0.00051,0.00000,0.00001,0.00000,0.00001,0.00000
58.94000,1.02194,0.00341,0.00119,0.99499,0.00040,0.00000,0.00001,0.00000,0.00000,0.00000
59.08000,1.02193,0.00573,0.00182,0.99162,0.00081,0.00000,0.00001,0.00000,0.00001,0.00000
59.22000,1.02193,0.00458,0.00152,0.99316,0.00071,0.00000,0.00001,0.00000,0.00001,0.00000
59.36000,1.02194,0.00298,0.00130,0.99521,0.00050,0.00000,0.00001,0.00000,0.00001,0.00000
59.50000,1.02194,0.00449,0.00141,0.99331,0.00077,0.00000,0.00001,0.00000,0.00001,0.00000
59.64000,1.02194,0.00428,0.00148,0.99349,0.00073,0.00000,0.00001,0.00000,0.00001,0.00000
59.78000,1.02194,0.00388,0.00158,0.99383,0.00069,0.00000,0.00002,0.00000,0.00001,0.00000
59.92000,1.02194,0.00516,0.00154,0.99246,0.00082,0.00000,0.00001,0.00000,0.00001,0.00000
60.06000,1.02193,0.00361,0.00129,0.99455,0.00052,0.00000,0.00001,0.00000,0.00001,0.00000
60.20000,1.02194,0.00393,0.00149,0.99399,0.00055,0.00000,0.00002,0.00000,0.00001,0.00000
60.34000,1.02194,0.00336,0.00132,0.99484,0.00045,0.00000,0.00002,0.00000,0.00001,0.00000
60.48000,1.02194,0.00450,0.00148,0.99337,0.00062,0.00000,0.00001,0.00000,0.00001,0.00000
60.62000,1.02194,0.00405,0.00179,0.99354,0.00058,0.00000,0.00002,0.00000,0.00001,0.00000
60.76000,1.02194,0.00686,0.00211,0.99002,0.00099,0.00000,0.00002,0.00000,0.00001,0.00000
60.90000,1.02193,0.00292,0.00165,0.99501,0.00038,0.00000,0.00002,0.00000,0.00001,0.00000
61.04000,1.02194,0.00315,0.00148,0.99496,0.00038,0.00000,0.00002,0.00000,0.00001,0.00000
61.18000,1.02194,0.00462,0.00160,0.99317,0.00058,0.00000,0.00001,0.00000,0.00001,0.00000
61.32000,1.02194,0.00373,0.00125,0.99458,0.00042,0.00000,0.00001,0.00000,0.00001,0.00000
61.46000,1.02194,0.00205,0.00094,0.99680,0.00019,0.00000,0.00001,0.00000,0.00000,0.00000
61.60000,1.02194,0.00220,0.00073,0.99689,0.00017,0.00000,0.00001,0.00000,0.00000,0.00000
61.74000,1.02193,0.00244,0.00078,0.99659,0.00018,0.00000,0.00000,0.00000,0.00000,0.00000
61.88000,1.02194,0.00361,0.00090,0.99516,0.00032,0.00000,0.00001,0.00000,0.00000,0.00000
62.02000,1.02194,0.00404,0.00097,0.99452,0.00046,0.00000,0.00001,0.00000,0.00000,0.00000
62.16000,1.02194,0.00227,0.00087,0.99654,0.00030,0.00000,0.00001,0.00000,0.00001,0.00000
62.30000,1.02194,0.00536,0.00153,0.99208,0.00101,0.00000,0.00002,0.00000,0.00001,0.00000
62.44000,1.02194,0.00683,0.00190,0.98947,0.00176,0.00000,0.00002,0.00000,0.00001,0.00000
62.58000,1.02193,0.00478,0.00161,0.99215,0.00142,0.00000,0.00002,0.00000,0.00001,0.00000
62.72000,1.02193,0.00540,0.00173,0.99131,0.00152,0.00000,0.00002,0.00000,0.00001,0.00000
62.86000,1.02194,0.00405,0.00172,0.99330,0.00090,0.00000,0.00002,0.00000,0.00001,0.00000
63.00000,1.02193,0.00486,0.00189,0.99227,0.00095,0.00000,0.00002,0.00000,0.00001,0.00000
63.14000,1.02193,0.00550,0.00191,0.99155,0.00101,0.00000,0.00002,0.00000,0.00001,0.00000
63.28000,1.02194,0.00274,0.00106,0.99584,0.00035,0.00000,0.00001,0.00000,0.00001,0.00000
63.42000,1.02194,0.00327,0.00109,0.99524,0.00039,0.00000,0.00001,0.00000,0.00000,0.00000
63.56000,1.02194,0.00294,0.00100,0.99571,0.00034,0.00000,0.00001,0.00000,0.00000,0.00000
63.70000,1.02194,0.00239,0.00097,0.99636,0.00027,0.00000,0.00001,0.00000,0.00000,0.00000
63.84000,1.02194,0.00173,0.00071,0.99738,0.00016,0.00000,0.00001,0.00000,0.00000,0.00000
63.98000,1.02194,0.00158,0.00062,0.99767,0.00013,0.00000,0.00000,0.00000,0.00000,0.00000
64.12000,1.02193,0.00184,0.00071,0.99731,0.00014,0.00000,0.00001,0.00000,0.00000,0.00000
64.26000,1.02193,0.00164,0.00060,0.99762,0.00013,0.00000,0.00001,0.00000,0.00000,0.00000
64.40000,1.02193,0.00202,0.00068,0.99714,0.00015,0.00000,0.00001,0.00000,0.00000,0.00000
64.54000,1.02193,0.00195,0.00073,0.99717,0.00015,0.00000,0.00001,0.00000,0.00000,0.00000
64.68000,1.02193,0.00215,0.00085,0.99680,0.00018,0.00000,0.00001,0.00000,0.00001,0.00000
64.82000,1.02193,0.00291,0.00108,0.99571,0.00027,0.00000,0.00001,0.00000,0.00001,0.00000
64.96000,1.02194,0.00252,0.00107,0.99614,0.00025,0.00000,0.00001,0.00000,0.00001,0.00000
65.10000,1.02194,0.00316,0.00109,0.99541,0.00032,0.00000,0.00001,0.00000,0.00001,0.00000
65.24000,1.02194,0.00325,0.00109,0.99528,0.00035,0.00000,0.00001,0.00000,0.00001,0.00000
65.38000,1.02194,0.00353,0.00119,0.99487,0.00039,0.00000,0.00001,0.00000,0.00001,0.00000
65.52000,1.02194,0.00268,0.00105,0.99596,0.00030,0.00000,0.00002,0.00000,0.00001,0.00000
65.66000,1.02193,0.00285,0.00107,0.99574,0.00032,0.00000,0.00001,0.00000,0.00001,0.00000
65.80000,1.02193,0.00303,0.00113,0.99548,0.00034,0.00000,0.00001,0.00000,0.00001,0.00000
65.94000,1.02193,0.00336,0.00108,0.99513,0.00041,0.00000,0.00001,0.00000,0.00001,0.00000
66.08000,1.02193,0.00250,0.00100,0.99618,0.00029,0.00000,0.00001,0.00000,0.00001,0.00000
66.22000,1.02193,0.00288,0.00110,0.99571,0.00030,0.00000,0.00001,0.00000,0.00000,0.00000
66.36000,1.02193,0.00226,0.00091,0.99660,0.00022,0.00000,0.00001,0.00000,0.00000,0.00000
66.50000,1.02193,0.00335,0.00130,0.99500,0.00034,0.00000,0.00001,0.00000,0.00000,0.00000
66.64000,1.02193,0.00358,0.00109,0.99491,0.00041,0.00000,0.00001,0.00000,0.00000,0.00000
66.78000,1.02194,0.00265,0.00101,0.99603,0.00029,0.00000,0.00001,0.00000,0.00000,0.00000
66.92000,1.02194,0.00377,0.00128,0.99449,0.00045,0.00000,0.00001,0.00000,0.00001,0.00000
67.06000,1.02194,0.00506,0.00249,0.99209,0.00036,0.00000,0.00001,0.00000,0.00000,0.00000
67.20000,1.02194,0.00323,0.00136,0.99496,0.00044,0.00000,0.00001,0.00000,0.00000,0.00000
67.34000,1.02194,0.00282,0.00111,0.99569,0.00036,0.00000,0.00001,0.00000,0.00001,0.00000
67.48000,1.02193,0.00221,0.00078,0.99675,0.00025,0.00000,0.00001,0.00000,0.00001,0.00000
67.62000,1.02193,0.00251,0.00081,0.99642,0.00025,0.00000,0.00001,0.00000,0.00000,0.00000
67.76000,1.02193,0.00230,0.00072,0.99676,0.00020,0.00000,0.00001,0.00000,0.00000,0.00000
67.90000,1.02193,0.00298,0.00085,0.99587,0.00030,0.00000,0.00001,0.00000,0.00000,0.00000
68.04000,1.02193,0.00268,0.00079,0.99624,0.00028,0.00000,0.00001,0.00000,0.00000,0.00000
68.18000,1.02193,0.00387,0.00163,0.99422,0.00027,0.00000,0.00001,0.00000,0.00000,0.00000
68.32000,1.02193,0.00170,0.00071,0.99746,0.00012,0.00000,0.00001,0.00000,0.00000,0.00000
68.46000,1.02194,0.00232,0.00074,0.99673,0.00020,0.00000,0.00001,0.00000,0.00000,0.00000
68.60000,1.02194,0.00525,0.00174,0.99279,0.00022,0.00000,0.00000,0.00000,0.00000,0.00000
68.74000,1.02194,0.00218,0.00067,0.99697,0.00017,0.00000,0.00000,0.00000,0.00000,0.00000
68.88000,1.02194,0.00244,0.00067,0.99672,0.00017,0.00000,0.00000,0.00000,0.00000,0.00000
69.02000,1.02194,0.00180,0.00075,0.99731,0.00013,0.00000,0.00000,0.00000,0.00000,0.00000
69.16000,1.02193,0.00332,0.00086,0.99554,0.00027,0.00000,0.00000,0.00000,0.00000,0.00000
69.30000,1.02193,0.00206,0.00081,0.99694,0.00018,0.00000,0.00001,0.00000,0.00000,0.00000
69.44000,1.02193,0.00332,0.00103,0.99535,0.00029,0.00000,0.00001,0.00000,0.00000,0.00000
69.58000,1.02193,0.00364,0.00106,0.99488,0.00040,0.00000,0.00001,0.00000,0.00001,0.00000
69.72000,1.02193,0.00399,0.00126,0.99424,0.00048,0.00000,0.00001,0.00000,0.00001,0.00000
69.86000,1.02193,0.00344,0.00131,0.99481,0.00042,0.00000,0.00001,0.00000,0.00001,0.00000
70.00000,1.02193,0.00395,0.00125,0.99425,0.00052,0.00000,0.00001,0.00000,0.00001,0.00000
70.14000,1.02193,0.00424,0.00140,0.99377,0.00055,0.00000,0.00002,0.00000,0.00001,0.00000
70.28000,1.02194,0.00802,0.00250,0.98865,0.00081,0.00000,0.00001,0.00000,0.00001,0.00000
70.42000,1.02194,0.00292,0.00135,0.99539,0.00033,0.00000,0.00001,0.00000,0.00001,0.00000
70.56000,1.02194,0.00546,0.00124,0.99262,0.00066,0.00000,0.00001,0.00000,0.00001,0.00000
70.70000,1.02194,0.00602,0.00159,0.99155,0.00082,0.00000,0.00001,0.00000,0.00001,0.00000
70.84000,1.02194,0.00394,0.00132,0.99412,0.00059,0.00000,0.00001,0.00000,0.00001,0.00000
70.98000,1.02193,0.00406,0.00171,0.99369,0.00053,0.00000,0.00001,0.00000,0.00001,0.00000
71.12000,1.02193,0.00413,0.00141,0.99386,0.00058,0.00000,0.00001,0.00000,0.00001,0.00000
71.26000,1.02193,0.00444,0.00168,0.99302,0.00083,0.00000,0.00002,0.00000,0.00001,0.00000
71.40000,1.02193,0.00625,0.00162,0.99089,0.00122,0.00000,0.00001,0.00000,0.00001,0.00000
71.54000,1.02193,0.00493,0.00155,0.99256,0.00094,0.00000,0.00001,0.00000,0.00001,0.00000
71.68000,1.02193,0.00471,0.00154,0.99286,0.00086,0.00000,0.00001,0.00000,0.00001,0.00000
71.82000,1.02193,0.00485,0.00177,0.99242,0.00094,0.00000,0.00002,0.00000,0.00001,0.00000
71.96000,1.02194,0.00569,0.00191,0.99113,0.00123,0.00000,0.00002,0.00000,0.00001,0.00000
72.10000,1.02194,0.00481,0.00169,0.99244,0.00103,0.00000,0.00002,0.00000,0.00001,0.00000
72.24000,1.02194,0.00518,0.00189,0.99194,0.00097,0.00000,0.00001,0.00000,0.00001,0.00000
72.38000,1.02194,0.00388,0.00134,0.99405,0.00070,0.00000,0.00002,0.00000,0.00001,0.00000
72.52000,1.02194,0.00332,0.00122,0.99489,0.00055,0.00000,0.00001,0.00000,0.00001,0.00000
72.66000,1.02193,0.00338,0.00131,0.99479,0.00050,0.00000,0.00001,0.00000,0.00001,0.00000
72.80000,1.02193,0.00334,0.00116,0.99504,0.00044,0.00000,0.00001,0.00000,0.00001,0.00000
72.94000,1.02193,0.00353,0.00107,0.99496,0.00043,0.00000,0.00001,0.00000,0.00001,0.00000
73.08000,1.02193,0.00495,0.00149,0.99284,0.00069,0.00000,0.00001,0.00000,0.00001,0.00000
73.22000,1.02193,0.00327,0.00122,0.99501,0.00048,0.00000,0.00001,0.00000,0.00001,0.00000
73.36000,1.02193,0.00308,0.00115,0.99531,0.00044,0.00000,0.00001,0.00000,0.00001,0.00000
73.50000,1.02193,0.00401,0.00133,0.99403,0.00061,0.00000,0.00001,0.00000,0.00001,0.00000
73.64000,1.02193,0.00445,0.00140,0.99337,0.00076,0.00000,0.00001,0.00000,0.00001,0.00000
73.78000,1.02194,0.00540,0.00155,0.99195,0.00106,0.00000,0.00002,0.00000,0.00001,0.00000
73.92000,1.02194,0.00334,0.00132,0.99466,0.00066,0.00000,0.00002,0.00000,0.00001,0.00000
74.06000,1.02194,0.00314,0.00109,0.99524,0.00052,0.00000,0.00001,0.00000,0.00001,0.00000
74.20000,1.02194,0.00386,0.00124,0.99424,0.00064,0.00000,0.00001,0.00000,0.00001,0.00000
74.34000,1.02194,0.00499,0.00164,0.99239,0.00095,0.00000,0.00001,0.00000,0.00001,0.00000
74.48000,1.02193,0.00353,0.00122,0.99460,0.00063,0.00000,0.00001,0.00000,0.00001,0.00000
74.62000,1.02193,0.00484,0.00136,0.99296,0.00083,0.00000,0.00001,0.00000,0.00001,0.00000
74.76000,1.02193,0.00332,0.00138,0.99481,0.00047,0.00000,0.00001,0.00000,0.00000,0.00000
74.90000,1.02193,0.00423,0.00138,0.99373,0.00064,0.00000,0.00001,0.00000,0.00001,0.00000
75.04000,1.02193,0.00441,0.00142,0.99345,0.00070,0.00000,0.00001,0.00000,0.00001,0.00000
75.18000,1.02193,0.00425,0.00136,0.99366,0.00071,0.00000,0.00001,0.00000,0.00001,0.00000
75.32000,1.02193,0.00545,0.00177,0.99181,0.00095,0.00000,0.00001,0.00000,0.00001,0.00000
75.46000,1.02194,0.00589,0.00193,0.99100,0.00115,0.00000,0.00002,0.00000,0.00001,0.00000
75.60000,1.02194,0.00418,0.00197,0.99295,0.00086,0.00000,0.00002,0.00000,0.00001,0.00000
75.74000,1.02194,0.00490,0.00167,0.99240,0.00100,0.00000,0.00002,0.00000,0.00001,0.00000
75.88000,1.02194,0.00374,0.00144,0.99414,0.00066,0.00000,0.00002,0.00000,0.00001,0.00000
76.02000,1.02194,0.00353,0.00127,0.99465,0.00053,0.00000,0.00001,0.00000,0.00001,0.00000
76.16000,1.02193,0.00311,0.00112,0.99535,0.00040,0.00000,0.00001,0.00000,0.00001,0.00000
76.30000,1.02193,0.00327,0.00102,0.99534,0.00036,0.00000,0.00001,0.00000,0.00000,0.00000
76.44000,1.02193,0.00293,0.00092,0.99584,0.00029,0.00000,0.00001,0.00000,0.00000,0.00000
76.58000,1.02193,0.00265,0.00089,0.99619,0.00026,0.00000,0.00001,0.00000,0.00000,0.00000
76.72000,1.02193,0.00420,0.00122,0.99410,0.00046,0.00000,0.00001,0.00000,0.00001,0.00000
76.86000,1.02193,0.00328,0.00121,0.99503,0.00045,0.00000,0.00001,0.00000,0.00001,0.00000
77.00000,1.02193,0.00323,0.00117,0.99511,0.00046,0.00000,0.00001,0.00000,0.00001,0.00000
77.14000,1.02193,0.00284,0.00116,0.99556,0.00043,0.00000,0.00001,0.00000,0.00001,0.00000
77.28000,1.02194,0.00308,0.00115,0.99532,0.00044,0.00000,0.00001,0.00000,0.00001,0.00000
77.42000,1.02194,0.00438,0.00150,0.99347,0.00063,0.00000,0.00001,0.00000,0.00001,0.00000
77.56000,1.02194,0.00504,0.00141,0.99275,0.00078,0.00000,0.00001,0.00000,0.00001,0.00000
77.70000,1.02194,0.00431,0.00130,0.99369,0.00068,0.00000,0.00001,0.00000,0.00001,0.00000
77.84000,1.02194,0.00421,0.00137,0.99369,0.00071,0.00000,0.00002,0.00000,0.00001,0.00000
77.98000,1.02193,0.00411,0.00142,0.99369,0.00074,0.00000,0.00002,0.00000,0.00001,0.00000
78.12000,1.02193,0.00393,0.00145,0.99389,0.00071,0.00000,0.00002,0.00000,0.00001,0.00000
78.26000,1.02193,0.00448,0.00150,0.99304,0.00094,0.00000,0.00002,0.00000,0.00001,0.00000
78.40000,1.02193,0.00457,0.00179,0.99272,0.00089,0.00000,0.00002,0.00000,0.00001,0.00000
78.54000,1.02193,0.00676,0.00182,0.99017,0.00122,0.00000,0.00002,0.00000,0.00001,0.00000
78.68000,1.02193,0.00311,0.00124,0.99514,0.00048,0.00000,0.00001,0.00000,0.00001,0.00000
78.82000,1.02193,0.00316,0.00126,0.99512,0.00044,0.00000,0.00001,0.00000,0.00001,0.00000
78.96000,1.02194,0.00357,0.00130,0.99461,0.00050,0.00000,0.00001,0.00000,0.00001,0.00000
79.10000,1.02194,0.00464,0.00154,0.99317,0.00064,0.00000,0.00001,0.00000,0.00001,0.00000
79.24000,1.02194,0.00310,0.00131,0.99516,0.00041,0.00000,0.00001,0.00000,0.00001,0.00000
79.38000,1.02194,0.00339,0.00138,0.99478,0.00043,0.00000,0.00001,0.00000,0.00001,0.00000
79.52000,1.02194,0.00435,0.00153,0.99356,0.00054,0.00000,0.00001,0.00000,0.00001,0.00000
79.66000,1.02193,0.00352,0.00125,0.99477,0.00043,0.00000,0.00001,0.00000,0.00001,0.00000
79.80000,1.02193,0.00454,0.00154,0.99331,0.00059,0.00000,0.00001,0.00000,0.00001,0.00000
79.94000,1.02193,0.00365,0.00130,0.99457,0.00045,0.00000,0.00001,0.00000,0.00001,0.00000
80.08000,1.02193,0.00507,0.00150,0.99280,0.00062,0.00000,0.00001,0.00000,0.00001,0.00000
80.22000,1.02193,0.00370,0.00134,0.99446,0.00046,0.00000,0.00002,0.00000,0.00001,0.00000
80.36000,1.02193,0.00272,0.00119,0.99574,0.00034,0.00000,0.00002,0.00000,0.00001,0.00000
80.50000,1.02193,0.00230,0.00101,0.99642,0.00025,0.00000,0.00001,0.00000,0.00001,0.00000
80.64000,1.02193,0.00284,0.00113,0.99571,0.00030,0.00000,0.00001,0.00000,0.00001,0.00000
80.78000,1.02194,0.00227,0.00091,0.99659,0.00021,0.00000,0.00001,0.00000,0.00001,0.00000
80.92000,1.02194,0.00231,0.00080,0.99667,0.00020,0.00000,0.00001,0.00000,0.00000,0.00000
81.06000,1.02194,0.00371,0.00141,0.99460,0.00026,0.00000,0.00001,0.00000,0.00000,0.00000
81.20000,1.02194,0.00178,0.00073,0.99735,0.00013,0.00000,0.00001,0.00000,0.00000,0.00000
81.34000,1.02194,0.00236,0.00085,0.99659,0.00019,0.00000,0.00001,0.00000,0.00000,0.00000
81.48000,1.02193,0.00426,0.00115,0.99413,0.00044,0.00000,0.00001,0.00000,0.00001,0.00000
81.62000,1.02193,0.00251,0.00101,0.99617,0.00029,0.00000,0.00001,0.00000,0.00001,0.00000
81.76000,1.02193,0.00392,0.00126,0.99434,0.00047,0.00000,0.00001,0.00000,0.00001,0.00000
81.90000,1.02193,0.00409,0.00138,0.99395,0.00057,0.00000,0.00001,0.00000,0.00001,0.00000
82.04000,1.02193,0.00303,0.00127,0.99525,0.00042,0.00000,0.00002,0.00000,0.00001,0.00000
82.18000,1.02193,0.00438,0.00140,0.99356,0.00063,0.00000,0.00001,0.00000,0.00001,0.00000
82.32000,1.02193,0.00313,0.00126,0.99517,0.00042,0.00000,0.00001,0.00000,0.00001,0.00000
82.46000,1.02194,0.00280,0.00123,0.99563,0.00032,0.00000,0.00001,0.00000,0.00001,0.00000
82.60000,1.02194,0.00403,0.00150,0.99392,0.00052,0.00000,0.00001,0.00000,0.00001,0.00000
82.74000,1.02194,0.00395,0.00165,0.99386,0.00052,0.00000,0.00001,0.00000,0.00001,0.00000
82.88000,1.02194,0.00274,0.00138,0.99553,0.00032,0.00000,0.00002,0.00000,0.00001,0.00000
83.02000,1.02194,0.00307,0.00121,0.99534,0.00036,0.00000,0.00001,0.00000,0.00001,0.00000
83.16000,1.02193,0.00249,0.00116,0.99604,0.00028,0.00000,0.00001,0.00000,0.00001,0.00000
83.30000,1.02193,0.00257,0.00105,0.99610,0.00027,0.00000,0.00001,0.00000,0.00001,0.00000
83.44000,1.02193,0.00257,0.00114,0.99599,0.00028,0.00000,0.00001,0.00000,0.00001,0.00000
83.58000,1.02193,0.00271,0.00093,0.99609,0.00026,0.00000,0.00001,0.00000,0.00000,0.00000
83.72000,1.02193,0.00349,0.00103,0.99512,0.00035,0.00000,0.00001,0.00000,0.00001,0.00000
83.86000,1.02193,0.00363,0.00106,0.99492,0.00037,0.00000,0.00001,0.00000,0.00001,0.00000
84.00000,1.02193,0.00295,0.00108,0.99564,0.00031,0.00000,0.00002,0.00000,0.00001,0.00000
84.14000,1.02193,0.00366,0.00120,0.99473,0.00038,0.00000,0.00002,0.00000,0.00001,0.00000
84.28000,1.02194,0.00345,0.00112,0.99505,0.00035,0.00000,0.00002,0.00000,0.00001,0.00000
84.42000,1.02194,0.00295,0.00095,0.99580,0.00028,0.00000,0.00001,0.00000,0.00001,0.00000
84.56000,1.02194,0.00516,0.00115,0.99318,0.00049,0.00000,0.00001,0.00000,0.00001,0.00000
84.70000,1.02194,0.00217,0.00083,0.99679,0.00018,0.00000,0.00001,0.00000,0.00001,0.00000
84.84000,1.02194,0.00329,0.00096,0.99546,0.00027,0.00000,0.00001,0.00000,0.00001,0.00000
84.98000,1.02193,0.00210,0.00079,0.99693,0.00016,0.00000,0.00001,0.00000,0.00001,0.00000
85.12000,1.02193,0.00265,0.00087,0.99626,0.00021,0.00000,0.00001,0.00000,0.00001,0.00000
85.26000,1.02193,0.00268,0.00085,0.99625,0.00021,0.00000,0.00001,0.00000,0.00001,0.00000
85.40000,1.02193,0.00224,0.00069,0.99687,0.00018,0.00000,0.00001,0.00000,0.00000,0.00000
85.54000,1.02193,0.00207,0.00068,0.99709,0.00015,0.00000,0.00001,0.00000,0.00000,0.00000
85.68000,1.02193,0.00191,0.00062,0.99733,0.00013,0.00000,0.00001,0.00000,0.00000,0.00000
85.82000,1.02193,0.00222,0.00067,0.99694,0.00016,0.00000,0.00001,0.00000,0.00000,0.00000
85.96000,1.02194,0.00173,0.00055,0.99759,0.00012,0.00000,0.00001,0.00000,0.00000,0.00000
86.10000,1.02194,0.00252,0.00063,0.99665,0.00018,0.00000,0.00001,0.00000,0.00000,0.00000
86.24000,1.02194,0.00171,0.00053,0.99763,0.00012,0.00000,0.00001,0.00000,0.00000,0.00000
86.38000,1.02194,0.00159,0.00052,0.99777,0.00010,0.00000,0.00001,0.00000,0.00000,0.00000
86.52000,1.02194,0.00163,0.00051,0.99776,0.00010,0.00000,0.00001,0.00000,0.00000,0.00000
86.66000,1.02193,0.00204,0.00056,0.99726,0.00013,0.00000,0.00001,0.00000,0.00000,0.00000
86.80000,1.02193,0.00198,0.00060,0.99728,0.00013,0.00000,0.00001,0.00000,0.00000,0.00000
86.94000,1.02193,0.00211,0.00062,0.99712,0.00014,0.00000,0.00001,0.00000,0.00000,0.00000
87.08000,1.02193,0.00253,0.00073,0.99656,0.00017,0.00000,0.00001,0.00000,0.00000,0.00000
87.22000,1.02193,0.00222,0.00077,0.99682,0.00017,0.00000,0.00001,0.00000,0.00000,0.00000
87.36000,1.02193,0.00244,0.00083,0.99650,0.00021,0.00000,0.00001,0.00000,0.00000,0.00000
87.50000,1.02193,0.00343,0.00098,0.99524,0.00033,0.00000,0.00001,0.00000,0.00000,0.00000
87.64000,1.02193,0.00290,0.00102,0.99576,0.00031,0.00000,0.00001,0.00000,0.00000,0.00000
87.78000,1.02194,0.00246,0.00103,0.99623,0.00026,0.00000,0.00001,0.00000,0.00000,0.00000
87.92000,1.02194,0.00189,0.00078,0.99713,0.00019,0.00000,0.00001,0.00000,0.00000,0.00000
88.06000,1.02194,0.00148,0.00062,0.99776,0.00012,0.00000,0.00001,0.00000,0.00000,0.00000
88.20000,1.02194,0.00148,0.00057,0.99783,0.00010,0.00000,0.00001,0.00000,0.00000,0.00000
88.34000,1.02194,0.00199,0.00058,0.99729,0.00013,0.00000,0.00000,0.00000,0.00000,0.00000
88.48000,1.02193,0.00166,0.00054,0.99770,0.00010,0.00000,0.00000,0.00000,0.00000,0.00000
88.62000,1.02193,0.00168,0.00054,0.99768,0.00010,0.00000,0.00000,0.00000,0.00000,0.00000
88.76000,1.02193,0.00211,0.00063,0.99710,0.00015,0.00000,0.00000,0.00000,0.00000,0.00000
88.90000,1.02193,0.00253,0.00083,0.99640,0.00024,0.00000,0.00001,0.00000,0.00000,0.00000
89.04000,1.02193,0.00268,0.00099,0.99598,0.00032,0.00000,0.00001,0.00000,0.00001,0.00000
89.18000,1.02193,0.00395,0.00130,0.99410,0.00062,0.00000,0.00001,0.00000,0.00001,0.00000
89.32000,1.02193,0.00293,0.00114,0.99545,0.00046,0.00000,0.00002,0.00000,0.00001,0.00000
89.46000,1.02194,0.00323,0.00107,0.99515,0.00052,0.00000,0.00001,0.00000,0.00001,0.00000
89.60000,1.02194,0.00311,0.00110,0.99528,0.00049,0.00000,0.00002,0.00000,0.00001,0.00000
89.74000,1.02194,0.00390,0.00117,0.99437,0.00054,0.00000,0.00001,0.00000,0.00001,0.00000
89.88000,1.02194,0.00250,0.00091,0.99627,0.00030,0.00000,0.00001,0.00000,0.00001,0.00000
90.02000,1.02194,0.00309,0.00093,0.99562,0.00034,0.00000,0.00001,0.00000,0.00000,0.00000
90.16000,1.02193,0.00208,0.00088,0.99681,0.00021,0.00000,0.00001,0.00000,0.00001,0.00000
90.30000,1.02193,0.00364,0.00123,0.99474,0.00037,0.00000,0.00001,0.00000,0.00001,0.00000
90.44000,1.02193,0.00433,0.00113,0.99409,0.00044,0.00000,0.00001,0.00000,0.00001,0.00000
90.58000,1.02193,0.00226,0.00087,0.99665,0.00021,0.00000,0.00001,0.00000,0.00001,0.00000
90.72000,1.02193,0.00396,0.00259,0.99315,0.00028,0.00000,0.00001,0.00000,0.00001,0.00000
90.86000,1.02193,0.00281,0.00157,0.99532,0.00028,0.00000,0.00001,0.00000,0.00000,0.00000
91.00000,1.02193,0.00398,0.00201,0.99363,0.00037,0.00000,0.00001,0.00000,0.00000,0.00000
91.14000,1.02193,0.00625,0.00289,0.99022,0.00063,0.00000,0.00000,0.00000,0.00000,0.00000
91.28000,1.02194,0.00322,0.00200,0.99441,0.00035,0.00000,0.00001,0.00000,0.00000,0.00000
91.42000,1.02194,0.00268,0.00213,0.99487,0.00031,0.00000,0.00001,0.00000,0.00001,0.00000
91.56000,1.02194,0.00274,0.00332,0.99351,0.00041,0.00000,0.00001,0.00000,0.00001,0.00000
91.70000,1.02194,0.00335,0.00158,0.99466,0.00039,0.00000,0.00001,0.00000,0.00001,0.00000
91.84000,1.02194,0.00258,0.00135,0.99577,0.00028,0.00000,0.00001,0.00000,0.00001,0.00000
91.98000,1.02193,0.00362,0.00140,0.99459,0.00037,0.00000,0.00001,0.00000,0.00001,0.00000
92.12000,1.02193,0.00260,0.00127,0.99585,0.00026,0.00000,0.00001,0.00000,0.00001,0.00000
92.26000,1.02193,0.00234,0.00130,0.99610,0.00024,0.00000,0.00001,0.00000,0.00001,0.00000
92.40000,1.02193,0.00358,0.00163,0.99434,0.00043,0.00000,0.00001,0.00000,0.00001,0.00000
92.54000,1.02193,0.00313,0.00147,0.99507,0.00031,0.00000,0.00001,0.00000,0.00001,0.00000
92.68000,1.02193,0.00281,0.00126,0.99562,0.00030,0.00000,0.00001,0.00000,0.00001,0.00000
92.82000,1.02193,0.00390,0.00168,0.99398,0.00042,0.00000,0.00001,0.00000,0.00001,0.00000
92.96000,1.02194,0.00258,0.00129,0.99584,0.00027,0.00000,0.00001,0.00000,0.00000,0.00000
93.10000,1.02194,0.00319,0.00154,0.99489,0.00036,0.00000,0.00001,0.00000,0.00001,0.00000
93.24000,1.02194,0.00438,0.00162,0.99348,0.00050,0.00000,0.00001,0.00000,0.00001,0.00000
93.38000,1.02194,0.00348,0.00166,0.99440,0.00044,0.00000,0.00001,0.00000,0.00001,0.00000
93.52000,1.02194,0.00501,0.00224,0.99196,0.00076,0.00000,0.00001,0.00000,0.00001,0.00000
93.66000,1.02193,0.00369,0.00227,0.99334,0.00066,0.00000,0.00002,0.00000,0.00001,0.00000
93.80000,1.02193,0.00390,0.00210,0.99321,0.00076,0.00000,0.00002,0.00000,0.00001,0.00000
93.94000,1.02193,0.00506,0.00217,0.99172,0.00101,0.00000,0.00002,0.00000,0.00001,0.00000
94.08000,1.02193,0.00457,0.00197,0.99257,0.00085,0.00000,0.00002,0.00000,0.00001,0.00000
94.22000,1.02193,0.00389,0.00163,0.99375,0.00070,0.00000,0.00002,0.00000,0.00001,0.00000
94.36000,1.02193,0.00457,0.00152,0.99311,0.00077,0.00000,0.00002,0.00000,0.00001,0.00000
94.50000,1.02193,0.00375,0.00135,0.99432,0.00056,0.00000,0.00002,0.00000,0.00001,0.00000
94.64000,1.02193,0.00274,0.00105,0.99584,0.00035,0.00000,0.00001,0.00000,0.00001,0.00000
94.78000,1.02194,0.00230,0.00091,0.99651,0.00026,0.00000,0.00001,0.00000,0.00001,0.00000
94.92000,1.02194,0.00355,0.00107,0.99497,0.00040,0.00000,0.00001,0.00000,0.00001,0.00000
95.06000,1.02194,0.00194,0.00075,0.99712,0.00018,0.00000,0.00001,0.00000,0.00000,0.00000
95.20000,1.02194,0.00234,0.00074,0.99671,0.00020,0.00000,0.00001,0.00000,0.00000,0.00000
95.34000,1.02194,0.00197,0.00065,0.99722,0.00015,0.00000,0.00000,0.00000,0.00000,0.00000
95.48000,1.02193,0.00206,0.00075,0.99702,0.00016,0.00000,0.00001,0.00000,0.00000,0.00000
95.62000,1.02193,0.00215,0.00077,0.99689,0.00018,0.00000,0.00001,0.00000,0.00000,0.00000
95.76000,1.02193,0.00217,0.00080,0.99683,0.00019,0.00000,0.00001,0.00000,0.00000,0.00000
95.90000,1.02193,0.00240,0.00077,0.99662,0.00020,0.00000,0.00001,0.00000,0.00000,0.00000
96.04000,1.02193,0.00181,0.00065,0.99738,0.00014,0.00000,0.00001,0.00000,0.00000,0.00000
96.18000,1.02193,0.00220,0.00065,0.99697,0.00018,0.00000,0.00001,0.00000,0.00000,0.00000
96.32000,1.02193,0.00191,0.00061,0.99732,0.00014,0.00000,0.00001,0.00000,0.00000,0.00000
96.46000,1.02194,0.00150,0.00051,0.99788,0.00010,0.00000,0.00001,0.00000,0.00000,0.00000
96.60000,1.02194,0.00197,0.00059,0.99730,0.00013,0.00000,0.00001,0.00000,0.00000,0.00000
96.74000,1.02194,0.00173,0.00065,0.99750,0.00012,0.00000,0.00001,0.00000,0.00000,0.00000
96.88000,1.02194,0.00166,0.00069,0.99753,0.00011,0.00000,0.00001,0.00000,0.00000,0.00000
97.02000,1.02194,0.00227,0.00078,0.99678,0.00016,0.00000,0.00001,0.00000,0.00000,0.00000
97.16000,1.02193,0.00249,0.00097,0.99633,0.00020,0.00000,0.00001,0.00000,0.00000,0.00000
97.30000,1.02193,0.00258,0.00122,0.99595,0.00024,0.00000,0.00001,0.00000,0.00000,0.00000
97.44000,1.02193,0.00235,0.00110,0.99630,0.00023,0.00000,0.00001,0.00000,0.00000,0.00000
97.58000,1.02193,0.00248,0.00119,0.99605,0.00026,0.00000,0.00001,0.00000,0.00000,0.00000
97.72000,1.02193,0.00292,0.00132,0.99541,0.00033,0.00000,0.00001,0.00000,0.00001,0.00000
97.86000,1.02193,0.00259,0.00129,0.99579,0.00032,0.00000,0.00001,0.00000,0.00000,0.00000
98.00000,1.02193,0.00302,0.00132,0.99527,0.00037,0.00000,0.00001,0.00000,0.00000,0.00000
98.14000,1.02193,0.00354,0.00170,0.99427,0.00047,0.00000,0.00001,0.00000,0.00001,0.00000
98.28000,1.02194,0.00228,0.00118,0.99629,0.00023,0.00000,0.00001,0.00000,0.00000,0.00000
98.42000,1.02194,0.00349,0.00143,0.99468,0.00039,0.00000,0.00001,0.00000,0.00000,0.00000
98.56000,1.02194,0.00205,0.00105,0.99668,0.00021,0.00000,0.00001,0.00000,0.00000,0.00000
98.70000,1.02194,0.00250,0.00101,0.99622,0.00026,0.00000,0.00001,0.00000,0.00000,0.00000
98.84000,1.02194,0.00301,0.00114,0.99550,0.00034,0.00000,0.00001,0.00000,0.00000,0.00000
98.98000,1.02193,0.00385,0.00139,0.99426,0.00048,0.00000,0.00001,0.00000,0.00000,0.00000
99.12000,1.02193,0.00358,0.00160,0.99433,0.00048,0.00000,0.00001,0.00000,0.00001,0.00000
99.26000,1.02193,0.00478,0.00194,0.99247,0.00079,0.00000,0.00001,0.00000,0.00001,0.00000
99.40000,1.02193,0.00311,0.00204,0.99420,0.00063,0.00000,0.00002,0.00000,0.00001,0.00000
99.54000,1.02193,0.00512,0.00214,0.99168,0.00103,0.00000,0.00002,0.00000,0.00001,0.00000
99.68000,1.02193,0.00575,0.00210,0.99100,0.00112,0.00000,0.00001,0.00000,0.00001,0.00000
99.82000,1.02193,0.00482,0.00229,0.99194,0.00093,0.00000,0.00001,0.00000,0.00001,0.00000
99.96000,1.02194,0.00339,0.00187,0.99416,0.00055,0.00000,0.00002,0.00000,0.00001,0.00000
100.10000,1.02194,0.00334,0.00154,0.99464,0.00045,0.00000,0.00001,0.00000,0.00001,0.00000
100.24000,1.02194,0.00234,0.00117,0.99622,0.00025,0.00000,0.00001,0.00000,0.00001,0.00000
100.38000,1.02194,0.00369,0.00139,0.99448,0.00042,0.00000,0.00001,0.00000,0.00001,0.00000
100.52000,1.02194,0.00404,0.00155,0.99389,0.00050,0.00000,0.00001,0.00000,0.00001,0.00000
100.66000,1.02193,0.00394,0.00150,0.99405,0.00049,0.00000,0.00001,0.00000,0.00001,0.00000
100.80000,1.02193,0.00315,0.00158,0.99482,0.00043,0.00000,0.00001,0.00000,0.00001,0.00000
100.94000,1.02193,0.00437,0.00183,0.99315,0.00064,0.00000,0.00001,0.00000,0.00001,0.00000
101.08000,1.02193,0.00347,0.00157,0.99442,0.00052,0.00000,0.00001,0.00000,0.00001,0.00000
101.22000,1.02193,0.00423,0.00204,0.99301,0.00070,0.00000,0.00001,0.00000,0.00001,0.00000
101.36000,1.02193,0.00377,0.00237,0.99333,0.00050,0.00000,0.00001,0.00000,0.00001,0.00000
101.50000,1.02193,0.00334,0.00193,0.99428,0.00044,0.00000,0.00001,0.00000,0.00001,0.00000
101.64000,1.02193,0.00221,0.00157,0.99595,0.00026,0.00000,0.00001,0.00000,0.00000,0.00000
101.78000,1.02194,0.00354,0.00175,0.99427,0.00043,0.00000,0.00001,0.00000,0.00000,0.00000
101.92000,1.02194,0.00314,0.00141,0.99510,0.00035,0.00000,0.00001,0.00000,0.00000,0.00000
102.06000,1.02194,0.00308,0.00162,0.99491,0.00038,0.00000,0.00001,0.00000,0.00000,0.00000
102.20000,1.02194,0.00351,0.00186,0.99417,0.00046,0.00000,0.00001,0.00000,0.00000,0.00000
102.34000,1.02194,0.00428,0.00225,0.99276,0.00069,0.00000,0.00001,0.00000,0.00001,0.00000
102.48000,1.02193,0.00456,0.00181,0.99291,0.00070,0.00000,0.00001,0.00000,0.00001,0.00000
102.62000,1.02193,0.00447,0.00177,0.99299,0.00075,0.00000,0.00001,0.00000,0.00001,0.00000
102.76000,1.02193,0.00415,0.00181,0.99329,0.00073,0.00000,0.00001,0.00000,0.00001,0.00000
102.90000,1.02193,0.00603,0.00230,0.99051,0.00114,0.00000,0.00001,0.00000,0.00001,0.00000
103.04000,1.02193,0.00381,0.00168,0.99386,0.00063,0.00000,0.00001,0.00000,0.00001,0.00000
103.18000,1.02193,0.00553,0.00193,0.99162,0.00090,0.00000,0.00001,0.00000,0.00001,0.00000
103.32000,1.02193,0.00494,0.00170,0.99258,0.00077,0.00000,0.00001,0.00000,0.00001,0.00000
103.46000,1.02194,0.00329,0.00143,0.99480,0.00046,0.00000,0.00001,0.00000,0.00001,0.00000
103.60000,1.02194,0.00348,0.00131,0.99475,0.00045,0.00000,0.00001,0.00000,0.00001,0.00000
103.74000,1.02194,0.00350,0.00138,0.99466,0.00045,0.00000,0.00001,0.00000,0.00000,0.00000
103.88000,1.02194,0.00399,0.00135,0.99416,0.00049,0.00000,0.00001,0.00000,0.00000,0.00000
104.02000,1.02194,0.00385,0.00132,0.99428,0.00053,0.00000,0.00001,0.00000,0.00001,0.00000
104.16000,1.02193,0.00400,0.00138,0.99398,0.00062,0.00000,0.00001,0.00000,0.00001,0.00000
104.30000,1.02193,0.00452,0.00163,0.99302,0.00082,0.00000,0.00001,0.00000,0.00001,0.00000
104.44000,1.02193,0.00482,0.00175,0.99231,0.00109,0.00000,0.00002,0.00000,0.00001,0.00000
104.58000,1.02193,0.00552,0.00183,0.99110,0.00152,0.00000,0.00002,0.00000,0.00001,0.00000
104.72000,1.02193,0.00437,0.00168,0.99267,0.00126,0.00000,0.00002,0.00000,0.00001,0.00000
104.86000,1.02193,0.00616,0.00217,0.98994,0.00171,0.00000,0.00001,0.00000,0.00001,0.00000
105.00000,1.02193,0.00692,0.00212,0.98899,0.00195,0.00000,0.00001,0.00000,0.00001,0.00000
105.14000,1.02193,0.00458,0.00174,0.99240,0.00126,0.00000,0.00002,0.00000,0.00001,0.00000
105.28000,1.02194,0.00434,0.00165,0.99292,0.00107,0.00000,0.00001,0.00000,0.00001,0.00000
105.42000,1.02194,0.00397,0.00146,0.99372,0.00083,0.00000,0.00001,0.00000,0.00001,0.00000
105.56000,1.02194,0.00410,0.00144,0.99361,0.00084,0.00000,0.00001,0.00000,0.00001,0.00000
105.70000,1.02194,0.00426,0.00136,0.99356,0.00080,0.00000,0.00001,0.00000,0.00001,0.00000
105.84000,1.02194,0.00370,0.00113,0.99458,0.00057,0.00000,0.00001,0.00000,0.00001,0.00000
105.98000,1.02193,0.00371,0.00112,0.99463,0.00052,0.00000,0.00001,0.00000,0.00001,0.00000
106.12000,1.02193,0.00430,0.00117,0.99393,0.00059,0.00000,0.00001,0.00000,0.00000,0.00000
106.26000,1.02193,0.00538,0.00135,0.99243,0.00082,0.00000,0.00001,0.00000,0.00001,0.00000
106.40000,1.02193,0.00384,0.00133,0.99413,0.00069,0.00000,0.00001,0.00000,0.00001,0.00000
106.54000,1.02193,0.00250,0.00099,0.99610,0.00040,0.00000,0.00001,0.00000,0.00000,0.00000
106.68000,1.02193,0.00289,0.00092,0.99574,0.00044,0.00000,0.00001,0.00000,0.00000,0.00000
106.82000,1.02193,0.00281,0.00086,0.99593,0.00040,0.00000,0.00001,0.00000,0.00000,0.00000
106.96000,1.02194,0.00205,0.00076,0.99691,0.00027,0.00000,0.00001,0.00000,0.00000,0.00000
107.10000,1.02194,0.00256,0.00077,0.99638,0.00028,0.00000,0.00000,0.00000,0.00000,0.00000
107.24000,1.02194,0.00164,0.00059,0.99762,0.00014,0.00000,0.00000,0.00000,0.00000,0.00000
107.38000,1.02194,0.00163,0.00066,0.99755,0.00015,0.00000,0.00001,0.00000,0.00000,0.00000
107.52000,1.02194,0.00180,0.00061,0.99743,0.00014,0.00000,0.00001,0.00000,0.00000,0.00000
107.66000,1.02193,0.00240,0.00078,0.99660,0.00021,0.00000,0.00001,0.00000,0.00000,0.00000
107.80000,1.02193,0.00368,0.00112,0.99480,0.00039,0.00000,0.00001,0.00000,0.00000,0.00000
107.94000,1.02193,0.00269,0.00106,0.99589,0.00034,0.00000,0.00001,0.00000,0.00001,0.00000
108.08000,1.02193,0.00240,0.00092,0.99638,0.00029,0.00000,0.00001,0.00000,0.00000,0.00000
108.22000,1.02193,0.00234,0.00098,0.99639,0.00027,0.00000,0.00001,0.00000,0.00000,0.00000
108.36000,1.02193,0.00291,0.00102,0.99570,0.00036,0.00000,0.00001,0.00000,0.00000,0.00000
108.50000,1.02193,0.00236,0.00091,0.99643,0.00029,0.00000,0.00001,0.00000,0.00000,0.00000
108.64000,1.02193,0.00154,0.00063,0.99768,0.00015,0.00000,0.00000,0.00000,0.00000,0.00000
108.78000,1.02194,0.00306,0.00075,0.99590,0.00029,0.00000,0.00000,0.00000,0.00000,0.00000
108.92000,1.02194,0.00250,0.00071,0.99652,0.00027,0.00000,0.00000,0.00000,0.00000,0.00000
109.06000,1.02194,0.00269,0.00079,0.99618,0.00033,0.00000,0.00001,0.00000,0.00000,0.00000
109.20000,1.02194,0.00395,0.00101,0.99441,0.00062,0.00000,0.00001,0.00000,0.00000,0.00000
109.34000,1.02194,0.00382,0.00121,0.99430,0.00066,0.00000,0.00001,0.00000,0.00000,0.00000
109.48000,1.02193,0.00369,0.00141,0.99410,0.00078,0.00000,0.00001,0.00000,0.00001,0.00000
109.62000,1.02193,0.00329,0.00120,0.99478,0.00072,0.00000,0.00001,0.00000,0.00000,0.00000
109.76000,1.02193,0.00376,0.00131,0.99416,0.00075,0.00000,0.00001,0.00000,0.00000,0.00000
109.90000,1.02193,0.00312,0.00118,0.99512,0.00057,0.00000,0.00001,0.00000,0.00000,0.00000
110.04000,1.02193,0.00340,0.00117,0.99486,0.00056,0.00000,0.00001,0.00000,0.00000,0.00000
110.18000,1.02193,0.00239,0.00089,0.99641,0.00030,0.00000,0.00001,0.00000,0.00000,0.00000
110.32000,1.02193,0.00252,0.00101,0.99614,0.00032,0.00000,0.00001,0.00000,0.00000,0.00000
110.46000,1.02194,0.00174,0.00066,0.99742,0.00017,0.00000,0.00001,0.00000,0.00000,0.00000
110.60000,1.02194,0.00188,0.00060,0.99734,0.00017,0.00000,0.00000,0.00000,0.00000,0.00000
110.74000,1.02194,0.00171,0.00058,0.99756,0.00014,0.00000,0.00000,0.00000,0.00000,0.00000
110.88000,1.02194,0.00221,0.00066,0.99694,0.00019,0.00000,0.00000,0.00000,0.00000,0.00000
111.02000,1.02194,0.00245,0.00082,0.99649,0.00023,0.00000,0.00000,0.00000,0.00000,0.00000
111.16000,1.02193,0.00197,0.00077,0.99705,0.00020,0.00000,0.00001,0.00000,0.00000,0.00000
111.30000,1.02193,0.00183,0.00075,0.99723,0.00018,0.00000,0.00001,0.00000,0.00000,0.00000
111.44000,1.02193,0.00199,0.00076,0.99704,0.00020,0.00000,0.00000,0.00000,0.00000,0.00000
111.58000,1.02193,0.00334,0.00098,0.99528,0.00039,0.00000,0.00000,0.00000,0.00000,0.00000
111.72000,1.02193,0.00211,0.00088,0.99673,0.00026,0.00000,0.00001,0.00000,0.00000,0.00000
111.86000,1.02193,0.00246,0.00075,0.99652,0.00027,0.00000,0.00000,0.00000,0.00000,0.00000
112.00000,1.02193,0.00234,0.00079,0.99662,0.00025,0.00000,0.00000,0.00000,0.00000,0.00000
112.14000,1.02193,0.00313,0.00107,0.99541,0.00038,0.00000,0.00001,0.00000,0.00000,0.00000
112.28000,1.02194,0.00318,0.00102,0.99537,0.00041,0.00000,0.00001,0.00000,0.00000,0.00000
112.42000,1.02194,0.00383,0.00130,0.99426,0.00059,0.00000,0.00001,0.00000,0.00000,0.00000
112.56000,1.02194,0.00292,0.00124,0.99537,0.00046,0.00000,0.00001,0.00000,0.00001,0.00000
112.70000,1.02194,0.00506,0.00157,0.99234,0.00101,0.00000,0.00001,0.00000,0.00001,0.00000
112.84000,1.02194,0.00670,0.00165,0.98991,0.00171,0.00000,0.00001,0.00000,0.00001,0.00000
112.98000,1.02193,0.00799,0.00168,0.98759,0.00271,0.00000,0.00002,0.00000,0.00001,0.00000
113.12000,1.02193,0.01021,0.00157,0.98406,0.00413,0.00000,0.00002,0.00000,0.00001,0.00001
113.26000,1.02193,0.01135,0.00169,0.98121,0.00572,0.00000,0.00002,0.00000,0.00001,0.00001
113.40000,1.02193,0.01280,0.00155,0.97813,0.00748,0.00000,0.00002,0.00000,0.00001,0.00001
113.54000,1.02193,0.01157,0.00129,0.97929,0.00780,0.00000,0.00003,0.00000,0.00001,0.00001
113.68000,1.02193,0.01175,0.00119,0.97894,0.00806,0.00000,0.00003,0.00000,0.00001,0.00001
113.82000,1.02193,0.01103,0.00125,0.98041,0.00726,0.00000,0.00003,0.00000,0.00001,0.00001
113.96000,1.02194,0.01488,0.00142,0.97417,0.00948,0.00000,0.00002,0.00000,0.00001,0.00001
114.10000,1.02194,0.01386,0.00145,0.97551,0.00912,0.00000,0.00003,0.00000,0.00001,0.00001
114.24000,1.02194,0.01326,0.00150,0.97681,0.00838,0.00000,0.00003,0.00000,0.00001,0.00001
114.38000,1.02194,0.01205,0.00134,0.97898,0.00758,0.00000,0.00003,0.00000,0.00001,0.00001
114.52000,1.02194,0.01303,0.00134,0.97727,0.00831,0.00000,0.00003,0.00000,0.00001,0.00001
114.66000,1.02193,0.01664,0.00145,0.97061,0.01124,0.00001,0.00003,0.00000,0.00001,0.00001
114.80000,1.02193,0.01405,0.00137,0.97481,0.00971,0.00001,0.00003,0.00000,0.00002,0.00001
114.94000,1.02193,0.02277,0.00175,0.96001,0.01539,0.00001,0.00003,0.00000,0.00002,0.00002
115.08000,1.02193,0.01378,0.00152,0.97557,0.00906,0.00001,0.00004,0.00000,0.00002,0.00001
115.22000,1.02193,0.01902,0.00158,0.96704,0.01229,0.00001,0.00003,0.00000,0.00001,0.00001
115.36000,1.02193,0.01267,0.00132,0.97838,0.00757,0.00000,0.00003,0.00000,0.00001,0.00001
115.50000,1.02193,0.01533,0.00130,0.97415,0.00916,0.00000,0.00003,0.00000,0.00001,0.00001
115.64000,1.02193,0.01621,0.00173,0.97221,0.00978,0.00001,0.00004,0.00000,0.00002,0.00001
115.78000,1.02194,0.01650,0.00162,0.97221,0.00962,0.00001,0.00003,0.00000,0.00002,0.00001
115.92000,1.02194,0.01703,0.00186,0.97000,0.01104,0.00001,0.00004,0.00000,0.00002,0.00001
116.06000,1.02194,0.01612,0.00167,0.97146,0.01068,0.00001,0.00004,0.00000,0.00002,0.00001
116.20000,1.02194,0.01298,0.00147,0.97653,0.00894,0.00001,0.00005,0.00000,0.00002,0.00001
116.34000,1.02194,0.01617,0.00147,0.97132,0.01096,0.00001,0.00004,0.00000,0.00002,0.00001
116.48000,1.02193,0.01288,0.00150,0.97675,0.00880,0.00001,0.00004,0.00000,0.00002,0.00001
116.62000,1.02193,0.01572,0.00123,0.97185,0.01113,0.00001,0.00003,0.00000,0.00001,0.00001
116.76000,1.02193,0.01157,0.00124,0.97919,0.00795,0.00000,0.00003,0.00000,0.00001,0.00001
116.90000,1.02193,0.00969,0.00116,0.98283,0.00627,0.00000,0.00002,0.00000,0.00001,0.00001
117.04000,1.02193,0.00909,0.00142,0.98428,0.00519,0.00000,0.00001,0.00000,0.00001,0.00000
117.18000,1.02193,0.00425,0.00088,0.99310,0.00175,0.00000,0.00001,0.00000,0.00000,0.00000
117.32000,1.02193,0.00534,0.00114,0.99165,0.00185,0.00000,0.00001,0.00000,0.00000,0.00000
117.46000,1.02194,0.00448,0.00113,0.99304,0.00134,0.00000,0.00001,0.00000,0.00000,0.00000
117.60000,1.02194,0.00419,0.00136,0.99336,0.00108,0.00000,0.00001,0.00000,0.00000,0.00000
117.74000,1.02194,0.00410,0.00150,0.99357,0.00083,0.00000,0.00000,0.00000,0.00000,0.00000
117.88000,1.02194,0.00344,0.00166,0.99414,0.00074,0.00000,0.00001,0.00000,0.00000,0.00000
118.02000,1.02194,0.00308,0.00121,0.99512,0.00057,0.00000,0.00001,0.00000,0.00000,0.00000
118.16000,1.02193,0.00293,0.00116,0.99537,0.00052,0.00000,0.00001,0.00000,0.00000,0.00000
118.30000,1.02193,0.00271,0.00119,0.99570,0.00040,0.00000,0.00000,0.00000,0.00000,0.00000
118.44000,1.02193,0.00309,0.00122,0.99525,0.00042,0.00000,0.00000,0.00000,0.00000,0.00000
118.58000,1.02193,0.00217,0.00077,0.99684,0.00022,0.00000,0.00000,0.00000,0.00000,0.00000
118.72000,1.02193,0.00265,0.00108,0.99597,0.00030,0.00000,0.00000,0.00000,0.00000,0.00000
118.86000,1.02193,0.00221,0.00072,0.99683,0.00023,0.00000,0.00000,0.00000,0.00000,0.00000
119.00000,1.02193,0.00225,0.00072,0.99677,0.00025,0.00000,0.00000,0.00000,0.00000,0.00000
119.14000,1.02193,0.00195,0.00075,0.99710,0.00020,0.00000,0.00000,0.00000,0.00000,0.00000
119.28000,1.02194,0.00246,0.00087,0.99641,0.00026,0.00000,0.00000,0.00000,0.00000,0.00000
119.42000,1.02194,0.00344,0.00100,0.99513,0.00042,0.00000,0.00000,0.00000,0.00000,0.00000
119.56000,1.02194,0.00259,0.00106,0.99599,0.00035,0.00000,0.00000,0.00000,0.00000,0.00000
119.70000,1.02194,0.00343,0.00129,0.99475,0.00053,0.00000,0.00001,0.00000,0.00000,0.00000
119.84000,1.02194,0.00211,0.00086,0.99669,0.00033,0.00000,0.00001,0.00000,0.00000,0.00000
119.98000,1.02193,0.00300,0.00110,0.99534,0.00055,0.00000,0.00001,0.00000,0.00000,0.00000
120.12000,1.02193,0.00335,0.00146,0.99438,0.00080,0.00000,0.00001,0.00000,0.00000,0.00000
120.26000,1.02193,0.00371,0.00131,0.99400,0.00096,0.00000,0.00001,0.00000,0.00000,0.00000
120.40000,1.02193,0.00396,0.00177,0.99307,0.00118,0.00000,0.00001,0.00000,0.00001,0.00000
120.54000,1.02193,0.00545,0.00250,0.99048,0.00155,0.00000,0.00001,0.00000,0.00001,0.00000
120.68000,1.02193,0.00365,0.00170,0.99371,0.00093,0.00000,0.00001,0.00000,0.00000,0.00000
120.82000,1.02193,0.00629,0.00187,0.99000,0.00182,0.00000,0.00001,0.00000,0.00000,0.00000
120.96000,1.02194,0.00487,0.00178,0.99180,0.00154,0.00000,0.00001,0.00000,0.00000,0.00000
121.10000,1.02194,0.00436,0.00142,0.99270,0.00152,0.00000,0.00001,0.00000,0.00000,0.00000
121.24000,1.02194,0.00393,0.00126,0.99344,0.00136,0.00000,0.00001,0.00000,0.00000,0.00000
121.38000,1.02194,0.00522,0.00182,0.99080,0.00214,0.00000,0.00001,0.00000,0.00000,0.00000
121.52000,1.02194,0.00372,0.00122,0.99371,0.00133,0.00000,0.00001,0.00000,0.00000,0.00000
121.66000,1.02193,0.00442,0.00117,0.99300,0.00140,0.00000,0.00001,0.00000,0.00000,0.00000
121.80000,1.02193,0.00386,0.00116,0.99378,0.00119,0.00000,0.00001,0.00000,0.00000,0.00000
121.94000,1.02193,0.00331,0.00098,0.99477,0.00094,0.00000,0.00001,0.00000,0.00000,0.00000
122.08000,1.02193,0.00630,0.00132,0.99046,0.00191,0.00000,0.00001,0.00000,0.00000,0.00000
122.22000,1.02193,0.00375,0.00103,0.99402,0.00119,0.00000,0.00001,0.00000,0.00000,0.00000
122.36000,1.02193,0.00559,0.00138,0.99120,0.00182,0.00000,0.00001,0.00000,0.00000,0.00000
122.50000,1.02193,0.00400,0.00097,0.99369,0.00133,0.00000,0.00001,0.00000,0.00000,0.00000
122.64000,1.02193,0.00528,0.00137,0.99153,0.00180,0.00000,0.00001,0.00000,0.00000,0.00000
122.78000,1.02194,0.00452,0.00117,0.99266,0.00164,0.00000,0.00001,0.00000,0.00001,0.00000
122.92000,1.02194,0.00594,0.00145,0.99040,0.00219,0.00000,0.00001,0.00000,0.00000,0.00000
123.06000,1.02194,0.00489,0.00145,0.99194,0.00171,0.00000,0.00001,0.00000,0.00001,0.00000
123.20000,1.02194,0.00540,0.00163,0.99099,0.00196,0.00000,0.00001,0.00000,0.00001,0.00000
123.34000,1.02194,0.00617,0.00168,0.98989,0.00224,0.00000,0.00001,0.00000,0.00001,0.00000
123.48000,1.02193,0.00622,0.00160,0.98976,0.00240,0.00000,0.00001,0.00000,0.00001,0.00000
123.62000,1.02193,0.00543,0.00177,0.99070,0.00207,0.00000,0.00001,0.00000,0.00001,0.00000
123.76000,1.02193,0.00809,0.00179,0.98669,0.00340,0.00000,0.00001,0.00000,0.00001,0.00000
123.90000,1.02193,0.00603,0.00196,0.98947,0.00252,0.00000,0.00001,0.00000,0.00001,0.00000
124.04000,1.02193,0.00663,0.00148,0.98892,0.00294,0.00000,0.00001,0.00000,0.00001,0.00000
124.18000,1.02193,0.00745,0.00158,0.98745,0.00349,0.00000,0.00002,0.00000,0.00001,0.00000
124.32000,1.02193,0.00555,0.00141,0.99084,0.00217,0.00000,0.00001,0.00000,0.00001,0.00000
124.46000,1.02194,0.00618,0.00154,0.98984,0.00243,0.00000,0.00001,0.00000,0.00001,0.00000
124.60000,1.02194,0.00500,0.00112,0.99220,0.00167,0.00000,0.00001,0.00000,0.00000,0.00000
124.74000,1.02194,0.00545,0.00118,0.99152,0.00184,0.00000,0.00001,0.00000,0.00000,0.00000
124.88000,1.02194,0.00581,0.00124,0.99091,0.00202,0.00000,0.00001,0.00000,0.00000,0.00000
125.02000,1.02194,0.00546,0.00123,0.99127,0.00202,0.00000,0.00001,0.00000,0.00000,0.00000
125.16000,1.02193,0.00625,0.00159,0.98947,0.00267,0.00000,0.00001,0.00000,0.00000,0.00000
125.30000,1.02193,0.00740,0.00172,0.98730,0.00354,0.00000,0.00002,0.00000,0.00001,0.00000
125.44000,1.02193,0.00683,0.00158,0.98833,0.00322,0.00000,0.00002,0.00000,0.00001,0.00000
125.58000,1.02193,0.00811,0.00167,0.98659,0.00360,0.00000,0.00001,0.00000,0.00001,0.00000
125.72000,1.02193,0.00529,0.00153,0.99114,0.00201,0.00000,0.00001,0.00000,0.00001,0.00000
125.86000,1.02193,0.00490,0.00168,0.99176,0.00163,0.00000,0.00001,0.00000,0.00001,0.00000
126.00000,1.02193,0.00495,0.00171,0.99176,0.00155,0.00000,0.00001,0.00000,0.00001,0.00000
126.14000,1.02193,0.00407,0.00161,0.99310,0.00119,0.00000,0.00001,0.00000,0.00001,0.00000
126.28000,1.02194,0.00381,0.00156,0.99368,0.00093,0.00000,0.00001,0.00000,0.00001,0.00000
126.42000,1.02194,0.00599,0.00198,0.99056,0.00145,0.00000,0.00001,0.00000,0.00001,0.00000
126.56000,1.02194,0.00430,0.00183,0.99278,0.00107,0.00000,0.00002,0.00000,0.00001,0.00000
126.70000,1.02194,0.00475,0.00178,0.99221,0.00124,0.00000,0.00002,0.00000,0.00001,0.00000
126.84000,1.02194,0.00402,0.00147,0.99362,0.00087,0.00000,0.00001,0.00000,0.00001,0.00000
126.98000,1.02193,0.00327,0.00145,0.99467,0.00060,0.00000,0.00001,0.00000,0.00000,0.00000
127.12000,1.02193,0.00313,0.00123,0.99509,0.00053,0.00000,0.00001,0.00000,0.00000,0.00000
127.26000,1.02193,0.00204,0.00080,0.99687,0.00028,0.00000,0.00001,0.00000,0.00000,0.00000
127.40000,1.02193,0.00153,0.00068,0.99762,0.00016,0.00000,0.00000,0.00000,0.00000,0.00000
127.54000,1.02193,0.00208,0.00065,0.99707,0.00019,0.00000,0.00000,0.00000,0.00000,0.00000
127.68000,1.02193,0.00218,0.00067,0.99696,0.00019,0.00000,0.00000,0.00000,0.00000,0.00000
127.82000,1.02193,0.00281,0.00072,0.99618,0.00028,0.00000,0.00000,0.00000,0.00000,0.00000
127.96000,1.02193,0.00335,0.00095,0.99528,0.00041,0.00000,0.00001,0.00000,0.00000,0.00000
128.10001,1.02193,0.00264,0.00096,0.99598,0.00040,0.00000,0.00001,0.00000,0.00000,0.00000
128.24001,1.02193,0.00391,0.00138,0.99394,0.00075,0.00000,0.00001,0.00000,0.00001,0.00000
128.38000,1.02193,0.00468,0.00150,0.99269,0.00111,0.00000,0.00001,0.00000,0.00001,0.00000
128.52000,1.02193,0.00687,0.00175,0.98940,0.00195,0.00000,0.00002,0.00000,0.00001,0.00000
128.66000,1.02193,0.00533,0.00174,0.99127,0.00164,0.00000,0.00002,0.00000,0.00001,0.00000
128.80000,1.02193,0.00693,0.00217,0.98875,0.00212,0.00000,0.00002,0.00000,0.00001,0.00000
128.94000,1.02194,0.00433,0.00190,0.99241,0.00133,0.00000,0.00002,0.00000,0.00001,0.00000
129.08000,1.02194,0.00623,0.00203,0.98976,0.00195,0.00000,0.00002,0.00000,0.00001,0.00000
129.22000,1.02194,0.00621,0.00204,0.98991,0.00181,0.00000,0.00002,0.00000,0.00001,0.00000
129.36000,1.02194,0.00592,0.00195,0.99049,0.00162,0.00000,0.00001,0.00000,0.00001,0.00000
129.50000,1.02194,0.00542,0.00227,0.99081,0.00148,0.00000,0.00002,0.00000,0.00001,0.00000
129.64000,1.02194,0.00418,0.00179,0.99300,0.00101,0.00000,0.00002,0.00000,0.00001,0.00000
129.78000,1.02194,0.00408,0.00174,0.99327,0.00090,0.00000,0.00001,0.00000,0.00001,0.00000
129.92000,1.02194,0.00382,0.00148,0.99385,0.00082,0.00000,0.00001,0.00000,0.00000,0.00000
130.06000,1.02194,0.00392,0.00167,0.99356,0.00084,0.00000,0.00001,0.00000,0.00001,0.00000
130.20000,1.02194,0.00337,0.00146,0.99455,0.00061,0.00000,0.00001,0.00000,0.00000,0.00000
130.34000,1.02194,0.00427,0.00184,0.99319,0.00069,0.00000,0.00001,0.00000,0.00000,0.00000
130.48000,1.02194,0.00379,0.00182,0.99377,0.00060,0.00000,0.00001,0.00000,0.00001,0.00000
130.62000,1.02194,0.00351,0.00164,0.99433,0.00050,0.00000,0.00001,0.00000,0.00001,0.00000
130.75999,1.02194,0.00277,0.00123,0.99565,0.00033,0.00000,0.00001,0.00000,0.00000,0.00000
130.89999,1.02194,0.00214,0.00091,0.99672,0.00022,0.00000,0.00001,0.00000,0.00000,0.00000
131.03999,1.02194,0.00247,0.00087,0.99640,0.00025,0.00000,0.00001,0.00000,0.00000,0.00000
131.17999,1.02194,0.00251,0.00088,0.99631,0.00029,0.00000,0.00001,0.00000,0.00000,0.00000
131.32001,1.02193,0.00168,0.00064,0.99749,0.00018,0.00000,0.00000,0.00000,0.00000,0.00000
131.46001,1.02193,0.00166,0.00062,0.99755,0.00016,0.00000,0.00000,0.00000,0.00000,0.00000
131.60001,1.02193,0.00180,0.00060,0.99741,0.00019,0.00000,0.00000,0.00000,0.00000,0.00000
131.74001,1.02193,0.00200,0.00066,0.99709,0.00024,0.00000,0.00000,0.00000,0.00000,0.00000
131.88000,1.02193,0.00227,0.00059,0.99686,0.00028,0.00000,0.00000,0.00000,0.00000,0.00000
132.02000,1.02193,0.00177,0.00056,0.99743,0.00023,0.00000,0.00000,0.00000,0.00000,0.00000
132.16000,1.02193,0.00212,0.00064,0.99694,0.00029,0.00000,0.00000,0.00000,0.00000,0.00000
132.30000,1.02193,0.00203,0.00062,0.99704,0.00030,0.00000,0.00000,0.00000,0.00000,0.00000
132.44000,1.02194,0.00184,0.00054,0.99735,0.00026,0.00000,0.00000,0.00000,0.00000,0.00000
132.58000,1.02194,0.00213,0.00058,0.99699,0.00030,0.00000,0.00000,0.00000,0.00000,0.00000
132.72000,1.02194,0.00233,0.00061,0.99669,0.00037,0.00000,0.00000,0.00000,0.00000,0.00000
132.86000,1.02194,0.00250,0.00064,0.99641,0.00044,0.00000,0.00000,0.00000,0.00000,0.00000
133.00000,1.02194,0.00211,0.00060,0.99690,0.00038,0.00000,0.00000,0.00000,0.00000,0.00000
133.14000,1.02194,0.00248,0.00065,0.99639,0.00047,0.00000,0.00000,0.00000,0.00000,0.00000
133.28000,1.02194,0.00281,0.00077,0.99575,0.00067,0.00000,0.00000,0.00000,0.00000,0.00000
133.42000,1.02194,0.00286,0.00077,0.99560,0.00075,0.00000,0.00000,0.00000,0.00000,0.00000
133.56000,1.02194,0.00322,0.00079,0.99516,0.00083,0.00000,0.00000,0.00000,0.00000,0.00000
133.70000,1.02194,0.00298,0.00086,0.99547,0.00069,0.00000,0.00000,0.00000,0.00000,0.00000
133.84000,1.02194,0.00388,0.00095,0.99428,0.00088,0.00000,0.00001,0.00000,0.00000,0.00000
133.98000,1.02194,0.00249,0.00082,0.99614,0.00053,0.00000,0.00001,0.00000,0.00000,0.00000
134.12000,1.02194,0.00340,0.00095,0.99502,0.00062,0.00000,0.00001,0.00000,0.00000,0.00000
134.25999,1.02194,0.00306,0.00091,0.99551,0.00051,0.00000,0.00001,0.00000,0.00000,0.00000
134.39999,1.02194,0.00343,0.00102,0.99503,0.00053,0.00000,0.00000,0.00000,0.00000,0.00000
134.53999,1.02194,0.00279,0.00087,0.99594,0.00039,0.00000,0.00001,0.00000,0.00000,0.00000
134.67999,1.02194,0.00313,0.00096,0.99548,0.00042,0.00000,0.00001,0.00000,0.00000,0.00000
134.82001,1.02193,0.00417,0.00110,0.99416,0.00056,0.00000,0.00001,0.00000,0.00000,0.00000
134.96001,1.02193,0.00399,0.00112,0.99426,0.00063,0.00000,0.00001,0.00000,0.00000,0.00000
135.10001,1.02193,0.00337,0.00104,0.99502,0.00056,0.00000,0.00001,0.00000,0.00000,0.00000
135.24001,1.02193,0.00320,0.00107,0.99518,0.00053,0.00000,0.00001,0.00000,0.00000,0.00000
135.38000,1.02193,0.00378,0.00121,0.99437,0.00063,0.00000,0.00001,0.00000,0.00000,0.00000
135.52000,1.02193,0.00336,0.00114,0.99486,0.00062,0.00000,0.00001,0.00000,0.00000,0.00000
135.66000,1.02193,0.00440,0.00123,0.99353,0.00083,0.00000,0.00001,0.00000,0.00000,0.00000
135.80000,1.02193,0.00263,0.00097,0.99594,0.00045,0.00000,0.00001,0.00000,0.00000,0.00000
135.94000,1.02194,0.00256,0.00091,0.99614,0.00038,0.00000,0.00001,0.00000,0.00000,0.00000
136.08000,1.02194,0.00272,0.00092,0.99595,0.00040,0.00000,0.00001,0.00000,0.00000,0.00000
136.22000,1.02194,0.00331,0.00102,0.99514,0.00052,0.00000,0.00001,0.00000,0.00000,0.00000
136.36000,1.02194,0.00303,0.00087,0.99562,0.00046,0.00000,0.00001,0.00000,0.00000,0.00000
136.50000,1.02194,0.00347,0.00095,0.99501,0.00055,0.00000,0.00001,0.00000,0.00000,0.00000
136.64000,1.02194,0.00435,0.00111,0.99378,0.00076,0.00000,0.00001,0.00000,0.00000,0.00000
136.78000,1.02194,0.00487,0.00113,0.99290,0.00109,0.00000,0.00001,0.00000,0.00000,0.00000
136.92000,1.02194,0.00403,0.00106,0.99374,0.00116,0.00000,0.00001,0.00000,0.00000,0.00000
137.06000,1.02194,0.00524,0.00118,0.99177,0.00180,0.00000,0.00001,0.00000,0.00000,0.00000
137.20000,1.02194,0.00535,0.00128,0.99120,0.00214,0.00000,0.00001,0.00000,0.00001,0.00000
137.34000,1.02194,0.00678,0.00125,0.98915,0.00279,0.00000,0.00001,0.00000,0.00000,0.00000
137.48000,1.02194,0.00510,0.00120,0.99160,0.00208,0.00000,0.00001,0.00000,0.00000,0.00000
137.62000,1.02194,0.00554,0.00108,0.99114,0.00223,0.00000,0.00001,0.00000,0.00000,0.00000
137.75999,1.02194,0.00498,0.00108,0.99186,0.00206,0.00000,0.00001,0.00000,0.00000,0.00000
137.89999,1.02194,0.00423,0.00085,0.99316,0.00175,0.00000,0.00001,0.00000,0.00000,0.00000
138.03999,1.02194,0.00466,0.00090,0.99242,0.00201,0.00000,0.00001,0.00000,0.00000,0.00000
138.17999,1.02194,0.00473,0.00082,0.99253,0.00192,0.00000,0.00000,0.00000,0.00000,0.00000
138.32001,1.02193,0.00525,0.00085,0.99179,0.00209,0.00000,0.00000,0.00000,0.00000,0.00000
138.46001,1.02193,0.00355,0.00075,0.99427,0.00143,0.00000,0.00001,0.00000,0.00000,0.00000
138.60001,1.02193,0.00353,0.00083,0.99438,0.00126,0.00000,0.00000,0.00000,0.00000,0.00000
138.74001,1.02193,0.00239,0.00069,0.99625,0.00067,0.00000,0.00000,0.00000,0.00000,0.00000
138.88000,1.02193,0.00366,0.00073,0.99456,0.00104,0.00000,0.00000,0.00000,0.00000,0.00000
139.02000,1.02193,0.00286,0.00064,0.99559,0.00090,0.00000,0.00000,0.00000,0.00000,0.00000
139.16000,1.02193,0.00299,0.00064,0.99556,0.00081,0.00000,0.00000,0.00000,0.00000,0.00000
139.30000,1.02193,0.00264,0.00055,0.99609,0.00072,0.00000,0.00000,0.00000,0.00000,0.00000
139.44000,1.02194,0.00255,0.00060,0.99615,0.00070,0.00000,0.00000,0.00000,0.00000,0.00000
139.58000,1.02194,0.00270,0.00062,0.99588,0.00080,0.00000,0.00000,0.00000,0.00000,0.00000
139.72000,1.02194,0.00202,0.00053,0.99692,0.00053,0.00000,0.00000,0.00000,0.00000,0.00000
139.86000,1.02194,0.00206,0.00055,0.99694,0.00044,0.00000,0.00000,0.00000,0.00000,0.00000
140.00000,1.02194,0.00253,0.00060,0.99636,0.00051,0.00000,0.00000,0.00000,0.00000,0.00000
140.14000,1.02194,0.00266,0.00057,0.99622,0.00055,0.00000,0.00000,0.00000,0.00000,0.00000
140.28000,1.02194,0.00305,0.00062,0.99570,0.00062,0.00000,0.00000,0.00000,0.00000,0.00000
140.42000,1.02194,0.00309,0.00072,0.99548,0.00070,0.00000,0.00000,0.00000,0.00000,0.00000
140.56000,1.02194,0.00234,0.00073,0.99639,0.00053,0.00000,0.00000,0.00000,0.00000,0.00000
140.70000,1.02194,0.00374,0.00080,0.99442,0.00103,0.00000,0.00000,0.00000,0.00000,0.00000
140.84000,1.02194,0.00285,0.00077,0.99552,0.00085,0.00000,0.00000,0.00000,0.00000,0.00000
140.98000,1.02194,0.00304,0.00077,0.99529,0.00089,0.00000,0.00000,0.00000,0.00000,0.00000
141.12000,1.02194,0.00318,0.00075,0.99525,0.00081,0.00000,0.00000,0.00000,0.00000,0.00000
141.25999,1.02194,0.00259,0.00071,0.99609,0.00060,0.00000,0.00000,0.00000,0.00000,0.00000
141.39999,1.02194,0.00272,0.00070,0.99595,0.00063,0.00000,0.00000,0.00000,0.00000,0.00000
141.53999,1.02194,0.00317,0.00070,0.99532,0.00081,0.00000,0.00000,0.00000,0.00000,0.00000
141.67999,1.02194,0.00323,0.00076,0.99516,0.00084,0.00000,0.00000,0.00000,0.00000,0.00000
141.82001,1.02193,0.00298,0.00082,0.99534,0.00085,0.00000,0.00000,0.00000,0.00000,0.00000
141.96001,1.02193,0.00305,0.00085,0.99518,0.00091,0.00000,0.00000,0.00000,0.00000,0.00000
142.10001,1.02193,0.00343,0.00087,0.99465,0.00105,0.00000,0.00000,0.00000,0.00000,0.00000
142.24001,1.02193,0.00423,0.00101,0.99345,0.00130,0.00000,0.00001,0.00000,0.00000,0.00000
142.38000,1.02193,0.00346,0.00089,0.99463,0.00101,0.00000,0.00001,0.00000,0.00000,0.00000
142.52000,1.02193,0.00297,0.00081,0.99540,0.00081,0.00000,0.00001,0.00000,0.00000,0.00000
142.66000,1.02193,0.00310,0.00081,0.99531,0.00077,0.00000,0.00000,0.00000,0.00000,0.00000
142.80000,1.02193,0.00413,0.00089,0.99393,0.00103,0.00000,0.00000,0.00000,0.00000,0.00000
142.94000,1.02194,0.00366,0.00087,0.99452,0.00094,0.00000,0.00001,0.00000,0.00000,0.00000
143.08000,1.02194,0.00317,0.00085,0.99514,0.00083,0.00000,0.00001,0.00000,0.00000,0.00000
143.22000,1.02194,0.00287,0.00080,0.99559,0.00074,0.00000,0.00001,0.00000,0.00000,0.00000
143.36000,1.02194,0.00324,0.00087,0.99504,0.00084,0.00000,0.00001,0.00000,0.00000,0.00000
143.50000,1.02194,0.00537,0.00112,0.99207,0.00143,0.00000,0.00001,0.00000,0.00000,0.00000
143.64000,1.02194,0.00418,0.00108,0.99348,0.00125,0.00000,0.00001,0.00000,0.00000,0.00000
143.78000,1.02194,0.00453,0.00110,0.99297,0.00139,0.00000,0.00001,0.00000,0.00000,0.00000
143.92000,1.02194,0.00500,0.00123,0.99218,0.00157,0.00000,0.00001,0.00000,0.00000,0.00000
144.06000,1.02194,0.00395,0.00111,0.99372,0.00120,0.00000,0.00001,0.00000,0.00000,0.00000
144.20000,1.02194,0.00402,0.00134,0.99341,0.00121,0.00000,0.00001,0.00000,0.00001,0.00000
144.34000,1.02194,0.00469,0.00137,0.99253,0.00139,0.00000,0.00001,0.00000,0.00001,0.00000
144.48000,1.02194,0.00609,0.00167,0.99050,0.00173,0.00000,0.00001,0.00000,0.00001,0.00000
144.62000,1.02194,0.00542,0.00130,0.99174,0.00151,0.00000,0.00001,0.00000,0.00001,0.00000
144.75999,1.02194,0.00497,0.00143,0.99217,0.00142,0.00000,0.00001,0.00000,0.00001,0.00000
144.89999,1.02194,0.00560,0.00146,0.99127,0.00165,0.00000,0.00001,0.00000,0.00001,0.00000
145.03999,1.02194,0.00622,0.00204,0.98960,0.00211,0.00000,0.00002,0.00000,0.00001,0.00000
145.17999,1.02194,0.00671,0.00166,0.98937,0.00222,0.00000,0.00002,0.00000,0.00001,0.00000
145.32001,1.02193,0.00610,0.00158,0.99007,0.00221,0.00000,0.00002,0.00000,0.00001,0.00000
145.46001,1.02193,0.00709,0.00175,0.98863,0.00250,0.00000,0.00002,0.00000,0.00001,0.00000
145.60001,1.02193,0.00591,0.00172,0.99039,0.00195,0.00000,0.00002,0.00000,0.00001,0.00000
145.74001,1.02193,0.01704,0.00221,0.97511,0.00561,0.00000,0.00001,0.00000,0.00001,0.00001
145.88000,1.02193,0.02626,0.00216,0.96159,0.00996,0.00000,0.00001,0.00000,0.00001,0.00002
146.02000,1.02193,0.12019,0.00266,0.82659,0.05046,0.00000,0.00001,0.00001,0.00001,0.00009
146.16000,1.02193,0.22313,0.00251,0.66003,0.11413,0.00001,0.00000,0.00002,0.00000,0.00017
146.30000,1.02193,0.39637,0.00320,0.42188,0.17822,0.00001,0.00000,0.00005,0.00000,0.00027
146.44000,1.02194,0.31244,0.00412,0.58118,0.10211,0.00001,0.00001,0.00001,0.00001,0.00011
146.58000,1.02194,0.42453,0.00359,0.42365,0.14807,0.00002,0.00001,0.00001,0.00001,0.00012
146.72000,1.02194,0.47949,0.00448,0.25070,0.26512,0.00004,0.00001,0.00001,0.00001,0.00014
146.86000,1.02194,0.50699,0.00830,0.16054,0.32397,0.00004,0.00001,0.00001,0.00002,0.00012
147.00000,1.02194,0.49350,0.00845,0.11007,0.38777,0.00006,0.00001,0.00001,0.00002,0.00012
147.14000,1.02194,0.48614,0.01196,0.07088,0.43078,0.00006,0.00001,0.00001,0.00002,0.00015
147.28000,1.02194,0.55249,0.02886,0.05856,0.35976,0.00007,0.00001,0.00002,0.00003,0.00020
147.42000,1.02194,0.46370,0.02200,0.02488,0.48915,0.00006,0.00000,0.00002,0.00001,0.00017
147.56000,1.02194,0.45260,0.02468,0.02274,0.49967,0.00007,0.00001,0.00002,0.00002,0.00018
147.70000,1.02194,0.43758,0.03611,0.02346,0.50258,0.00007,0.00001,0.00002,0.00002,0.00015
147.84000,1.02194,0.38993,0.03182,0.02036,0.55764,0.00007,0.00001,0.00002,0.00002,0.00013
147.98000,1.02194,0.36257,0.02982,0.01429,0.59310,0.00005,0.00000,0.00002,0.00001,0.00013
148.12000,1.02194,0.23942,0.02155,0.01487,0.72400,0.00004,0.00000,0.00002,0.00001,0.00009
148.25999,1.02194,0.31437,0.02351,0.01890,0.64297,0.00009,0.00001,0.00002,0.00002,0.00012
148.39999,1.02194,0.30648,0.02719,0.01958,0.64652,0.00007,0.00001,0.00002,0.00002,0.00011
148.53999,1.02194,0.27695,0.03152,0.01868,0.67261,0.00008,0.00001,0.00002,0.00002,0.00011
148.67999,1.02194,0.29585,0.03606,0.02017,0.64769,0.00007,0.00001,0.00002,0.00002,0.00011
148.82001,1.02193,0.21914,0.02633,0.02171,0.73261,0.00008,0.00001,0.00002,0.00003,0.00009
148.96001,1.02193,0.25930,0.02982,0.01875,0.69194,0.00006,0.00001,0.00002,0.00002,0.00010
149.10001,1.02193,0.33253,0.03502,0.01845,0.61375,0.00006,0.00001,0.00002,0.00002,0.00013
149.24001,1.02193,0.30353,0.03372,0.02006,0.64245,0.00007,0.00001,0.00002,0.00002,0.00012
149.38000,1.02193,0.27201,0.02718,0.02212,0.67848,0.00007,0.00001,0.00002,0.00002,0.00010
149.52000,1.02193,0.32821,0.02879,0.01684,0.62593,0.00006,0.00001,0.00002,0.00002,0.00012
149.66000,1.02193,0.26424,0.02200,0.01929,0.69429,0.00006,0.00001,0.00002,0.00001,0.00009
149.80000,1.02193,0.31617,0.01913,0.01814,0.64630,0.00009,0.00001,0.00002,0.00002,0.00012
149.94000,1.02194,0.29151,0.01548,0.01601,0.67680,0.00007,0.00001,0.00002,0.00001,0.00010
150.08000,1.02194,0.28339,0.01447,0.01521,0.68674,0.00006,0.00001,0.00002,0.00001,0.00010
150.22000,1.02194,0.35653,0.01756,0.01582,0.60986,0.00006,0.00000,0.00002,0.00001,0.00013
150.36000,1.02194,0.30544,0.02137,0.02332,0.64966,0.00007,0.00001,0.00002,0.00002,0.00010
150.50000,1.02194,0.36868,0.02377,0.01849,0.58884,0.00007,0.00001,0.00002,0.00001,0.00012
150.64000,1.02194,0.31090,0.02419,0.01907,0.64566,0.00005,0.00001,0.00002,0.00001,0.00010
150.78000,1.02194,0.25068,0.02696,0.01749,0.70469,0.00005,0.00001,0.00002,0.00001,0.00010
150.92000,1.02194,0.28998,0.02258,0.01706,0.67013,0.00009,0.00001,0.00002,0.00002,0.00012
151.06000,1.02194,0.33424,0.03626,0.01973,0.60949,0.00009,0.00001,0.00002,0.00002,0.00014
151.20000,1.02194,0.34258,0.04774,0.02147,0.58793,0.00009,0.00001,0.00002,0.00003,0.00014
151.34000,1.02194,0.29598,0.03162,0.01942,0.65271,0.00009,0.00001,0.00002,0.00002,0.00013
151.48000,1.02194,0.35048,0.03394,0.01845,0.59686,0.00008,0.00001,0.00002,0.00002,0.00014
151.62000,1.02194,0.30839,0.02815,0.02065,0.64254,0.00009,0.00001,0.00002,0.00002,0.00012
151.75999,1.02194,0.24526,0.02569,0.02198,0.70685,0.00008,0.00001,0.00002,0.00002,0.00009
151.89999,1.02194,0.33084,0.03805,0.02106,0.60982,0.00006,0.00001,0.00002,0.00002,0.00012
152.03999,1.02194,0.36364,0.03744,0.01675,0.58190,0.00007,0.00001,0.00003,0.00002,0.00015
152.17999,1.02194,0.25373,0.02628,0.01704,0.70274,0.00007,0.00001,0.00002,0.00002,0.00010
152.32001,1.02193,0.36461,0.03597,0.01770,0.58146,0.00007,0.00001,0.00003,0.00002,0.00014
152.46001,1.02193,0.25013,0.02712,0.01761,0.70498,0.00005,0.00001,0.00002,0.00001,0.00009
152.60001,1.02193,0.26379,0.02345,0.01831,0.69423,0.00007,0.00001,0.00002,0.00002,0.00010
152.74001,1.02193,0.33648,0.03322,0.01933,0.61071,0.00008,0.00001,0.00002,0.00002,0.00012
152.88000,1.02193,0.24661,0.02564,0.01930,0.70825,0.00007,0.00001,0.00002,0.00002,0.00009
153.02000,1.02193,0.27269,0.03160,0.01997,0.67550,0.00008,0.00001,0.00002,0.00002,0.00011
153.16000,1.02193,0.32404,0.04024,0.01986,0.61559,0.00008,0.00001,0.00002,0.00002,0.00014
153.30000,1.02193,0.27599,0.03577,0.01835,0.66964,0.00008,0.00001,0.00002,0.00002,0.00012
153.44000,1.02194,0.30200,0.03054,0.01632,0.65089,0.00007,0.00001,0.00002,0.00002,0.00013
153.58000,1.02194,0.31080,0.03056,0.01825,0.64016,0.00007,0.00001,0.00002,0.00002,0.00011
153.72000,1.02194,0.25301,0.02470,0.01917,0.70292,0.00007,0.00001,0.00002,0.00002,0.00009
153.86000,1.02194,0.28179,0.01586,0.01152,0.69062,0.00006,0.00001,0.00002,0.00001,0.00011
154.00000,1.02194,0.28483,0.01075,0.00542,0.69884,0.00002,0.00000,0.00003,0.00000,0.00010
154.14000,1.02194,0.38222,0.01325,0.00700,0.59728,0.00003,0.00000,0.00004,0.00000,0.00016
154.28000,1.02194,0.30060,0.01604,0.00773,0.67543,0.00004,0.00000,0.00003,0.00001,0.00012
154.42000,1.02194,0.28490,0.01290,0.00570,0.69633,0.00003,0.00000,0.00003,0.00000,0.00011
154.56000,1.02194,0.34101,0.01091,0.00254,0.64533,0.00001,0.00000,0.00006,0.00000,0.00013
154.70000,1.02194,0.41693,0.00615,0.00236,0.57433,0.00001,0.00000,0.00006,0.00000,0.00016
154.84000,1.02194,0.27565,0.00524,0.00349,0.71541,0.00003,0.00000,0.00005,0.00000,0.00013
154.98000,1.02194,0.48068,0.00720,0.00371,0.50816,0.00002,0.00000,0.00006,0.00000,0.00016
155.12000,1.02194,0.31955,0.01123,0.00916,0.65990,0.00003,0.00000,0.00003,0.00000,0.00010
155.25999,1.02194,0.25324,0.00516,0.00532,0.73619,0.00001,0.00000,0.00002,0.00000,0.00006
