Time (seconds), Duration (seconds),pred_(unlabeled),pred_brushing_teeth,pred_hair_drying,pred_showering
0.00000,1.02194,0.99680,0.00257,0.00057,0.00006
0.14000,1.02194,0.99636,0.00294,0.00063,0.00007
0.28000,1.02194,0.99637,0.00292,0.00064,0.00007
0.42000,1.02194,0.99646,0.00284,0.00063,0.00007
0.56000,1.02194,0.99640,0.00288,0.00065,0.00007
0.70000,1.02194,0.99632,0.00294,0.00066,0.00007
0.84000,1.02194,0.99621,0.00303,0.00068,0.00008
0.98000,1.02194,0.99582,0.00337,0.00072,0.00008
1.12000,1.02194,0.99578,0.00340,0.00075,0.00008
1.26000,1.02194,0.99582,0.00337,0.00073,0.00008
1.40000,1.02194,0.99586,0.00331,0.00074,0.00008
1.54000,1.02194,0.99605,0.00315,0.00072,0.00008
1.68000,1.02194,0.99653,0.00247,0.00090,0.00009
1.82000,1.02194,0.98819,0.00602,0.00543,0.00036
1.96000,1.02194,0.98467,0.00899,0.00585,0.00050
2.10000,1.02194,0.98845,0.00532,0.00587,0.00035
2.24000,1.02194,0.99194,0.00294,0.00483,0.00030
2.38000,1.02194,0.99024,0.00360,0.00587,0.00029
2.52000,1.02194,0.99049,0.00541,0.00373,0.00037
2.66000,1.02194,0.98342,0.01143,0.00501,0.00015
2.80000,1.02194,0.99417,0.00490,0.00087,0.00006
2.94000,1.02194,0.99619,0.00310,0.00064,0.00007
3.08000,1.02194,0.99645,0.00286,0.00062,0.00007
3.22000,1.02194,0.99657,0.00276,0.00060,0.00007
3.36000,1.02194,0.99619,0.00310,0.00064,0.00007
3.50000,1.02194,0.99508,0.00265,0.00213,0.00015
3.64000,1.02194,0.98781,0.01073,0.00102,0.00043
3.78000,1.02194,0.99154,0.00694,0.00099,0.00053
3.92000,1.02194,0.98938,0.00843,0.00151,0.00067
4.06000,1.02194,0.98524,0.01203,0.00169,0.00104
4.20000,1.02194,0.98860,0.00959,0.00105,0.00076
4.34000,1.02194,0.96723,0.03104,0.00112,0.00062
4.48000,1.02194,0.99479,0.00426,0.00087,0.00009
4.62000,1.02194,0.99629,0.00300,0.00064,0.00007
4.76000,1.02194,0.99636,0.00293,0.00064,0.00007
4.90000,1.02194,0.99061,0.00796,0.00131,0.00012
5.04000,1.02194,0.99153,0.00704,0.00131,0.00012
5.18000,1.02194,0.99297,0.00557,0.00132,0.00013
5.32000,1.02194,0.99345,0.00515,0.00127,0.00013
5.46000,1.02194,0.97191,0.02401,0.00384,0.00024
5.60000,1.02194,0.84184,0.15550,0.00204,0.00062
5.74000,1.02194,0.62323,0.37311,0.00314,0.00052
5.88000,1.02194,0.84694,0.15093,0.00156,0.00056
6.02000,1.02194,0.84303,0.15493,0.00139,0.00065
6.16000,1.02194,0.80699,0.18921,0.00246,0.00134
6.30000,1.02194,0.71428,0.27572,0.00734,0.00266
6.44000,1.02194,0.94131,0.04903,0.00696,0.00269
6.58000,1.02194,0.98798,0.00741,0.00407,0.00054
6.72000,1.02194,0.99320,0.00409,0.00232,0.00039
6.86000,1.02194,0.99643,0.00139,0.00139,0.00079
7.00000,1.02194,0.99086,0.00616,0.00241,0.00058
7.14000,1.02194,0.97701,0.02123,0.00142,0.00035
7.28000,1.02194,0.97955,0.01974,0.00051,0.00020
7.42000,1.02194,0.90848,0.09037,0.00083,0.00031
7.56000,1.02194,0.76254,0.23609,0.00099,0.00038
7.70000,1.02194,0.44681,0.55173,0.00105,0.00041
7.84000,1.02194,0.20425,0.79443,0.00097,0.00035
7.98000,1.02194,0.13341,0.86588,0.00057,0.00013
8.12000,1.02194,0.15467,0.84458,0.00061,0.00014
8.26000,1.02194,0.19957,0.79950,0.00076,0.00017
8.40000,1.02194,0.35342,0.64528,0.00105,0.00024
8.54000,1.02194,0.63341,0.36446,0.00165,0.00049
8.68000,1.02194,0.81877,0.17931,0.00153,0.00039
8.82000,1.02194,0.94667,0.05205,0.00106,0.00022
8.96000,1.02194,0.98485,0.01409,0.00084,0.00022
9.10000,1.02194,0.99268,0.00621,0.00092,0.00020
9.24000,1.02194,0.99779,0.00158,0.00047,0.00016
9.38000,1.02194,0.99888,0.00070,0.00029,0.00014
9.52000,1.02194,0.99880,0.00086,0.00027,0.00007
9.66000,1.02194,0.99885,0.00084,0.00025,0.00006
9.80000,1.02194,0.99895,0.00076,0.00023,0.00006
9.94000,1.02194,0.99903,0.00070,0.00021,0.00006
10.08000,1.02194,0.99545,0.00374,0.00067,0.00015
10.22000,1.02194,0.99562,0.00348,0.00071,0.00018
10.36000,1.02194,0.99751,0.00183,0.00051,0.00016
10.50000,1.02194,0.99782,0.00158,0.00046,0.00014
10.64000,1.02194,0.99751,0.00180,0.00052,0.00017
10.78000,1.02194,0.99479,0.00384,0.00114,0.00022
10.92000,1.02194,0.99486,0.00428,0.00078,0.00007
11.06000,1.02194,0.99862,0.00101,0.00031,0.00006
11.20000,1.02194,0.99891,0.00077,0.00026,0.00007
11.34000,1.02194,0.99881,0.00082,0.00030,0.00007
11.48000,1.02194,0.99864,0.00094,0.00033,0.00008
11.62000,1.02194,0.99868,0.00093,0.00032,0.00007
11.76000,1.02194,0.99788,0.00152,0.00052,0.00008
11.90000,1.02194,0.99890,0.00079,0.00025,0.00006
12.04000,1.02194,0.99884,0.00082,0.00027,0.00007
12.18000,1.02194,0.99867,0.00093,0.00032,0.00008
12.32000,1.02194,0.99878,0.00091,0.00026,0.00005
12.46000,1.02194,0.99897,0.00075,0.00022,0.00006
12.60000,1.02194,0.99901,0.00058,0.00030,0.00011
12.74000,1.02194,0.99848,0.00079,0.00048,0.00025
12.88000,1.02194,0.99854,0.00089,0.00038,0.00019
13.02000,1.02194,0.99837,0.00102,0.00042,0.00019
13.16000,1.02194,0.99822,0.00104,0.00051,0.00022
13.30000,1.02194,0.99844,0.00086,0.00047,0.00022
13.44000,1.02194,0.99913,0.00036,0.00024,0.00028
13.58000,1.02194,0.99917,0.00057,0.00019,0.00007
13.72000,1.02194,0.99909,0.00065,0.00020,0.00006
13.86000,1.02194,0.99918,0.00059,0.00018,0.00005
14.00000,1.02194,0.99921,0.00055,0.00018,0.00005
14.14000,1.02194,0.99917,0.00060,0.00018,0.00005
14.28000,1.02194,0.99913,0.00063,0.00019,0.00005
14.42000,1.02194,0.99923,0.00055,0.00017,0.00005
14.56000,1.02194,0.99920,0.00056,0.00018,0.00005
14.70000,1.02194,0.99903,0.00064,0.00027,0.00006
14.84000,1.02194,0.99870,0.00080,0.00040,0.00011
14.98000,1.02194,0.99869,0.00082,0.00038,0.00011
15.12000,1.02194,0.99862,0.00088,0.00039,0.00011
15.26000,1.02194,0.99861,0.00088,0.00041,0.00010
15.40000,1.02194,0.99859,0.00088,0.00043,0.00010
15.54000,1.02194,0.99713,0.00173,0.00099,0.00015
15.68000,1.02194,0.99876,0.00093,0.00027,0.00004
15.82000,1.02194,0.99912,0.00063,0.00019,0.00005
15.96000,1.02194,0.99913,0.00062,0.00019,0.00006
16.10000,1.02194,0.99909,0.00066,0.00020,0.00005
16.24000,1.02194,0.99902,0.00071,0.00021,0.00006
16.38000,1.02194,0.99903,0.00069,0.00022,0.00006
16.52000,1.02194,0.99865,0.00100,0.00028,0.00007
16.66000,1.02194,0.99757,0.00192,0.00042,0.00009
16.80000,1.02194,0.99786,0.00160,0.00044,0.00009
16.94000,1.02194,0.99767,0.00176,0.00048,0.00009
17.08000,1.02194,0.99785,0.00165,0.00042,0.00008
17.22000,1.02194,0.99767,0.00178,0.00046,0.00009
17.36000,1.02194,0.99703,0.00223,0.00064,0.00010
17.50000,1.02194,0.99787,0.00164,0.00043,0.00006
17.64000,1.02194,0.99900,0.00072,0.00022,0.00006
17.78000,1.02194,0.99901,0.00071,0.00022,0.00006
17.92000,1.02194,0.99884,0.00084,0.00026,0.00006
18.06000,1.02194,0.99895,0.00076,0.00023,0.00006
18.20000,1.02194,0.99910,0.00065,0.00020,0.00005
18.34000,1.02194,0.99912,0.00063,0.00020,0.00006
18.48000,1.02194,0.99907,0.00066,0.00021,0.00006
18.62000,1.02194,0.99901,0.00072,0.00022,0.00006
18.76000,1.02194,0.99906,0.00067,0.00021,0.00006
18.90000,1.02194,0.99903,0.00070,0.00022,0.00006
19.04000,1.02194,0.99902,0.00071,0.00021,0.00006
19.18000,1.02194,0.99906,0.00068,0.00021,0.00006
19.32000,1.02194,0.99912,0.00062,0.00020,0.00006
19.46000,1.02194,0.99901,0.00070,0.00022,0.00006
19.60000,1.02194,0.99915,0.00060,0.00019,0.00006
19.74000,1.02194,0.99911,0.00063,0.00020,0.00006
19.88000,1.02194,0.99908,0.00065,0.00021,0.00006
20.02000,1.02194,0.99924,0.00054,0.00017,0.00005
20.16000,1.02194,0.99929,0.00049,0.00016,0.00005
20.30000,1.02194,0.99913,0.00062,0.00020,0.00005
20.44000,1.02194,0.99923,0.00054,0.00017,0.00005
20.58000,1.02194,0.99920,0.00057,0.00018,0.00005
20.72000,1.02194,0.99924,0.00052,0.00018,0.00006
20.86000,1.02194,0.99908,0.00065,0.00021,0.00006
21.00000,1.02194,0.99900,0.00072,0.00022,0.00006
21.14000,1.02194,0.99890,0.00079,0.00025,0.00006
21.28000,1.02194,0.99903,0.00070,0.00021,0.00006
21.42000,1.02194,0.99864,0.00101,0.00028,0.00007
21.56000,1.02194,0.99862,0.00105,0.00027,0.00007
21.70000,1.02194,0.99869,0.00095,0.00029,0.00007
21.84000,1.02194,0.99875,0.00089,0.00029,0.00007
21.98000,1.02194,0.99867,0.00096,0.00031,0.00007
22.12000,1.02194,0.99852,0.00110,0.00032,0.00006
22.26000,1.02194,0.99805,0.00144,0.00044,0.00008
22.40000,1.02194,0.99886,0.00084,0.00025,0.00006
22.54000,1.02194,0.99909,0.00066,0.00020,0.00005
22.68000,1.02194,0.99903,0.00070,0.00021,0.00006
22.82000,1.02194,0.99872,0.00094,0.00027,0.00007
22.96000,1.02194,0.99591,0.00352,0.00044,0.00013
23.10000,1.02194,0.99018,0.00916,0.00048,0.00018
23.24000,1.02194,0.97850,0.02066,0.00062,0.00022
23.38000,1.02194,0.97737,0.02174,0.00066,0.00024
23.52000,1.02194,0.97835,0.02059,0.00078,0.00028
23.66000,1.02194,0.98936,0.00948,0.00069,0.00048
23.80000,1.02194,0.99358,0.00550,0.00061,0.00030
23.94000,1.02194,0.99756,0.00181,0.00043,0.00020
24.08000,1.02194,0.99884,0.00077,0.00025,0.00014
24.22000,1.02194,0.99908,0.00066,0.00020,0.00006
24.36000,1.02194,0.99911,0.00063,0.00020,0.00006
24.50000,1.02194,0.99910,0.00065,0.00020,0.00006
24.64000,1.02194,0.99909,0.00065,0.00020,0.00006
24.78000,1.02194,0.99895,0.00076,0.00023,0.00006
24.92000,1.02194,0.99897,0.00074,0.00022,0.00006
25.06000,1.02194,0.99902,0.00071,0.00022,0.00006
25.20000,1.02194,0.99905,0.00068,0.00021,0.00006
25.34000,1.02194,0.99891,0.00079,0.00024,0.00006
25.48000,1.02194,0.99896,0.00075,0.00023,0.00006
25.62000,1.02194,0.99861,0.00104,0.00029,0.00007
25.76000,1.02194,0.99857,0.00104,0.00031,0.00007
25.90000,1.02194,0.99835,0.00123,0.00035,0.00008
26.04000,1.02194,0.99765,0.00178,0.00048,0.00009
26.18000,1.02194,0.99791,0.00154,0.00045,0.00009
26.32000,1.02194,0.99746,0.00186,0.00058,0.00010
26.46000,1.02194,0.99758,0.00179,0.00054,0.00009
26.60000,1.02194,0.99811,0.00136,0.00044,0.00009
26.74000,1.02194,0.99809,0.00137,0.00045,0.00009
26.88000,1.02194,0.99858,0.00103,0.00033,0.00007
27.02000,1.02194,0.99872,0.00091,0.00030,0.00007
27.16000,1.02194,0.99741,0.00209,0.00045,0.00005
27.30000,1.02194,0.99602,0.00341,0.00049,0.00008
27.44000,1.02194,0.98212,0.01705,0.00058,0.00025
27.58000,1.02194,0.86661,0.13232,0.00045,0.00062
27.72000,1.02194,0.45865,0.54036,0.00025,0.00075
27.86000,1.02194,0.12184,0.87764,0.00014,0.00038
28.00000,1.02194,0.02287,0.97673,0.00012,0.00028
28.14000,1.02194,0.00562,0.99422,0.00003,0.00013
28.28000,1.02194,0.00281,0.99714,0.00000,0.00005
28.42000,1.02194,0.00244,0.99752,0.00000,0.00004
28.56000,1.02194,0.00337,0.99655,0.00001,0.00007
28.70000,1.02194,0.00307,0.99687,0.00001,0.00005
28.84000,1.02194,0.00283,0.99714,0.00001,0.00003
28.98000,1.02194,0.00224,0.99773,0.00000,0.00003
29.12000,1.02194,0.00202,0.99796,0.00000,0.00002
29.26000,1.02194,0.00171,0.99827,0.00000,0.00001
29.40000,1.02194,0.00180,0.99818,0.00000,0.00002
29.54000,1.02194,0.00171,0.99827,0.00000,0.00001
29.68000,1.02194,0.00194,0.99804,0.00000,0.00002
29.82000,1.02194,0.00179,0.99819,0.00000,0.00001
29.96000,1.02194,0.00191,0.99808,0.00000,0.00001
30.10000,1.02194,0.00213,0.99785,0.00000,0.00002
30.24000,1.02194,0.00204,0.99794,0.00000,0.00001
30.38000,1.02194,0.00222,0.99776,0.00001,0.00001
30.52000,1.02194,0.00228,0.99770,0.00001,0.00002
30.66000,1.02194,0.00226,0.99772,0.00001,0.00001
30.80000,1.02194,0.00223,0.99775,0.00001,0.00001
30.94000,1.02194,0.00243,0.99755,0.00001,0.00001
31.08000,1.02194,0.00276,0.99721,0.00001,0.00002
31.22000,1.02194,0.00297,0.99700,0.00001,0.00002
31.36000,1.02194,0.00317,0.99680,0.00001,0.00002
31.50000,1.02194,0.00342,0.99655,0.00001,0.00002
31.64000,1.02194,0.00383,0.99613,0.00002,0.00002
31.78000,1.02194,0.00429,0.99566,0.00002,0.00003
31.92000,1.02194,0.00435,0.99560,0.00002,0.00003
32.06000,1.02193,0.00439,0.99556,0.00002,0.00002
32.20000,1.02194,0.00422,0.99573,0.00002,0.00002
32.34000,1.02194,0.00410,0.99585,0.00002,0.00002
32.48000,1.02194,0.00426,0.99570,0.00002,0.00002
32.62000,1.02194,0.00467,0.99528,0.00003,0.00002
32.76000,1.02194,0.00470,0.99525,0.00002,0.00003
32.90000,1.02193,0.00465,0.99531,0.00002,0.00002
33.04000,1.02194,0.00497,0.99497,0.00003,0.00003
33.18000,1.02194,0.00468,0.99527,0.00002,0.00003
33.32000,1.02194,0.00387,0.99609,0.00002,0.00002
33.46000,1.02194,0.00370,0.99627,0.00001,0.00002
33.60000,1.02194,0.00366,0.99630,0.00002,0.00002
33.74000,1.02193,0.00409,0.99586,0.00002,0.00002
33.88000,1.02194,0.00427,0.99569,0.00002,0.00002
34.02000,1.02194,0.00444,0.99551,0.00002,0.00002
34.16000,1.02194,0.00477,0.99518,0.00002,0.00003
34.30000,1.02194,0.00456,0.99540,0.00002,0.00002
34.44000,1.02194,0.00489,0.99505,0.00003,0.00003
34.58000,1.02193,0.00457,0.99538,0.00003,0.00002
34.72000,1.02193,0.00411,0.99585,0.00002,0.00002
34.86000,1.02194,0.00381,0.99615,0.00002,0.00002
35.00000,1.02194,0.00343,0.99654,0.00001,0.00002
35.14000,1.02194,0.00332,0.99664,0.00001,0.00002
35.28000,1.02194,0.00334,0.99662,0.00001,0.00002
35.42000,1.02194,0.00368,0.99629,0.00002,0.00002
35.56000,1.02193,0.00412,0.99585,0.00002,0.00002
35.70000,1.02194,0.00465,0.99530,0.00003,0.00002
35.84000,1.02194,0.00490,0.99505,0.00003,0.00002
35.98000,1.02194,0.00549,0.99445,0.00003,0.00002
36.12000,1.02194,0.00649,0.99343,0.00005,0.00003
36.26000,1.02194,0.00699,0.99292,0.00006,0.00003
36.40000,1.02193,0.00648,0.99345,0.00004,0.00003
36.54000,1.02194,0.00665,0.99327,0.00005,0.00003
36.68000,1.02194,0.00638,0.99355,0.00004,0.00003
36.82000,1.02194,0.00538,0.99455,0.00004,0.00003
36.96000,1.02194,0.00443,0.99552,0.00003,0.00002
37.10000,1.02194,0.00364,0.99632,0.00001,0.00002
37.24000,1.02193,0.00329,0.99668,0.00001,0.00002
37.38000,1.02194,0.00317,0.99680,0.00001,0.00002
37.52000,1.02194,0.00298,0.99699,0.00001,0.00002
37.66000,1.02194,0.00297,0.99700,0.00001,0.00001
37.80000,1.02194,0.00305,0.99692,0.00001,0.00002
37.94000,1.02194,0.00325,0.99672,0.00001,0.00002
38.08000,1.02193,0.00362,0.99634,0.00002,0.00002
38.22000,1.02193,0.00387,0.99609,0.00002,0.00002
38.36000,1.02194,0.00427,0.99568,0.00002,0.00002
38.50000,1.02194,0.00475,0.99519,0.00003,0.00003
38.64000,1.02194,0.00478,0.99517,0.00003,0.00003
38.78000,1.02194,0.00487,0.99508,0.00003,0.00003
38.92000,1.02194,0.00450,0.99545,0.00003,0.00002
39.06000,1.02193,0.00451,0.99544,0.00003,0.00002
39.20000,1.02194,0.00422,0.99574,0.00002,0.00002
39.34000,1.02194,0.00419,0.99577,0.00002,0.00002
39.48000,1.02194,0.00387,0.99609,0.00002,0.00002
39.62000,1.02194,0.00365,0.99632,0.00001,0.00002
39.76000,1.02194,0.00342,0.99655,0.00001,0.00002
39.90000,1.02193,0.00319,0.99677,0.00001,0.00002
40.04000,1.02194,0.00286,0.99711,0.00001,0.00002
40.18000,1.02194,0.00290,0.99707,0.00001,0.00002
40.32000,1.02194,0.00302,0.99695,0.00001,0.00002
40.46000,1.02194,0.00286,0.99711,0.00001,0.00002
40.60000,1.02194,0.00277,0.99721,0.00001,0.00002
40.74000,1.02193,0.00253,0.99745,0.00001,0.00001
40.88000,1.02194,0.00263,0.99734,0.00001,0.00002
41.02000,1.02194,0.00258,0.99740,0.00001,0.00002
41.16000,1.02194,0.00298,0.99699,0.00001,0.00002
41.30000,1.02194,0.00312,0.99685,0.00001,0.00002
41.44000,1.02194,0.00380,0.99616,0.00002,0.00002
41.58000,1.02193,0.00463,0.99532,0.00003,0.00002
41.72000,1.02193,0.00487,0.99507,0.00003,0.00003
41.86000,1.02194,0.00479,0.99516,0.00003,0.00002
42.00000,1.02194,0.00470,0.99525,0.00002,0.00002
42.14000,1.02194,0.00474,0.99520,0.00003,0.00003
42.28000,1.02194,0.00404,0.99592,0.00002,0.00002
42.42000,1.02194,0.00396,0.99599,0.00002,0.00003
42.56000,1.02193,0.00386,0.99610,0.00002,0.00003
42.70000,1.02194,0.00370,0.99626,0.00002,0.00003
42.84000,1.02194,0.00328,0.99669,0.00001,0.00002
42.98000,1.02194,0.00330,0.99667,0.00001,0.00002
43.12000,1.02194,0.00302,0.99696,0.00001,0.00002
43.26000,1.02194,0.00288,0.99709,0.00001,0.00002
43.40000,1.02193,0.00289,0.99708,0.00001,0.00002
43.54000,1.02194,0.00314,0.99683,0.00001,0.00002
43.68000,1.02194,0.00313,0.99685,0.00001,0.00002
43.82000,1.02194,0.00352,0.99644,0.00002,0.00002
43.96000,1.02194,0.00347,0.99650,0.00001,0.00002
44.10000,1.02194,0.00358,0.99639,0.00002,0.00002
44.24000,1.02193,0.00374,0.99622,0.00002,0.00002
44.38000,1.02194,0.00367,0.99630,0.00002,0.00002
44.52000,1.02194,0.00368,0.99628,0.00002,0.00002
44.66000,1.02194,0.00363,0.99633,0.00002,0.00002
44.80000,1.02194,0.00361,0.99636,0.00002,0.00002
44.94000,1.02194,0.00346,0.99651,0.00001,0.00002
45.08000,1.02193,0.00347,0.99650,0.00001,0.00002
45.22000,1.02193,0.00345,0.99652,0.00002,0.00002
45.36000,1.02194,0.00372,0.99624,0.00002,0.00002
45.50000,1.02194,0.00399,0.99597,0.00002,0.00002
45.64000,1.02194,0.00423,0.99573,0.00002,0.00003
45.78000,1.02194,0.00434,0.99561,0.00002,0.00002
45.92000,1.02194,0.00435,0.99561,0.00002,0.00002
46.06000,1.02193,0.00441,0.99554,0.00002,0.00003
46.20000,1.02194,0.00411,0.99584,0.00002,0.00002
46.34000,1.02194,0.00389,0.99607,0.00002,0.00002
46.48000,1.02194,0.00355,0.99641,0.00001,0.00002
46.62000,1.02194,0.00341,0.99656,0.00001,0.00002
46.76000,1.02194,0.00340,0.99657,0.00001,0.00002
46.90000,1.02193,0.00345,0.99652,0.00001,0.00002
47.04000,1.02194,0.00337,0.99660,0.00001,0.00002
47.18000,1.02194,0.00363,0.99633,0.00002,0.00002
47.32000,1.02194,0.00367,0.99630,0.00001,0.00002
47.46000,1.02194,0.00409,0.99587,0.00002,0.00002
47.60000,1.02194,0.00474,0.99521,0.00003,0.00002
47.74000,1.02193,0.00447,0.99548,0.00002,0.00002
47.88000,1.02194,0.00445,0.99551,0.00002,0.00003
48.02000,1.02194,0.00438,0.99557,0.00002,0.00003
48.16000,1.02194,0.00393,0.99603,0.00002,0.00002
48.30000,1.02194,0.00357,0.99640,0.00002,0.00002
48.44000,1.02194,0.00326,0.99671,0.00001,0.00002
48.58000,1.02193,0.00286,0.99712,0.00001,0.00002
48.72000,1.02193,0.00277,0.99720,0.00001,0.00002
48.86000,1.02194,0.00305,0.99692,0.00001,0.00002
49.00000,1.02194,0.00298,0.99699,0.00001,0.00002
49.14000,1.02194,0.00312,0.99685,0.00001,0.00002
49.28000,1.02194,0.00300,0.99698,0.00001,0.00002
49.42000,1.02194,0.00319,0.99678,0.00001,0.00002
49.56000,1.02193,0.00306,0.99692,0.00001,0.00002
49.70000,1.02194,0.00323,0.99674,0.00001,0.00002
49.84000,1.02194,0.00311,0.99687,0.00001,0.00002
49.98000,1.02194,0.00314,0.99683,0.00001,0.00002
50.12000,1.02194,0.00334,0.99663,0.00001,0.00002
50.26000,1.02194,0.00343,0.99653,0.00001,0.00002
50.40000,1.02193,0.00362,0.99634,0.00002,0.00002
50.54000,1.02194,0.00377,0.99619,0.00002,0.00002
50.68000,1.02194,0.00401,0.99594,0.00002,0.00002
50.82000,1.02194,0.00422,0.99574,0.00002,0.00002
50.96000,1.02194,0.00415,0.99581,0.00002,0.00002
51.10000,1.02194,0.00436,0.99558,0.00003,0.00003
51.24000,1.02193,0.00399,0.99597,0.00002,0.00002
51.38000,1.02194,0.00365,0.99632,0.00002,0.00002
51.52000,1.02194,0.00342,0.99654,0.00002,0.00002
51.66000,1.02194,0.00315,0.99681,0.00001,0.00002
51.80000,1.02194,0.00304,0.99693,0.00001,0.00002
51.94000,1.02194,0.00300,0.99697,0.00001,0.00002
52.08000,1.02193,0.00279,0.99719,0.00001,0.00001
52.22000,1.02193,0.00275,0.99722,0.00001,0.00002
52.36000,1.02194,0.00281,0.99717,0.00001,0.00002
52.50000,1.02194,0.00273,0.99725,0.00001,0.00002
52.64000,1.02194,0.00279,0.99719,0.00001,0.00002
52.78000,1.02194,0.00253,0.99745,0.00001,0.00002
52.92000,1.02194,0.00262,0.99736,0.00001,0.00002
53.06000,1.02193,0.00257,0.99741,0.00001,0.00002
53.20000,1.02194,0.00274,0.99724,0.00001,0.00002
53.34000,1.02194,0.00274,0.99724,0.00001,0.00001
53.48000,1.02194,0.00301,0.99696,0.00001,0.00002
53.62000,1.02194,0.00356,0.99640,0.00001,0.00002
53.76000,1.02194,0.00380,0.99617,0.00002,0.00002
53.90000,1.02193,0.00407,0.99589,0.00002,0.00002
54.04000,1.02194,0.00414,0.99582,0.00002,0.00002
54.18000,1.02194,0.00405,0.99591,0.00002,0.00002
54.32000,1.02194,0.00376,0.99621,0.00002,0.00002
54.46000,1.02194,0.00361,0.99636,0.00002,0.00002
54.60000,1.02194,0.00376,0.99620,0.00002,0.00002
54.74000,1.02193,0.00397,0.99599,0.00002,0.00002
54.88000,1.02194,0.00402,0.99594,0.00002,0.00002
55.02000,1.02194,0.00393,0.99603,0.00002,0.00002
55.16000,1.02194,0.00372,0.99624,0.00002,0.00002
55.30000,1.02194,0.00341,0.99656,0.00001,0.00002
55.44000,1.02194,0.00327,0.99670,0.00001,0.00002
55.58000,1.02193,0.00309,0.99689,0.00001,0.00002
55.72000,1.02193,0.00313,0.99684,0.00001,0.00002
55.86000,1.02194,0.00318,0.99679,0.00001,0.00002
56.00000,1.02194,0.00305,0.99692,0.00001,0.00002
56.14000,1.02194,0.00315,0.99682,0.00001,0.00002
56.28000,1.02194,0.00308,0.99689,0.00001,0.00002
56.42000,1.02194,0.00291,0.99707,0.00001,0.00001
56.56000,1.02193,0.00293,0.99704,0.00001,0.00002
56.70000,1.02194,0.00298,0.99700,0.00001,0.00002
56.84000,1.02194,0.00307,0.99691,0.00001,0.00002
56.98000,1.02194,0.00334,0.99663,0.00001,0.00002
57.12000,1.02194,0.00348,0.99649,0.00001,0.00002
57.26000,1.02194,0.00379,0.99617,0.00001,0.00002
57.40000,1.02193,0.00459,0.99536,0.00002,0.00003
57.54000,1.02194,0.00657,0.99331,0.00004,0.00009
57.68000,1.02194,0.00593,0.99398,0.00003,0.00006
57.82000,1.02194,0.00750,0.99233,0.00004,0.00013
57.96000,1.02194,0.00703,0.99283,0.00003,0.00011
58.10000,1.02194,0.00817,0.99163,0.00004,0.00015
58.24000,1.02193,0.00689,0.99300,0.00005,0.00007
58.38000,1.02194,0.00505,0.99488,0.00003,0.00004
58.52000,1.02194,0.00426,0.99569,0.00002,0.00003
58.66000,1.02194,0.00361,0.99635,0.00002,0.00002
58.80000,1.02194,0.00368,0.99628,0.00002,0.00002
58.94000,1.02194,0.00358,0.99639,0.00002,0.00002
59.08000,1.02193,0.00364,0.99632,0.00002,0.00002
59.22000,1.02193,0.00430,0.99565,0.00002,0.00003
59.36000,1.02194,0.00443,0.99552,0.00003,0.00002
59.50000,1.02194,0.00439,0.99556,0.00002,0.00003
59.64000,1.02194,0.00432,0.99563,0.00002,0.00002
59.78000,1.02194,0.00422,0.99573,0.00002,0.00002
59.92000,1.02194,0.00422,0.99574,0.00002,0.00002
60.06000,1.02193,0.00411,0.99584,0.00002,0.00003
60.20000,1.02194,0.00412,0.99584,0.00002,0.00003
60.34000,1.02194,0.00420,0.99575,0.00002,0.00003
60.48000,1.02194,0.00532,0.99461,0.00004,0.00004
60.62000,1.02194,0.00559,0.99434,0.00003,0.00003
60.76000,1.02194,0.00646,0.99345,0.00006,0.00003
60.90000,1.02193,0.00581,0.99412,0.00004,0.00003
61.04000,1.02194,0.00661,0.99330,0.00006,0.00003
61.18000,1.02194,0.00648,0.99344,0.00005,0.00003
61.32000,1.02194,0.00614,0.99379,0.00005,0.00003
61.46000,1.02194,0.00654,0.99337,0.00005,0.00003
61.60000,1.02194,0.00690,0.99301,0.00006,0.00003
61.74000,1.02193,0.00641,0.99351,0.00005,0.00003
61.88000,1.02194,0.00638,0.99353,0.00006,0.00003
62.02000,1.02194,0.00618,0.99375,0.00005,0.00003
62.16000,1.02194,0.00592,0.99401,0.00004,0.00003
62.30000,1.02194,0.00545,0.99448,0.00005,0.00003
62.44000,1.02194,0.00463,0.99532,0.00003,0.00003
62.58000,1.02193,0.00447,0.99548,0.00003,0.00002
62.72000,1.02193,0.00433,0.99562,0.00002,0.00002
62.86000,1.02194,0.00449,0.99546,0.00003,0.00003
63.00000,1.02193,0.00438,0.99558,0.00002,0.00002
63.14000,1.02193,0.00434,0.99562,0.00002,0.00003
63.28000,1.02194,0.00408,0.99588,0.00002,0.00002
63.42000,1.02194,0.00389,0.99607,0.00002,0.00003
63.56000,1.02194,0.00346,0.99651,0.00002,0.00002
63.70000,1.02194,0.00330,0.99667,0.00001,0.00002
63.84000,1.02194,0.00320,0.99677,0.00001,0.00002
63.98000,1.02194,0.00326,0.99670,0.00001,0.00002
64.12000,1.02193,0.00343,0.99653,0.00002,0.00002
64.26000,1.02193,0.00372,0.99625,0.00002,0.00002
64.40000,1.02193,0.00376,0.99620,0.00002,0.00002
64.54000,1.02193,0.00409,0.99587,0.00002,0.00002
64.68000,1.02193,0.00417,0.99578,0.00003,0.00002
64.82000,1.02193,0.00403,0.99593,0.00002,0.00002
64.96000,1.02194,0.00429,0.99567,0.00002,0.00002
65.10000,1.02194,0.00510,0.99485,0.00003,0.00002
65.24000,1.02194,0.00581,0.99411,0.00004,0.00003
65.38000,1.02194,0.00572,0.99421,0.00004,0.00003
65.52000,1.02194,0.00600,0.99392,0.00005,0.00003
65.66000,1.02193,0.00545,0.99449,0.00003,0.00003
65.80000,1.02193,0.00512,0.99482,0.00003,0.00002
65.94000,1.02193,0.00450,0.99544,0.00003,0.00002
66.08000,1.02193,0.00389,0.99607,0.00002,0.00002
66.22000,1.02193,0.00367,0.99630,0.00002,0.00002
66.36000,1.02193,0.00375,0.99621,0.00002,0.00002
66.50000,1.02193,0.00366,0.99630,0.00001,0.00002
66.64000,1.02193,0.00374,0.99622,0.00002,0.00002
66.78000,1.02194,0.00378,0.99618,0.00002,0.00002
66.92000,1.02194,0.00359,0.99637,0.00002,0.00002
67.06000,1.02194,0.00356,0.99641,0.00002,0.00002
67.20000,1.02194,0.00364,0.99632,0.00002,0.00002
67.34000,1.02194,0.00369,0.99628,0.00002,0.00002
67.48000,1.02193,0.00357,0.99639,0.00002,0.00002
67.62000,1.02193,0.00344,0.99653,0.00001,0.00002
67.76000,1.02193,0.00357,0.99640,0.00001,0.00002
67.90000,1.02193,0.00376,0.99620,0.00002,0.00002
68.04000,1.02193,0.00366,0.99630,0.00002,0.00002
68.18000,1.02193,0.00358,0.99638,0.00002,0.00002
68.32000,1.02193,0.00358,0.99638,0.00002,0.00002
68.46000,1.02194,0.00376,0.99620,0.00002,0.00002
68.60000,1.02194,0.00367,0.99629,0.00002,0.00002
68.74000,1.02194,0.00360,0.99636,0.00002,0.00002
68.88000,1.02194,0.00350,0.99647,0.00002,0.00002
69.02000,1.02194,0.00385,0.99611,0.00002,0.00002
69.16000,1.02193,0.00359,0.99637,0.00002,0.00002
69.30000,1.02193,0.00345,0.99652,0.00001,0.00002
69.44000,1.02193,0.00346,0.99650,0.00002,0.00002
69.58000,1.02193,0.00334,0.99663,0.00001,0.00002
69.72000,1.02193,0.00337,0.99660,0.00001,0.00002
69.86000,1.02193,0.00295,0.99702,0.00001,0.00002
70.00000,1.02193,0.00284,0.99713,0.00001,0.00002
70.14000,1.02193,0.00275,0.99723,0.00001,0.00002
70.28000,1.02194,0.00277,0.99721,0.00001,0.00002
70.42000,1.02194,0.00283,0.99715,0.00001,0.00002
70.56000,1.02194,0.00304,0.99694,0.00001,0.00002
70.70000,1.02194,0.00312,0.99685,0.00001,0.00002
70.84000,1.02194,0.00331,0.99666,0.00001,0.00002
70.98000,1.02193,0.00344,0.99652,0.00001,0.00002
71.12000,1.02193,0.00362,0.99635,0.00002,0.00002
71.26000,1.02193,0.00383,0.99613,0.00002,0.00002
71.40000,1.02193,0.00370,0.99626,0.00002,0.00002
71.54000,1.02193,0.00368,0.99628,0.00002,0.00002
71.68000,1.02193,0.00348,0.99649,0.00001,0.00002
71.82000,1.02193,0.00332,0.99665,0.00001,0.00002
71.96000,1.02194,0.00353,0.99644,0.00001,0.00002
72.10000,1.02194,0.00370,0.99626,0.00002,0.00002
72.24000,1.02194,0.00428,0.99568,0.00002,0.00002
72.38000,1.02194,0.00425,0.99571,0.00002,0.00002
72.52000,1.02194,0.00434,0.99562,0.00002,0.00002
72.66000,1.02193,0.00428,0.99567,0.00002,0.00002
72.80000,1.02193,0.00403,0.99594,0.00002,0.00002
72.94000,1.02193,0.00371,0.99625,0.00002,0.00002
73.08000,1.02193,0.00362,0.99634,0.00001,0.00002
73.22000,1.02193,0.00367,0.99629,0.00001,0.00002
73.36000,1.02193,0.00353,0.99644,0.00001,0.00002
73.50000,1.02193,0.00374,0.99623,0.00002,0.00002
73.64000,1.02193,0.00370,0.99627,0.00001,0.00002
73.78000,1.02194,0.00375,0.99621,0.00002,0.00002
73.92000,1.02194,0.00345,0.99652,0.00001,0.00002
74.06000,1.02194,0.00329,0.99668,0.00001,0.00002
74.20000,1.02194,0.00314,0.99683,0.00001,0.00002
74.34000,1.02194,0.00325,0.99672,0.00001,0.00002
74.48000,1.02193,0.00317,0.99681,0.00001,0.00002
74.62000,1.02193,0.00332,0.99665,0.00001,0.00002
74.76000,1.02193,0.00375,0.99621,0.00002,0.00002
74.90000,1.02193,0.00415,0.99581,0.00002,0.00002
75.04000,1.02193,0.00511,0.99483,0.00003,0.00002
75.18000,1.02193,0.00523,0.99471,0.00003,0.00002
75.32000,1.02193,0.00572,0.99421,0.00004,0.00003
75.46000,1.02194,0.00607,0.99385,0.00005,0.00003
75.60000,1.02194,0.00662,0.99329,0.00006,0.00003
75.74000,1.02194,0.00692,0.99298,0.00007,0.00003
75.88000,1.02194,0.00727,0.99262,0.00007,0.00004
76.02000,1.02194,0.00644,0.99347,0.00006,0.00003
76.16000,1.02193,0.00582,0.99411,0.00004,0.00003
76.30000,1.02193,0.00568,0.99425,0.00004,0.00003
76.44000,1.02193,0.00508,0.99486,0.00003,0.00003
76.58000,1.02193,0.00412,0.99583,0.00002,0.00002
76.72000,1.02193,0.00377,0.99619,0.00002,0.00002
76.86000,1.02193,0.00353,0.99643,0.00001,0.00002
77.00000,1.02193,0.00335,0.99662,0.00001,0.00002
77.14000,1.02193,0.00302,0.99696,0.00001,0.00002
77.28000,1.02194,0.00294,0.99703,0.00001,0.00002
77.42000,1.02194,0.00288,0.99709,0.00001,0.00002
77.56000,1.02194,0.00284,0.99714,0.00001,0.00002
77.70000,1.02194,0.00259,0.99738,0.00001,0.00001
77.84000,1.02194,0.00271,0.99726,0.00001,0.00002
77.98000,1.02193,0.00283,0.99715,0.00001,0.00002
78.12000,1.02193,0.00285,0.99712,0.00001,0.00002
78.26000,1.02193,0.00290,0.99707,0.00001,0.00002
78.40000,1.02193,0.00302,0.99696,0.00001,0.00002
78.54000,1.02193,0.00316,0.99681,0.00001,0.00002
78.68000,1.02193,0.00336,0.99660,0.00001,0.00002
78.82000,1.02193,0.00348,0.99648,0.00001,0.00002
78.96000,1.02194,0.00347,0.99650,0.00001,0.00002
79.10000,1.02194,0.00395,0.99601,0.00002,0.00002
79.24000,1.02194,0.00457,0.99537,0.00003,0.00003
79.38000,1.02194,0.00482,0.99512,0.00002,0.00003
79.52000,1.02194,0.00475,0.99519,0.00002,0.00003
79.66000,1.02193,0.00528,0.99466,0.00003,0.00003
79.80000,1.02193,0.00555,0.99437,0.00004,0.00004
79.94000,1.02193,0.00577,0.99415,0.00005,0.00003
80.08000,1.02193,0.00429,0.99566,0.00002,0.00002
80.22000,1.02193,0.00427,0.99569,0.00002,0.00002
80.36000,1.02193,0.00413,0.99583,0.00002,0.00002
80.50000,1.02193,0.00422,0.99574,0.00002,0.00002
80.64000,1.02193,0.00456,0.99539,0.00003,0.00002
80.78000,1.02194,0.00485,0.99510,0.00003,0.00003
80.92000,1.02194,0.00566,0.99427,0.00004,0.00003
81.06000,1.02194,0.00698,0.99294,0.00005,0.00004
81.20000,1.02194,0.00815,0.99174,0.00006,0.00004
81.34000,1.02194,0.00923,0.99064,0.00007,0.00005
81.48000,1.02193,0.00981,0.99004,0.00009,0.00006
81.62000,1.02193,0.00928,0.99059,0.00007,0.00006
81.76000,1.02193,0.00809,0.99178,0.00008,0.00005
81.90000,1.02193,0.00646,0.99346,0.00005,0.00003
82.04000,1.02193,0.00530,0.99464,0.00003,0.00003
82.18000,1.02193,0.00459,0.99536,0.00003,0.00003
82.32000,1.02193,0.00406,0.99590,0.00002,0.00002
82.46000,1.02194,0.00369,0.99628,0.00002,0.00002
82.60000,1.02194,0.00359,0.99638,0.00002,0.00002
82.74000,1.02194,0.00342,0.99655,0.00001,0.00002
82.88000,1.02194,0.00345,0.99652,0.00001,0.00002
83.02000,1.02194,0.00382,0.99614,0.00002,0.00002
83.16000,1.02193,0.00420,0.99576,0.00002,0.00002
83.30000,1.02193,0.00490,0.99504,0.00003,0.00002
83.44000,1.02193,0.00553,0.99442,0.00003,0.00003
83.58000,1.02193,0.00655,0.99336,0.00005,0.00003
83.72000,1.02193,0.00676,0.99316,0.00006,0.00003
83.86000,1.02193,0.00656,0.99336,0.00005,0.00003
84.00000,1.02193,0.00626,0.99366,0.00005,0.00003
84.14000,1.02193,0.00600,0.99393,0.00005,0.00003
84.28000,1.02194,0.00537,0.99457,0.00003,0.00003
84.42000,1.02194,0.00491,0.99503,0.00003,0.00002
84.56000,1.02194,0.00479,0.99516,0.00003,0.00003
84.70000,1.02194,0.00487,0.99508,0.00003,0.00002
84.84000,1.02194,0.00503,0.99491,0.00003,0.00003
84.98000,1.02193,0.00510,0.99484,0.00003,0.00003
85.12000,1.02193,0.00538,0.99455,0.00004,0.00003
85.26000,1.02193,0.00513,0.99481,0.00003,0.00003
85.40000,1.02193,0.00494,0.99500,0.00003,0.00003
85.54000,1.02193,0.00489,0.99506,0.00003,0.00003
85.68000,1.02193,0.00468,0.99528,0.00002,0.00002
85.82000,1.02193,0.00451,0.99545,0.00002,0.00002
85.96000,1.02194,0.00452,0.99543,0.00003,0.00002
86.10000,1.02194,0.00445,0.99550,0.00002,0.00002
86.24000,1.02194,0.00418,0.99578,0.00002,0.00002
86.38000,1.02194,0.00426,0.99569,0.00002,0.00002
86.52000,1.02194,0.00451,0.99544,0.00003,0.00002
86.66000,1.02193,0.00443,0.99552,0.00003,0.00002
86.80000,1.02193,0.00423,0.99572,0.00002,0.00002
86.94000,1.02193,0.00413,0.99583,0.00002,0.00002
87.08000,1.02193,0.00402,0.99594,0.00002,0.00002
87.22000,1.02193,0.00395,0.99601,0.00002,0.00002
87.36000,1.02193,0.00493,0.99500,0.00002,0.00005
87.50000,1.02193,0.00992,0.98975,0.00004,0.00028
87.64000,1.02193,0.00876,0.99103,0.00004,0.00017
87.78000,1.02194,0.01375,0.98556,0.00009,0.00060
87.92000,1.02194,0.01218,0.98730,0.00005,0.00047
88.06000,1.02194,0.02489,0.97353,0.00018,0.00140
88.20000,1.02194,0.01221,0.98750,0.00010,0.00019
88.34000,1.02194,0.00932,0.99049,0.00006,0.00013
88.48000,1.02193,0.00615,0.99376,0.00004,0.00005
88.62000,1.02193,0.00368,0.99628,0.00002,0.00002
88.76000,1.02193,0.00340,0.99656,0.00001,0.00002
88.90000,1.02193,0.00324,0.99673,0.00001,0.00002
89.04000,1.02193,0.00328,0.99669,0.00001,0.00002
89.18000,1.02193,0.00350,0.99646,0.00001,0.00002
89.32000,1.02193,0.00359,0.99638,0.00001,0.00002
89.46000,1.02194,0.00380,0.99616,0.00002,0.00002
89.60000,1.02194,0.00391,0.99606,0.00002,0.00002
89.74000,1.02194,0.00439,0.99556,0.00003,0.00002
89.88000,1.02194,0.00473,0.99522,0.00003,0.00002
90.02000,1.02194,0.00490,0.99505,0.00003,0.00002
90.16000,1.02193,0.00556,0.99437,0.00004,0.00003
90.30000,1.02193,0.00558,0.99435,0.00004,0.00003
90.44000,1.02193,0.00547,0.99447,0.00004,0.00003
90.58000,1.02193,0.00654,0.99337,0.00005,0.00004
90.72000,1.02193,0.00659,0.99331,0.00005,0.00005
90.86000,1.02193,0.00584,0.99409,0.00003,0.00004
91.00000,1.02193,0.00646,0.99345,0.00004,0.00004
91.14000,1.02193,0.00690,0.99302,0.00005,0.00004
91.28000,1.02194,0.00685,0.99304,0.00006,0.00004
91.42000,1.02194,0.00573,0.99418,0.00005,0.00003
91.56000,1.02194,0.00483,0.99511,0.00003,0.00003
91.70000,1.02194,0.00479,0.99515,0.00003,0.00003
91.84000,1.02194,0.00451,0.99544,0.00003,0.00002
91.98000,1.02193,0.00399,0.99597,0.00002,0.00002
92.12000,1.02193,0.00382,0.99614,0.00002,0.00002
92.26000,1.02193,0.00405,0.99590,0.00002,0.00003
92.40000,1.02193,0.00466,0.99529,0.00002,0.00002
92.54000,1.02193,0.00489,0.99506,0.00003,0.00003
92.68000,1.02193,0.00500,0.99495,0.00003,0.00003
92.82000,1.02193,0.00484,0.99511,0.00002,0.00002
92.96000,1.02194,0.00502,0.99493,0.00003,0.00003
93.10000,1.02194,0.00513,0.99482,0.00003,0.00003
93.24000,1.02194,0.00526,0.99468,0.00003,0.00003
93.38000,1.02194,0.00579,0.99414,0.00004,0.00003
93.52000,1.02194,0.00566,0.99428,0.00003,0.00003
93.66000,1.02193,0.00560,0.99434,0.00003,0.00003
93.80000,1.02193,0.00559,0.99435,0.00004,0.00003
93.94000,1.02193,0.00508,0.99487,0.00003,0.00003
94.08000,1.02193,0.00425,0.99570,0.00002,0.00002
94.22000,1.02193,0.00382,0.99614,0.00002,0.00002
94.36000,1.02193,0.00388,0.99609,0.00002,0.00002
94.50000,1.02193,0.00384,0.99612,0.00002,0.00002
94.64000,1.02193,0.00376,0.99621,0.00002,0.00002
94.78000,1.02194,0.00385,0.99612,0.00002,0.00002
94.92000,1.02194,0.00421,0.99575,0.00002,0.00002
95.06000,1.02194,0.00400,0.99596,0.00002,0.00002
95.20000,1.02194,0.00394,0.99602,0.00002,0.00002
95.34000,1.02194,0.00389,0.99607,0.00002,0.00002
95.48000,1.02193,0.00384,0.99612,0.00002,0.00002
95.62000,1.02193,0.00379,0.99617,0.00002,0.00002
95.76000,1.02193,0.00372,0.99624,0.00001,0.00002
95.90000,1.02193,0.00373,0.99623,0.00002,0.00002
96.04000,1.02193,0.00388,0.99609,0.00002,0.00002
96.18000,1.02193,0.00396,0.99600,0.00002,0.00002
96.32000,1.02193,0.00412,0.99583,0.00002,0.00002
96.46000,1.02194,0.00451,0.99544,0.00003,0.00002
96.60000,1.02194,0.00460,0.99535,0.00002,0.00003
96.74000,1.02194,0.00468,0.99527,0.00003,0.00003
96.88000,1.02194,0.00425,0.99571,0.00002,0.00002
97.02000,1.02194,0.00410,0.99586,0.00002,0.00002
97.16000,1.02193,0.00404,0.99592,0.00002,0.00002
97.30000,1.02193,0.00387,0.99609,0.00002,0.00002
97.44000,1.02193,0.00389,0.99607,0.00002,0.00002
97.58000,1.02193,0.00418,0.99577,0.00002,0.00002
97.72000,1.02193,0.00440,0.99555,0.00002,0.00002
97.86000,1.02193,0.00449,0.99546,0.00003,0.00003
98.00000,1.02193,0.00464,0.99531,0.00003,0.00003
98.14000,1.02193,0.00455,0.99540,0.00003,0.00002
98.28000,1.02194,0.00469,0.99525,0.00003,0.00002
98.42000,1.02194,0.00449,0.99546,0.00003,0.00003
98.56000,1.02194,0.00408,0.99587,0.00002,0.00002
98.70000,1.02194,0.00369,0.99627,0.00002,0.00002
98.84000,1.02194,0.00359,0.99637,0.00002,0.00002
98.98000,1.02193,0.00337,0.99660,0.00002,0.00002
99.12000,1.02193,0.00318,0.99678,0.00001,0.00002
99.26000,1.02193,0.00328,0.99669,0.00001,0.00002
99.40000,1.02193,0.00346,0.99651,0.00001,0.00002
99.54000,1.02193,0.00379,0.99617,0.00002,0.00002
99.68000,1.02193,0.00388,0.99608,0.00002,0.00002
99.82000,1.02193,0.00390,0.99606,0.00002,0.00002
99.96000,1.02194,0.00401,0.99595,0.00002,0.00002
100.10000,1.02194,0.00388,0.99608,0.00002,0.00002
100.24000,1.02194,0.00371,0.99625,0.00002,0.00002
100.38000,1.02194,0.00351,0.99645,0.00002,0.00002
100.52000,1.02194,0.00362,0.99634,0.00002,0.00002
100.66000,1.02193,0.00356,0.99640,0.00001,0.00002
100.80000,1.02193,0.00393,0.99603,0.00002,0.00002
100.94000,1.02193,0.00394,0.99602,0.00002,0.00002
101.08000,1.02193,0.00408,0.99588,0.00002,0.00002
101.22000,1.02193,0.00408,0.99588,0.00002,0.00002
101.36000,1.02193,0.00448,0.99547,0.00003,0.00002
101.50000,1.02193,0.00445,0.99550,0.00002,0.00002
101.64000,1.02193,0.00405,0.99591,0.00002,0.00002
101.78000,1.02194,0.00390,0.99606,0.00002,0.00002
101.92000,1.02194,0.00375,0.99622,0.00001,0.00002
102.06000,1.02194,0.00378,0.99618,0.00002,0.00002
102.20000,1.02194,0.00356,0.99641,0.00002,0.00002
102.34000,1.02194,0.00352,0.99645,0.00001,0.00002
102.48000,1.02193,0.00361,0.99635,0.00002,0.00002
102.62000,1.02193,0.00387,0.99610,0.00002,0.00002
102.76000,1.02193,0.00446,0.99549,0.00002,0.00003
102.90000,1.02193,0.00477,0.99518,0.00003,0.00003
103.04000,1.02193,0.00501,0.99493,0.00003,0.00003
103.18000,1.02193,0.00559,0.99434,0.00004,0.00004
103.32000,1.02193,0.00565,0.99428,0.00003,0.00004
103.46000,1.02194,0.00557,0.99435,0.00004,0.00003
103.60000,1.02194,0.00493,0.99501,0.00003,0.00003
103.74000,1.02194,0.00502,0.99491,0.00003,0.00003
103.88000,1.02194,0.00455,0.99540,0.00002,0.00003
104.02000,1.02194,0.00427,0.99568,0.00002,0.00003
104.16000,1.02193,0.00393,0.99603,0.00002,0.00002
104.30000,1.02193,0.00372,0.99624,0.00002,0.00002
104.44000,1.02193,0.00351,0.99646,0.00002,0.00002
104.58000,1.02193,0.00393,0.99602,0.00002,0.00002
104.72000,1.02193,0.00393,0.99604,0.00002,0.00002
104.86000,1.02193,0.00479,0.99515,0.00003,0.00003
105.00000,1.02193,0.00489,0.99506,0.00003,0.00002
105.14000,1.02193,0.00526,0.99468,0.00003,0.00003
105.28000,1.02194,0.00585,0.99408,0.00004,0.00003
105.42000,1.02194,0.00606,0.99385,0.00005,0.00004
105.56000,1.02194,0.00619,0.99372,0.00005,0.00003
105.70000,1.02194,0.00583,0.99410,0.00004,0.00003
105.84000,1.02194,0.00603,0.99389,0.00004,0.00004
105.98000,1.02193,0.00622,0.99370,0.00004,0.00004
106.12000,1.02193,0.00603,0.99389,0.00005,0.00003
106.26000,1.02193,0.00538,0.99456,0.00003,0.00003
106.40000,1.02193,0.00535,0.99459,0.00004,0.00003
106.54000,1.02193,0.00514,0.99481,0.00003,0.00003
106.68000,1.02193,0.00507,0.99487,0.00004,0.00002
106.82000,1.02193,0.00510,0.99484,0.00004,0.00002
106.96000,1.02194,0.00480,0.99514,0.00003,0.00002
107.10000,1.02194,0.00435,0.99561,0.00002,0.00002
107.24000,1.02194,0.00409,0.99587,0.00002,0.00002
107.38000,1.02194,0.00399,0.99597,0.00002,0.00002
107.52000,1.02194,0.00370,0.99626,0.00002,0.00002
107.66000,1.02193,0.00339,0.99658,0.00002,0.00002
107.80000,1.02193,0.00345,0.99652,0.00001,0.00002
107.94000,1.02193,0.00372,0.99624,0.00002,0.00002
108.08000,1.02193,0.00403,0.99593,0.00002,0.00002
108.22000,1.02193,0.00414,0.99581,0.00002,0.00002
108.36000,1.02193,0.00426,0.99569,0.00002,0.00002
108.50000,1.02193,0.00444,0.99551,0.00002,0.00002
108.64000,1.02193,0.00444,0.99552,0.00002,0.00002
108.78000,1.02194,0.00476,0.99519,0.00003,0.00002
108.92000,1.02194,0.00512,0.99482,0.00003,0.00002
109.06000,1.02194,0.00547,0.99446,0.00004,0.00003
109.20000,1.02194,0.00527,0.99467,0.00003,0.00003
109.34000,1.02194,0.00539,0.99455,0.00003,0.00003
109.48000,1.02193,0.00561,0.99432,0.00004,0.00003
109.62000,1.02193,0.00530,0.99464,0.00003,0.00003
109.76000,1.02193,0.00494,0.99500,0.00003,0.00003
109.90000,1.02193,0.00480,0.99515,0.00003,0.00002
110.04000,1.02193,0.00481,0.99514,0.00003,0.00002
110.18000,1.02193,0.00414,0.99581,0.00002,0.00002
110.32000,1.02193,0.00382,0.99614,0.00002,0.00002
110.46000,1.02194,0.00375,0.99622,0.00002,0.00002
110.60000,1.02194,0.00424,0.99571,0.00003,0.00002
110.74000,1.02194,0.00384,0.99612,0.00002,0.00002
110.88000,1.02194,0.00381,0.99615,0.00002,0.00002
111.02000,1.02194,0.00385,0.99611,0.00002,0.00002
111.16000,1.02193,0.00420,0.99575,0.00002,0.00002
111.30000,1.02193,0.00402,0.99594,0.00002,0.00002
111.44000,1.02193,0.00414,0.99581,0.00002,0.00003
111.58000,1.02193,0.00402,0.99594,0.00002,0.00002
111.72000,1.02193,0.00435,0.99561,0.00002,0.00002
111.86000,1.02193,0.00450,0.99545,0.00003,0.00002
112.00000,1.02193,0.00488,0.99507,0.00003,0.00002
112.14000,1.02193,0.00473,0.99522,0.00003,0.00002
112.28000,1.02194,0.00491,0.99503,0.00003,0.00003
112.42000,1.02194,0.00465,0.99529,0.00003,0.00002
112.56000,1.02194,0.00427,0.99569,0.00002,0.00002
112.70000,1.02194,0.00395,0.99601,0.00002,0.00002
112.84000,1.02194,0.00363,0.99633,0.00002,0.00002
112.98000,1.02193,0.00354,0.99643,0.00002,0.00002
113.12000,1.02193,0.00367,0.99629,0.00002,0.00002
113.26000,1.02193,0.00376,0.99620,0.00002,0.00002
113.40000,1.02193,0.00383,0.99613,0.00002,0.00002
113.54000,1.02193,0.00415,0.99581,0.00002,0.00002
113.68000,1.02193,0.00454,0.99542,0.00002,0.00002
113.82000,1.02193,0.00510,0.99484,0.00003,0.00003
113.96000,1.02194,0.00512,0.99483,0.00003,0.00003
114.10000,1.02194,0.00517,0.99477,0.00003,0.00003
114.24000,1.02194,0.00521,0.99474,0.00003,0.00003
114.38000,1.02194,0.00590,0.99403,0.00004,0.00003
114.52000,1.02194,0.00590,0.99402,0.00005,0.00003
114.66000,1.02193,0.00565,0.99428,0.00003,0.00003
114.80000,1.02193,0.00546,0.99448,0.00004,0.00003
114.94000,1.02193,0.00579,0.99414,0.00004,0.00002
115.08000,1.02193,0.00505,0.99489,0.00003,0.00002
115.22000,1.02193,0.00470,0.99525,0.00003,0.00003
115.36000,1.02193,0.00483,0.99511,0.00003,0.00002
115.50000,1.02193,0.00475,0.99520,0.00003,0.00002
115.64000,1.02193,0.00485,0.99510,0.00003,0.00003
115.78000,1.02194,0.00505,0.99488,0.00003,0.00003
115.92000,1.02194,0.00537,0.99456,0.00004,0.00003
116.06000,1.02194,0.00489,0.99505,0.00003,0.00003
116.20000,1.02194,0.00516,0.99477,0.00004,0.00003
116.34000,1.02194,0.00556,0.99436,0.00004,0.00004
116.48000,1.02193,0.00719,0.99270,0.00007,0.00005
116.62000,1.02193,0.00747,0.99241,0.00006,0.00006
116.76000,1.02193,0.00717,0.99272,0.00006,0.00005
116.90000,1.02193,0.00671,0.99320,0.00005,0.00004
117.04000,1.02193,0.00716,0.99273,0.00006,0.00005
117.18000,1.02193,0.00710,0.99280,0.00006,0.00004
117.32000,1.02193,0.00747,0.99243,0.00006,0.00004
117.46000,1.02194,0.00942,0.99043,0.00007,0.00008
117.60000,1.02194,0.01315,0.98665,0.00011,0.00010
117.74000,1.02194,0.01377,0.98596,0.00015,0.00012
117.88000,1.02194,0.01407,0.98571,0.00008,0.00013
118.02000,1.02194,0.01405,0.98572,0.00010,0.00013
118.16000,1.02193,0.01309,0.98667,0.00014,0.00010
118.30000,1.02193,0.00862,0.99125,0.00007,0.00005
118.44000,1.02193,0.01573,0.98396,0.00016,0.00015
118.58000,1.02193,0.00494,0.99500,0.00003,0.00002
118.72000,1.02193,0.00464,0.99531,0.00003,0.00002
118.86000,1.02193,0.00471,0.99523,0.00003,0.00002
119.00000,1.02193,0.00463,0.99532,0.00003,0.00002
119.14000,1.02193,0.00459,0.99536,0.00003,0.00002
119.28000,1.02194,0.00474,0.99521,0.00003,0.00002
119.42000,1.02194,0.00481,0.99514,0.00003,0.00002
119.56000,1.02194,0.00458,0.99537,0.00003,0.00002
119.70000,1.02194,0.00455,0.99540,0.00002,0.00002
119.84000,1.02194,0.00469,0.99526,0.00003,0.00003
119.98000,1.02193,0.00493,0.99501,0.00003,0.00002
120.12000,1.02193,0.00485,0.99510,0.00003,0.00003
120.26000,1.02193,0.00504,0.99491,0.00003,0.00003
120.40000,1.02193,0.00529,0.99465,0.00003,0.00003
120.54000,1.02193,0.00518,0.99477,0.00003,0.00003
120.68000,1.02193,0.00491,0.99503,0.00003,0.00003
120.82000,1.02193,0.00443,0.99553,0.00002,0.00002
120.96000,1.02194,0.00407,0.99589,0.00002,0.00002
121.10000,1.02194,0.00404,0.99592,0.00002,0.00002
121.24000,1.02194,0.00390,0.99606,0.00002,0.00002
121.38000,1.02194,0.00395,0.99601,0.00002,0.00002
121.52000,1.02194,0.00397,0.99600,0.00002,0.00002
121.66000,1.02193,0.00409,0.99587,0.00002,0.00002
121.80000,1.02193,0.00397,0.99600,0.00002,0.00002
121.94000,1.02193,0.00391,0.99605,0.00002,0.00002
122.08000,1.02193,0.00386,0.99610,0.00002,0.00002
122.22000,1.02193,0.00383,0.99614,0.00002,0.00002
122.36000,1.02193,0.00378,0.99618,0.00002,0.00002
122.50000,1.02193,0.00364,0.99633,0.00002,0.00002
122.64000,1.02193,0.00364,0.99632,0.00002,0.00002
122.78000,1.02194,0.00363,0.99633,0.00002,0.00002
122.92000,1.02194,0.00366,0.99630,0.00002,0.00002
123.06000,1.02194,0.00370,0.99626,0.00002,0.00002
123.20000,1.02194,0.00374,0.99622,0.00001,0.00002
123.34000,1.02194,0.00415,0.99580,0.00002,0.00002
123.48000,1.02193,0.00430,0.99565,0.00002,0.00002
123.62000,1.02193,0.00448,0.99547,0.00003,0.00002
123.76000,1.02193,0.00480,0.99515,0.00003,0.00002
123.90000,1.02193,0.00536,0.99458,0.00004,0.00003
124.04000,1.02193,0.00514,0.99480,0.00003,0.00003
124.18000,1.02193,0.00501,0.99494,0.00003,0.00002
124.32000,1.02193,0.00503,0.99492,0.00003,0.00002
124.46000,1.02194,0.00521,0.99473,0.00003,0.00002
124.60000,1.02194,0.00517,0.99477,0.00003,0.00003
124.74000,1.02194,0.00514,0.99481,0.00003,0.00003
124.88000,1.02194,0.00510,0.99484,0.00003,0.00003
125.02000,1.02194,0.00526,0.99468,0.00003,0.00002
125.16000,1.02193,0.00503,0.99491,0.00003,0.00003
125.30000,1.02193,0.00459,0.99536,0.00002,0.00002
125.44000,1.02193,0.00427,0.99569,0.00002,0.00002
125.58000,1.02193,0.00414,0.99582,0.00002,0.00002
125.72000,1.02193,0.00408,0.99589,0.00002,0.00002
125.86000,1.02193,0.00382,0.99614,0.00002,0.00002
126.00000,1.02193,0.00380,0.99617,0.00002,0.00002
126.14000,1.02193,0.00400,0.99597,0.00002,0.00002
126.28000,1.02194,0.00405,0.99592,0.00002,0.00002
126.42000,1.02194,0.00463,0.99533,0.00002,0.00002
126.56000,1.02194,0.00492,0.99503,0.00003,0.00003
126.70000,1.02194,0.00483,0.99512,0.00003,0.00003
126.84000,1.02194,0.00453,0.99542,0.00002,0.00002
126.98000,1.02193,0.00426,0.99569,0.00002,0.00002
127.12000,1.02193,0.00403,0.99593,0.00002,0.00002
127.26000,1.02193,0.00374,0.99622,0.00002,0.00002
127.40000,1.02193,0.00348,0.99649,0.00001,0.00002
127.54000,1.02193,0.00365,0.99631,0.00001,0.00002
127.68000,1.02193,0.00367,0.99630,0.00001,0.00002
127.82000,1.02193,0.00392,0.99604,0.00002,0.00002
127.96000,1.02193,0.00401,0.99595,0.00002,0.00002
128.10001,1.02193,0.00423,0.99573,0.00002,0.00002
128.24001,1.02193,0.00434,0.99562,0.00002,0.00002
128.38000,1.02193,0.00458,0.99537,0.00002,0.00002
128.52000,1.02193,0.00479,0.99516,0.00003,0.00003
128.66000,1.02193,0.00486,0.99509,0.00002,0.00003
128.80000,1.02193,0.00513,0.99481,0.00003,0.00003
128.94000,1.02194,0.00512,0.99483,0.00003,0.00003
129.08000,1.02194,0.00489,0.99506,0.00002,0.00002
129.22000,1.02194,0.00507,0.99487,0.00003,0.00002
129.36000,1.02194,0.00492,0.99503,0.00002,0.00002
129.50000,1.02194,0.00497,0.99497,0.00003,0.00003
129.64000,1.02194,0.00515,0.99480,0.00003,0.00003
129.78000,1.02194,0.00548,0.99446,0.00003,0.00003
129.92000,1.02194,0.00579,0.99415,0.00003,0.00003
130.06000,1.02194,0.00574,0.99420,0.00003,0.00003
130.20000,1.02194,0.00605,0.99388,0.00004,0.00003
130.34000,1.02194,0.00633,0.99360,0.00004,0.00003
130.48000,1.02194,0.00722,0.99270,0.00005,0.00003
130.62000,1.02194,0.00727,0.99264,0.00006,0.00003
130.75999,1.02194,0.00699,0.99293,0.00004,0.00003
130.89999,1.02194,0.00693,0.99300,0.00005,0.00003
131.03999,1.02194,0.00712,0.99280,0.00005,0.00003
131.17999,1.02194,0.00665,0.99327,0.00004,0.00003
131.32001,1.02193,0.00613,0.99380,0.00004,0.00003
131.46001,1.02193,0.00559,0.99435,0.00003,0.00003
131.60001,1.02193,0.00580,0.99414,0.00003,0.00003
131.74001,1.02193,0.00554,0.99440,0.00003,0.00003
131.88000,1.02193,0.00551,0.99442,0.00004,0.00003
132.02000,1.02193,0.00555,0.99439,0.00004,0.00002
132.16000,1.02193,0.00532,0.99463,0.00003,0.00003
132.30000,1.02193,0.00532,0.99462,0.00003,0.00003
132.44000,1.02194,0.00476,0.99520,0.00002,0.00002
132.58000,1.02194,0.00441,0.99555,0.00002,0.00002
132.72000,1.02194,0.00420,0.99575,0.00002,0.00002
132.86000,1.02194,0.00413,0.99583,0.00002,0.00002
133.00000,1.02194,0.00413,0.99583,0.00002,0.00002
133.14000,1.02194,0.00467,0.99529,0.00002,0.00002
133.28000,1.02194,0.00557,0.99437,0.00004,0.00003
133.42000,1.02194,0.00597,0.99396,0.00004,0.00003
133.56000,1.02194,0.00627,0.99367,0.00004,0.00003
133.70000,1.02194,0.00747,0.99243,0.00007,0.00003
133.84000,1.02194,0.00766,0.99223,0.00007,0.00003
133.98000,1.02194,0.00666,0.99326,0.00005,0.00004
134.12000,1.02194,0.00593,0.99401,0.00004,0.00003
134.25999,1.02194,0.00538,0.99455,0.00003,0.00003
134.39999,1.02194,0.00485,0.99509,0.00003,0.00002
134.53999,1.02194,0.00443,0.99552,0.00003,0.00002
134.67999,1.02194,0.00455,0.99540,0.00003,0.00002
134.82001,1.02193,0.00447,0.99549,0.00002,0.00002
134.96001,1.02193,0.00459,0.99536,0.00002,0.00002
135.10001,1.02193,0.00457,0.99539,0.00003,0.00002
135.24001,1.02193,0.00442,0.99554,0.00002,0.00002
135.38000,1.02193,0.00422,0.99573,0.00002,0.00002
135.52000,1.02193,0.00380,0.99616,0.00002,0.00002
135.66000,1.02193,0.00356,0.99641,0.00002,0.00002
135.80000,1.02193,0.00355,0.99642,0.00001,0.00002
135.94000,1.02194,0.00386,0.99610,0.00002,0.00002
136.08000,1.02194,0.00401,0.99595,0.00002,0.00002
136.22000,1.02194,0.00436,0.99560,0.00002,0.00002
136.36000,1.02194,0.00488,0.99506,0.00003,0.00003
136.50000,1.02194,0.00539,0.99454,0.00003,0.00003
136.64000,1.02194,0.00617,0.99375,0.00005,0.00003
136.78000,1.02194,0.00621,0.99372,0.00005,0.00003
136.92000,1.02194,0.00632,0.99360,0.00005,0.00003
137.06000,1.02194,0.00614,0.99379,0.00004,0.00003
137.20000,1.02194,0.00646,0.99346,0.00005,0.00003
137.34000,1.02194,0.00604,0.99389,0.00004,0.00003
137.48000,1.02194,0.00597,0.99395,0.00005,0.00003
137.62000,1.02194,0.00516,0.99479,0.00003,0.00003
137.75999,1.02194,0.00474,0.99521,0.00002,0.00002
137.89999,1.02194,0.00447,0.99549,0.00002,0.00002
138.03999,1.02194,0.00407,0.99589,0.00002,0.00002
138.17999,1.02194,0.00376,0.99620,0.00002,0.00002
138.32001,1.02193,0.00412,0.99584,0.00002,0.00002
138.46001,1.02193,0.00443,0.99552,0.00002,0.00002
138.60001,1.02193,0.00550,0.99443,0.00004,0.00003
138.74001,1.02193,0.00573,0.99421,0.00003,0.00003
138.88000,1.02193,0.00646,0.99345,0.00005,0.00003
139.02000,1.02193,0.00690,0.99301,0.00006,0.00003
139.16000,1.02193,0.00728,0.99261,0.00007,0.00003
139.30000,1.02193,0.00708,0.99283,0.00006,0.00003
139.44000,1.02194,0.00720,0.99271,0.00006,0.00004
139.58000,1.02194,0.00724,0.99268,0.00006,0.00003
139.72000,1.02194,0.00810,0.99178,0.00008,0.00004
139.86000,1.02194,0.00863,0.99123,0.00010,0.00004
140.00000,1.02194,0.00765,0.99224,0.00006,0.00004
140.14000,1.02194,0.00747,0.99243,0.00006,0.00004
140.28000,1.02194,0.00697,0.99294,0.00006,0.00004
140.42000,1.02194,0.00651,0.99340,0.00005,0.00003
140.56000,1.02194,0.00611,0.99380,0.00005,0.00003
140.70000,1.02194,0.00537,0.99456,0.00004,0.00003
140.84000,1.02194,0.00469,0.99526,0.00003,0.00002
140.98000,1.02194,0.00421,0.99574,0.00002,0.00002
141.12000,1.02194,0.00398,0.99598,0.00002,0.00002
141.25999,1.02194,0.00428,0.99568,0.00002,0.00002
141.39999,1.02194,0.00434,0.99561,0.00002,0.00002
141.53999,1.02194,0.00448,0.99547,0.00002,0.00003
141.67999,1.02194,0.00445,0.99550,0.00003,0.00002
141.82001,1.02193,0.00449,0.99546,0.00003,0.00002
141.96001,1.02193,0.00436,0.99560,0.00002,0.00002
142.10001,1.02193,0.00412,0.99584,0.00002,0.00002
142.24001,1.02193,0.00410,0.99586,0.00002,0.00002
142.38000,1.02193,0.00439,0.99557,0.00002,0.00002
142.52000,1.02193,0.00466,0.99529,0.00002,0.00002
142.66000,1.02193,0.00526,0.99468,0.00003,0.00003
142.80000,1.02193,0.00539,0.99455,0.00004,0.00003
142.94000,1.02194,0.00535,0.99459,0.00004,0.00003
143.08000,1.02194,0.00523,0.99471,0.00003,0.00003
143.22000,1.02194,0.00537,0.99458,0.00003,0.00003
143.36000,1.02194,0.00538,0.99455,0.00004,0.00003
143.50000,1.02194,0.00534,0.99460,0.00003,0.00003
143.64000,1.02194,0.00555,0.99438,0.00004,0.00003
143.78000,1.02194,0.00581,0.99411,0.00004,0.00003
143.92000,1.02194,0.00600,0.99393,0.00004,0.00003
144.06000,1.02194,0.00582,0.99411,0.00004,0.00003
144.20000,1.02194,0.00614,0.99379,0.00005,0.00003
144.34000,1.02194,0.00650,0.99341,0.00006,0.00003
144.48000,1.02194,0.00660,0.99331,0.00005,0.00004
144.62000,1.02194,0.00682,0.99309,0.00005,0.00004
144.75999,1.02194,0.00763,0.99226,0.00007,0.00004
144.89999,1.02194,0.00844,0.99145,0.00008,0.00004
145.03999,1.02194,0.00818,0.99171,0.00007,0.00004
145.17999,1.02194,0.00890,0.99097,0.00009,0.00005
145.32001,1.02193,0.00837,0.99152,0.00007,0.00004
145.46001,1.02193,0.00812,0.99176,0.00008,0.00004
145.60001,1.02193,0.00800,0.99188,0.00008,0.00004
145.74001,1.02193,0.00784,0.99204,0.00008,0.00004
145.88000,1.02193,0.00808,0.99179,0.00009,0.00004
146.02000,1.02193,0.00755,0.99233,0.00007,0.00005
146.16000,1.02193,0.00686,0.99305,0.00005,0.00004
146.30000,1.02193,0.00598,0.99393,0.00004,0.00004
146.44000,1.02194,0.00532,0.99461,0.00003,0.00003
146.58000,1.02194,0.00468,0.99526,0.00003,0.00003
146.72000,1.02194,0.00399,0.99596,0.00002,0.00002
146.86000,1.02194,0.00380,0.99616,0.00002,0.00002
147.00000,1.02194,0.00423,0.99573,0.00002,0.00002
147.14000,1.02194,0.00555,0.99438,0.00003,0.00004
147.28000,1.02194,0.01051,0.98934,0.00007,0.00008
147.42000,1.02194,0.02023,0.97929,0.00028,0.00020
147.56000,1.02194,0.02209,0.97750,0.00014,0.00027
147.70000,1.02194,0.04294,0.95608,0.00044,0.00054
147.84000,1.02194,0.04161,0.95737,0.00053,0.00050
147.98000,1.02194,0.05818,0.94068,0.00037,0.00078
148.12000,1.02194,0.25672,0.73893,0.00137,0.00298
148.25999,1.02194,0.04755,0.95162,0.00030,0.00053
148.39999,1.02194,0.05259,0.94666,0.00041,0.00034
148.53999,1.02194,0.12210,0.87374,0.00194,0.00222
148.67999,1.02194,0.03636,0.96288,0.00039,0.00037
148.82001,1.02193,0.04553,0.95387,0.00031,0.00028
148.96001,1.02193,0.01378,0.98592,0.00011,0.00019
149.10001,1.02193,0.01018,0.98966,0.00005,0.00011
149.24001,1.02193,0.01756,0.98223,0.00014,0.00008
149.38000,1.02193,0.00783,0.99204,0.00007,0.00006
149.52000,1.02193,0.00493,0.99502,0.00003,0.00003
149.66000,1.02193,0.00517,0.99477,0.00003,0.00003
149.80000,1.02193,0.00480,0.99516,0.00002,0.00002
149.94000,1.02194,0.00439,0.99556,0.00002,0.00002
150.08000,1.02194,0.00423,0.99572,0.00002,0.00002
150.22000,1.02194,0.00439,0.99557,0.00002,0.00003
150.36000,1.02194,0.00457,0.99538,0.00002,0.00003
150.50000,1.02194,0.00527,0.99467,0.00003,0.00003
150.64000,1.02194,0.00548,0.99446,0.00003,0.00003
150.78000,1.02194,0.00596,0.99397,0.00004,0.00003
150.92000,1.02194,0.00595,0.99399,0.00004,0.00003
151.06000,1.02194,0.00643,0.99349,0.00005,0.00003
151.20000,1.02194,0.00612,0.99381,0.00005,0.00003
151.34000,1.02194,0.00553,0.99441,0.00003,0.00003
151.48000,1.02194,0.00481,0.99514,0.00002,0.00002
151.62000,1.02194,0.00506,0.99488,0.00003,0.00003
151.75999,1.02194,0.00491,0.99504,0.00003,0.00002
151.89999,1.02194,0.00490,0.99505,0.00003,0.00002
152.03999,1.02194,0.00533,0.99461,0.00003,0.00002
152.17999,1.02194,0.00543,0.99451,0.00003,0.00002
152.32001,1.02193,0.00589,0.99405,0.00004,0.00003
152.46001,1.02193,0.00614,0.99378,0.00004,0.00003
152.60001,1.02193,0.00621,0.99373,0.00004,0.00003
152.74001,1.02193,0.00697,0.99295,0.00006,0.00003
152.88000,1.02193,0.00705,0.99286,0.00005,0.00003
153.02000,1.02193,0.00754,0.99236,0.00006,0.00004
153.16000,1.02193,0.00821,0.99169,0.00007,0.00004
153.30000,1.02193,0.00858,0.99132,0.00007,0.00004
153.44000,1.02194,0.00926,0.99061,0.00009,0.00003
153.58000,1.02194,0.00918,0.99068,0.00010,0.00004
153.72000,1.02194,0.00900,0.99089,0.00008,0.00003
153.86000,1.02194,0.00979,0.99006,0.00012,0.00004
154.00000,1.02194,0.00884,0.99105,0.00007,0.00004
154.14000,1.02194,0.00980,0.99006,0.00009,0.00005
154.28000,1.02194,0.01123,0.98863,0.00010,0.00004
154.42000,1.02194,0.01205,0.98781,0.00010,0.00004
154.56000,1.02194,0.01431,0.98555,0.00010,0.00004
154.70000,1.02194,0.01440,0.98545,0.00010,0.00005
154.84000,1.02194,0.01540,0.98440,0.00016,0.00004
154.98000,1.02194,0.01180,0.98809,0.00008,0.00003
155.12000,1.02194,0.01113,0.98874,0.00010,0.00004
155.25999,1.02194,0.00885,0.99104,0.00007,0.00003
155.39999,1.02194,0.00738,0.99253,0.00006,0.00003
155.53999,1.02194,0.00660,0.99333,0.00005,0.00003
155.67999,1.02194,0.00670,0.99322,0.00005,0.00003
155.82001,1.02193,0.00662,0.99330,0.00005,0.00003
155.96001,1.02193,0.00623,0.99370,0.00004,0.00003
156.10001,1.02193,0.00599,0.99395,0.00004,0.00003
156.24001,1.02193,0.00587,0.99406,0.00004,0.00003
156.38000,1.02193,0.00567,0.99427,0.00004,0.00003
156.52000,1.02193,0.00563,0.99431,0.00003,0.00002
156.66000,1.02193,0.00678,0.99315,0.00004,0.00003
156.80000,1.02193,0.00785,0.99207,0.00005,0.00003
156.94000,1.02194,0.00854,0.99134,0.00008,0.00003
157.08000,1.02194,0.00783,0.99208,0.00005,0.00004
157.22000,1.02194,0.00738,0.99254,0.00005,0.00003
157.36000,1.02194,0.00731,0.99261,0.00005,0.00003
157.50000,1.02194,0.00679,0.99314,0.00005,0.00003
157.64000,1.02194,0.00631,0.99362,0.00004,0.00003
157.78000,1.02194,0.00687,0.99305,0.00005,0.00003
157.92000,1.02194,0.00726,0.99265,0.00005,0.00003
158.06000,1.02194,0.00840,0.99149,0.00007,0.00004
158.20000,1.02194,0.00875,0.99115,0.00006,0.00004
158.34000,1.02194,0.01010,0.98977,0.00008,0.00004
158.48000,1.02194,0.01138,0.98847,0.00011,0.00003
158.62000,1.02194,0.01211,0.98771,0.00013,0.00005
158.75999,1.02194,0.01104,0.98884,0.00009,0.00003
158.89999,1.02194,0.01139,0.98848,0.00010,0.00003
159.03999,1.02194,0.01251,0.98734,0.00011,0.00003
159.17999,1.02194,0.01233,0.98753,0.00011,0.00003
159.32001,1.02193,0.01194,0.98792,0.00011,0.00004
159.46001,1.02193,0.01193,0.98793,0.00011,0.00003
159.60001,1.02193,0.01197,0.98788,0.00011,0.00003
159.74001,1.02193,0.01115,0.98870,0.00011,0.00004
159.88000,1.02193,0.01072,0.98912,0.00012,0.00004
160.02000,1.02193,0.00891,0.99099,0.00007,0.00003
160.16000,1.02193,0.00809,0.99182,0.00007,0.00003
160.30000,1.02193,0.00773,0.99218,0.00006,0.00003
160.44000,1.02194,0.00741,0.99250,0.00006,0.00003
160.58000,1.02194,0.00718,0.99273,0.00005,0.00003
160.72000,1.02194,0.00734,0.99257,0.00005,0.00004
160.86000,1.02194,0.00786,0.99205,0.00006,0.00003
161.00000,1.02194,0.00837,0.99152,0.00007,0.00004
161.14000,1.02194,0.00845,0.99144,0.00007,0.00004
161.28000,1.02194,0.00850,0.99138,0.00008,0.00004
161.42000,1.02194,0.00852,0.99138,0.00007,0.00003
161.56000,1.02194,0.00920,0.99069,0.00007,0.00003
161.70000,1.02194,0.00979,0.99010,0.00008,0.00003
161.84000,1.02194,0.01007,0.98982,0.00007,0.00003
161.98000,1.02194,0.01069,0.98920,0.00008,0.00003
162.12000,1.02194,0.01146,0.98840,0.00010,0.00003
162.25999,1.02194,0.01005,0.98984,0.00008,0.00003
162.39999,1.02194,0.00813,0.99179,0.00006,0.00003
162.53999,1.02194,0.00679,0.99314,0.00004,0.00003
162.67999,1.02194,0.00637,0.99356,0.00004,0.00003
162.82001,1.02193,0.00600,0.99393,0.00005,0.00003
162.96001,1.02193,0.00570,0.99423,0.00004,0.00003
163.10001,1.02193,0.00557,0.99437,0.00003,0.00003
163.24001,1.02193,0.00606,0.99387,0.00004,0.00003
163.38000,1.02193,0.00638,0.99355,0.00004,0.00003
163.52000,1.02193,0.00642,0.99351,0.00004,0.00003
163.66000,1.02193,0.00689,0.99303,0.00005,0.00003
163.80000,1.02193,0.00759,0.99232,0.00006,0.00003
163.94000,1.02194,0.00777,0.99214,0.00006,0.00003
164.08000,1.02194,0.00844,0.99147,0.00006,0.00003
164.22000,1.02194,0.00930,0.99059,0.00007,0.00003
164.36000,1.02194,0.00938,0.99050,0.00008,0.00004
164.50000,1.02194,0.00919,0.99069,0.00008,0.00004
164.64000,1.02194,0.00809,0.99181,0.00006,0.00003
164.78000,1.02194,0.00728,0.99263,0.00005,0.00003
164.92000,1.02194,0.00613,0.99380,0.00004,0.00003
165.06000,1.02194,0.00548,0.99446,0.00004,0.00003
165.20000,1.02194,0.00478,0.99517,0.00003,0.00002
165.34000,1.02194,0.00405,0.99591,0.00002,0.00002
165.48000,1.02194,0.00366,0.99631,0.00001,0.00002
165.62000,1.02194,0.00366,0.99630,0.00001,0.00002
165.75999,1.02194,0.00371,0.99626,0.00002,0.00002
165.89999,1.02194,0.00380,0.99616,0.00002,0.00002
166.03999,1.02194,0.01171,0.98806,0.00013,0.00011
166.17999,1.02194,0.01922,0.97987,0.00043,0.00049
166.32001,1.02193,0.03627,0.96115,0.00080,0.00178
166.46001,1.02193,0.13665,0.83613,0.00719,0.02003
166.60001,1.02193,0.23736,0.60325,0.04125,0.11813
166.74001,1.02193,0.25678,0.27356,0.21281,0.25685
166.88000,1.02193,0.27725,0.48267,0.10807,0.13202
167.02000,1.02193,0.16886,0.78170,0.02010,0.02934
167.16000,1.02193,0.14050,0.83340,0.01861,0.00748
167.30000,1.02193,0.05103,0.94429,0.00358,0.00110
167.44000,1.02194,0.01937,0.97998,0.00043,0.00022
167.58000,1.02194,0.00790,0.99199,0.00006,0.00005
167.72000,1.02194,0.00650,0.99343,0.00004,0.00003
167.86000,1.02194,0.00578,0.99416,0.00004,0.00003
168.00000,1.02194,0.00546,0.99447,0.00004,0.00003
168.14000,1.02194,0.00533,0.99462,0.00003,0.00003
168.28000,1.02194,0.00557,0.99436,0.00003,0.00003
168.42000,1.02194,0.00614,0.99379,0.00004,0.00003
168.56000,1.02194,0.00700,0.99291,0.00006,0.00003
168.70000,1.02194,0.00665,0.99327,0.00005,0.00003
168.84000,1.02194,0.00638,0.99354,0.00005,0.00003
168.98000,1.02194,0.00585,0.99409,0.00003,0.00003
169.12000,1.02194,0.00550,0.99444,0.00003,0.00003
169.25999,1.02194,0.00950,0.99028,0.00013,0.00009
169.39999,1.02194,0.00824,0.99158,0.00005,0.00013
169.53999,1.02194,0.01023,0.98953,0.00004,0.00020
