Time (seconds), Duration (seconds),pred_(unlabeled),pred_brushing_teeth,pred_hair_drying,pred_showering
0.00000,1.02194,1.00000,0.00000,0.00000,0.00000
0.14000,1.02194,1.00000,0.00000,0.00000,0.00000
0.28000,1.02194,1.00000,0.00000,0.00000,0.00000
0.42000,1.02194,1.00000,0.00000,0.00000,0.00000
0.56000,1.02194,1.00000,0.00000,0.00000,0.00000
0.70000,1.02194,1.00000,0.00000,0.00000,0.00000
0.84000,1.02194,1.00000,0.00000,0.00000,0.00000
0.98000,1.02194,1.00000,0.00000,0.00000,0.00000
1.12000,1.02194,1.00000,0.00000,0.00000,0.00000
1.26000,1.02194,1.00000,0.00000,0.00000,0.00000
1.40000,1.02194,1.00000,0.00000,0.00000,0.00000
1.54000,1.02194,1.00000,0.00000,0.00000,0.00000
1.68000,1.02194,1.00000,0.00000,0.00000,0.00000
1.82000,1.02194,1.00000,0.00000,0.00000,0.00000
1.96000,1.02194,1.00000,0.00000,0.00000,0.00000
2.10000,1.02194,1.00000,0.00000,0.00000,0.00000
2.24000,1.02194,1.00000,0.00000,0.00000,0.00000
2.38000,1.02194,1.00000,0.00000,0.00000,0.00000
2.52000,1.02194,1.00000,0.00000,0.00000,0.00000
2.66000,1.02194,1.00000,0.00000,0.00000,0.00000
2.80000,1.02194,1.00000,0.00000,0.00000,0.00000
2.94000,1.02194,1.00000,0.00000,0.00000,0.00000
3.08000,1.02194,1.00000,0.00000,0.00000,0.00000
3.22000,1.02194,0.99998,0.00000,0.00000,0.00001
3.36000,1.02194,0.99943,0.00000,0.00003,0.00054
3.50000,1.02194,0.98863,0.00026,0.00036,0.01076
3.64000,1.02194,0.92147,0.03280,0.00232,0.04341
3.78000,1.02194,0.32427,0.64744,0.00260,0.02569
3.92000,1.02194,0.00468,0.99401,0.00038,0.00093
4.06000,1.02194,0.00386,0.99514,0.00033,0.00068
4.20000,1.02194,0.00281,0.99652,0.00027,0.00041
4.34000,1.02194,0.00238,0.99710,0.00022,0.00030
4.48000,1.02194,0.00206,0.99751,0.00019,0.00024
4.62000,1.02194,0.00200,0.99757,0.00019,0.00024
4.76000,1.02194,0.00247,0.99698,0.00022,0.00033
4.90000,1.02194,0.00318,0.99608,0.00028,0.00047
5.04000,1.02194,0.00328,0.99588,0.00034,0.00050
5.18000,1.02194,0.00350,0.99556,0.00037,0.00056
5.32000,1.02194,0.00447,0.99425,0.00040,0.00088
5.46000,1.02194,0.00545,0.99302,0.00038,0.00115
5.60000,1.02194,0.00470,0.99419,0.00030,0.00081
5.74000,1.02194,0.00387,0.99524,0.00030,0.00059
5.88000,1.02194,0.00379,0.99534,0.00029,0.00058
6.02000,1.02194,0.00417,0.99488,0.00028,0.00067
6.16000,1.02194,0.00431,0.99473,0.00026,0.00070
6.30000,1.02194,0.00426,0.99476,0.00030,0.00068
6.44000,1.02194,0.00436,0.99463,0.00034,0.00067
6.58000,1.02194,0.00431,0.99472,0.00032,0.00066
6.72000,1.02194,0.00404,0.99500,0.00032,0.00065
6.86000,1.02194,0.00373,0.99531,0.00032,0.00063
7.00000,1.02194,0.00293,0.99643,0.00023,0.00040
7.14000,1.02194,0.00256,0.99692,0.00021,0.00031
7.28000,1.02194,0.00232,0.99720,0.00021,0.00027
7.42000,1.02194,0.00192,0.99766,0.00021,0.00021
7.56000,1.02194,0.00172,0.99789,0.00020,0.00019
7.70000,1.02194,0.00193,0.99767,0.00019,0.00021
7.84000,1.02194,0.00222,0.99733,0.00019,0.00026
7.98000,1.02194,0.00344,0.99564,0.00032,0.00059
8.12000,1.02194,0.00561,0.99247,0.00050,0.00142
8.26000,1.02194,0.01077,0.98394,0.00079,0.00450
8.40000,1.02194,0.01954,0.96383,0.00113,0.01551
8.54000,1.02194,0.03160,0.93030,0.00122,0.03687
8.68000,1.02194,0.04436,0.88961,0.00153,0.06450
8.82000,1.02194,0.02829,0.94648,0.00091,0.02433
8.96000,1.02194,0.01382,0.97745,0.00057,0.00816
9.10000,1.02194,0.00750,0.98915,0.00046,0.00288
9.24000,1.02194,0.00484,0.99360,0.00033,0.00122
9.38000,1.02194,0.00264,0.99670,0.00025,0.00042
9.52000,1.02194,0.00160,0.99803,0.00019,0.00018
9.66000,1.02194,0.00133,0.99833,0.00020,0.00013
9.80000,1.02194,0.00140,0.99826,0.00020,0.00014
9.94000,1.02194,0.00188,0.99766,0.00022,0.00023
10.08000,1.02194,0.00199,0.99749,0.00028,0.00024
10.22000,1.02194,0.00181,0.99767,0.00031,0.00021
10.36000,1.02194,0.00191,0.99755,0.00029,0.00025
10.50000,1.02194,0.00234,0.99709,0.00026,0.00030
10.64000,1.02194,0.00252,0.99688,0.00027,0.00033
10.78000,1.02194,0.00182,0.99772,0.00025,0.00020
10.92000,1.02194,0.00153,0.99808,0.00024,0.00015
11.06000,1.02194,0.00149,0.99816,0.00020,0.00015
11.20000,1.02194,0.00175,0.99789,0.00018,0.00018
11.34000,1.02194,0.00182,0.99781,0.00018,0.00019
11.48000,1.02194,0.00196,0.99761,0.00023,0.00020
11.62000,1.02194,0.00305,0.99625,0.00031,0.00039
11.76000,1.02194,0.00912,0.98716,0.00050,0.00322
11.90000,1.02194,0.02514,0.95604,0.00056,0.01825
12.04000,1.02194,0.02809,0.94713,0.00081,0.02397
12.18000,1.02194,0.02875,0.94749,0.00069,0.02307
12.32000,1.02194,0.03405,0.93171,0.00067,0.03357
12.46000,1.02194,0.02993,0.94708,0.00087,0.02212
12.60000,1.02194,0.01518,0.97741,0.00068,0.00673
12.74000,1.02194,0.00723,0.99041,0.00046,0.00190
12.88000,1.02194,0.00477,0.99399,0.00033,0.00091
13.02000,1.02194,0.00699,0.99081,0.00040,0.00180
13.16000,1.02194,0.00826,0.98912,0.00038,0.00224
13.30000,1.02194,0.00863,0.98843,0.00055,0.00238
13.44000,1.02194,0.00670,0.99117,0.00054,0.00158
13.58000,1.02194,0.00807,0.98887,0.00056,0.00250
13.72000,1.02194,0.01175,0.98343,0.00054,0.00428
13.86000,1.02194,0.01745,0.97055,0.00085,0.01115
14.00000,1.02194,0.02069,0.96443,0.00077,0.01412
14.14000,1.02194,0.01311,0.98222,0.00069,0.00398
14.28000,1.02194,0.01509,0.97840,0.00063,0.00589
14.42000,1.02194,0.01680,0.97492,0.00062,0.00766
14.56000,1.02194,0.01807,0.97408,0.00062,0.00723
14.70000,1.02194,0.01133,0.98554,0.00038,0.00275
14.84000,1.02194,0.00786,0.99042,0.00035,0.00137
14.98000,1.02194,0.00878,0.98882,0.00050,0.00190
15.12000,1.02194,0.00905,0.98868,0.00043,0.00184
15.26000,1.02194,0.00707,0.99139,0.00036,0.00118
15.40000,1.02194,0.00608,0.99279,0.00027,0.00086
15.54000,1.02194,0.00431,0.99489,0.00023,0.00057
15.68000,1.02194,0.00348,0.99585,0.00022,0.00045
15.82000,1.02194,0.00318,0.99618,0.00023,0.00041
15.96000,1.02194,0.00240,0.99717,0.00018,0.00025
16.10000,1.02194,0.00208,0.99752,0.00018,0.00021
16.24000,1.02194,0.00221,0.99730,0.00024,0.00025
16.38000,1.02194,0.00261,0.99683,0.00025,0.00031
16.52000,1.02194,0.00267,0.99678,0.00023,0.00032
16.66000,1.02194,0.00271,0.99671,0.00024,0.00034
16.80000,1.02194,0.00281,0.99659,0.00024,0.00036
16.94000,1.02194,0.00300,0.99634,0.00025,0.00041
17.08000,1.02194,0.00282,0.99656,0.00024,0.00038
17.22000,1.02194,0.00212,0.99741,0.00021,0.00025
17.36000,1.02194,0.00198,0.99756,0.00023,0.00023
17.50000,1.02194,0.00189,0.99771,0.00019,0.00021
17.64000,1.02194,0.00182,0.99782,0.00017,0.00018
17.78000,1.02194,0.00205,0.99749,0.00024,0.00022
17.92000,1.02194,0.00254,0.99688,0.00030,0.00027
18.06000,1.02194,0.00335,0.99596,0.00030,0.00039
18.20000,1.02194,0.00425,0.99485,0.00032,0.00058
18.34000,1.02194,0.00449,0.99450,0.00036,0.00065
18.48000,1.02194,0.00480,0.99408,0.00038,0.00075
18.62000,1.02194,0.00480,0.99413,0.00035,0.00072
18.76000,1.02194,0.00437,0.99477,0.00028,0.00058
18.90000,1.02194,0.00421,0.99492,0.00029,0.00059
19.04000,1.02194,0.00333,0.99598,0.00027,0.00042
19.18000,1.02194,0.00290,0.99647,0.00027,0.00036
19.32000,1.02194,0.00235,0.99718,0.00021,0.00026
19.46000,1.02194,0.00221,0.99737,0.00019,0.00023
19.60000,1.02194,0.00205,0.99754,0.00019,0.00021
19.74000,1.02194,0.00214,0.99740,0.00022,0.00024
19.88000,1.02194,0.00225,0.99728,0.00022,0.00025
20.02000,1.02194,0.00248,0.99698,0.00023,0.00030
20.16000,1.02194,0.00256,0.99687,0.00023,0.00034
20.30000,1.02194,0.00271,0.99669,0.00023,0.00037
20.44000,1.02194,0.00297,0.99634,0.00023,0.00045
20.58000,1.02194,0.00368,0.99540,0.00026,0.00065
20.72000,1.02194,0.00426,0.99461,0.00030,0.00083
20.86000,1.02194,0.00641,0.99152,0.00040,0.00167
21.00000,1.02194,0.00636,0.99173,0.00047,0.00144
21.14000,1.02194,0.00709,0.99077,0.00048,0.00166
21.28000,1.02194,0.00645,0.99176,0.00037,0.00142
21.42000,1.02194,0.00739,0.99050,0.00038,0.00173
21.56000,1.02194,0.00664,0.99180,0.00029,0.00127
21.70000,1.02194,0.00562,0.99317,0.00029,0.00091
21.84000,1.02194,0.00480,0.99427,0.00027,0.00066
21.98000,1.02194,0.00490,0.99419,0.00025,0.00066
22.12000,1.02194,0.00493,0.99418,0.00025,0.00065
22.26000,1.02194,0.00607,0.99262,0.00030,0.00101
22.40000,1.02194,0.00652,0.99201,0.00033,0.00114
22.54000,1.02194,0.00724,0.99086,0.00040,0.00151
22.68000,1.02194,0.00884,0.98845,0.00047,0.00223
22.82000,1.02194,0.01058,0.98586,0.00060,0.00296
22.96000,1.02194,0.01023,0.98613,0.00063,0.00300
23.10000,1.02194,0.01064,0.98530,0.00060,0.00345
23.24000,1.02194,0.00906,0.98794,0.00052,0.00248
23.38000,1.02194,0.01381,0.97958,0.00062,0.00600
23.52000,1.02194,0.01210,0.98319,0.00057,0.00413
23.66000,1.02194,0.01031,0.98640,0.00058,0.00271
23.80000,1.02194,0.00909,0.98842,0.00043,0.00206
23.94000,1.02194,0.00788,0.99009,0.00036,0.00168
24.08000,1.02194,0.00890,0.98892,0.00031,0.00187
24.22000,1.02194,0.00670,0.99202,0.00026,0.00103
24.36000,1.02194,0.00526,0.99390,0.00022,0.00061
24.50000,1.02194,0.00472,0.99448,0.00024,0.00055
24.64000,1.02194,0.00387,0.99546,0.00023,0.00044
24.78000,1.02194,0.00334,0.99612,0.00019,0.00035
24.92000,1.02194,0.00299,0.99652,0.00018,0.00031
25.06000,1.02194,0.00263,0.99692,0.00018,0.00027
25.20000,1.02194,0.00249,0.99702,0.00022,0.00026
25.34000,1.02194,0.00228,0.99728,0.00020,0.00023
25.48000,1.02194,0.00261,0.99691,0.00021,0.00027
25.62000,1.02194,0.00270,0.99679,0.00022,0.00028
25.76000,1.02194,0.00251,0.99701,0.00021,0.00026
25.90000,1.02194,0.00266,0.99682,0.00022,0.00030
26.04000,1.02194,0.00390,0.99534,0.00024,0.00052
26.18000,1.02194,0.00511,0.99395,0.00024,0.00070
26.32000,1.02194,0.00450,0.99471,0.00028,0.00051
26.46000,1.02194,0.00438,0.99483,0.00027,0.00052
26.60000,1.02194,0.00422,0.99501,0.00022,0.00054
26.74000,1.02194,0.00617,0.99265,0.00025,0.00093
26.88000,1.02194,0.00615,0.99270,0.00021,0.00093
27.02000,1.02194,0.00519,0.99378,0.00027,0.00076
27.16000,1.02194,0.00435,0.99473,0.00032,0.00060
27.30000,1.02194,0.00415,0.99492,0.00031,0.00061
27.44000,1.02194,0.00416,0.99495,0.00028,0.00060
27.58000,1.02194,0.00480,0.99420,0.00025,0.00075
27.72000,1.02194,0.00394,0.99529,0.00025,0.00053
27.86000,1.02194,0.00387,0.99538,0.00027,0.00048
28.00000,1.02194,0.00325,0.99611,0.00025,0.00038
28.14000,1.02194,0.00295,0.99646,0.00023,0.00036
28.28000,1.02194,0.00281,0.99666,0.00020,0.00033
28.42000,1.02194,0.00271,0.99678,0.00018,0.00032
28.56000,1.02194,0.00223,0.99733,0.00020,0.00024
28.70000,1.02194,0.00203,0.99754,0.00021,0.00021
28.84000,1.02194,0.00218,0.99740,0.00020,0.00022
28.98000,1.02194,0.00242,0.99716,0.00018,0.00024
29.12000,1.02194,0.00242,0.99712,0.00022,0.00024
29.26000,1.02194,0.00256,0.99694,0.00023,0.00027
29.40000,1.02194,0.00265,0.99683,0.00022,0.00029
29.54000,1.02194,0.00275,0.99674,0.00020,0.00031
29.68000,1.02194,0.00336,0.99592,0.00024,0.00048
29.82000,1.02194,0.00417,0.99483,0.00029,0.00071
29.96000,1.02194,0.00493,0.99379,0.00036,0.00091
30.10000,1.02194,0.00633,0.99151,0.00061,0.00155
30.24000,1.02194,0.00716,0.99034,0.00059,0.00191
30.38000,1.02194,0.01426,0.97795,0.00099,0.00681
30.52000,1.02194,0.03296,0.92926,0.00100,0.03679
30.66000,1.02194,0.04119,0.91209,0.00108,0.04563
30.80000,1.02194,0.03032,0.94681,0.00088,0.02198
30.94000,1.02194,0.02523,0.95847,0.00055,0.01575
31.08000,1.02194,0.01989,0.96889,0.00045,0.01077
31.22000,1.02194,0.01422,0.98009,0.00045,0.00523
31.36000,1.02194,0.00852,0.98917,0.00031,0.00201
31.50000,1.02194,0.00534,0.99353,0.00027,0.00086
31.64000,1.02194,0.00481,0.99427,0.00026,0.00066
31.78000,1.02194,0.00466,0.99444,0.00029,0.00061
31.92000,1.02194,0.00519,0.99380,0.00029,0.00071
32.06000,1.02193,0.00621,0.99261,0.00029,0.00089
32.20000,1.02194,0.00714,0.99138,0.00031,0.00117
32.34000,1.02194,0.00717,0.99134,0.00032,0.00117
32.48000,1.02194,0.00925,0.98842,0.00041,0.00192
32.62000,1.02194,0.02692,0.95413,0.00060,0.01835
32.76000,1.02194,0.05014,0.88889,0.00071,0.06026
32.90000,1.02193,0.05196,0.89610,0.00075,0.05119
33.04000,1.02194,0.08497,0.78422,0.00093,0.12987
33.18000,1.02194,0.11962,0.59636,0.00098,0.28304
33.32000,1.02194,0.11044,0.73298,0.00131,0.15527
33.46000,1.02194,0.06774,0.86710,0.00144,0.06372
33.60000,1.02194,0.02931,0.95032,0.00069,0.01968
33.74000,1.02193,0.02868,0.95528,0.00070,0.01535
33.88000,1.02194,0.02456,0.96525,0.00066,0.00952
34.02000,1.02194,0.01439,0.98140,0.00046,0.00375
34.16000,1.02194,0.01298,0.98350,0.00045,0.00306
34.30000,1.02194,0.01043,0.98713,0.00038,0.00206
34.44000,1.02194,0.01003,0.98793,0.00033,0.00170
34.58000,1.02193,0.01174,0.98587,0.00030,0.00208
34.72000,1.02193,0.01330,0.98349,0.00036,0.00285
34.86000,1.02194,0.00878,0.98928,0.00039,0.00155
35.00000,1.02194,0.00564,0.99316,0.00030,0.00089
35.14000,1.02194,0.00443,0.99470,0.00025,0.00063
35.28000,1.02194,0.00484,0.99430,0.00019,0.00067
35.42000,1.02194,0.00387,0.99546,0.00019,0.00048
35.56000,1.02193,0.00342,0.99589,0.00027,0.00042
35.70000,1.02194,0.00321,0.99610,0.00031,0.00039
35.84000,1.02194,0.00350,0.99576,0.00027,0.00047
35.98000,1.02194,0.00346,0.99584,0.00023,0.00047
36.12000,1.02194,0.00346,0.99581,0.00023,0.00049
36.26000,1.02194,0.00332,0.99600,0.00023,0.00045
36.40000,1.02193,0.00340,0.99587,0.00026,0.00047
36.54000,1.02194,0.00331,0.99603,0.00024,0.00042
36.68000,1.02194,0.00319,0.99618,0.00024,0.00039
36.82000,1.02194,0.00281,0.99665,0.00021,0.00033
36.96000,1.02194,0.00265,0.99685,0.00020,0.00030
37.10000,1.02194,0.00273,0.99676,0.00020,0.00031
37.24000,1.02193,0.00242,0.99711,0.00021,0.00026
37.38000,1.02194,0.00213,0.99743,0.00021,0.00023
37.52000,1.02194,0.00223,0.99735,0.00019,0.00023
37.66000,1.02194,0.00263,0.99690,0.00019,0.00027
37.80000,1.02194,0.00295,0.99653,0.00021,0.00031
37.94000,1.02194,0.00327,0.99611,0.00026,0.00035
38.08000,1.02193,0.00398,0.99529,0.00028,0.00046
38.22000,1.02193,0.00491,0.99416,0.00028,0.00066
38.36000,1.02194,0.00460,0.99454,0.00026,0.00060
38.50000,1.02194,0.00405,0.99517,0.00025,0.00052
38.64000,1.02194,0.00330,0.99606,0.00022,0.00042
38.78000,1.02194,0.00344,0.99586,0.00024,0.00046
38.92000,1.02194,0.00340,0.99595,0.00022,0.00043
39.06000,1.02193,0.00308,0.99635,0.00022,0.00035
39.20000,1.02194,0.00275,0.99671,0.00023,0.00031
39.34000,1.02194,0.00258,0.99693,0.00021,0.00029
39.48000,1.02194,0.00252,0.99703,0.00018,0.00027
39.62000,1.02194,0.00250,0.99704,0.00018,0.00028
39.76000,1.02194,0.00238,0.99717,0.00019,0.00026
39.90000,1.02193,0.00256,0.99693,0.00022,0.00029
40.04000,1.02194,0.00288,0.99653,0.00024,0.00035
40.18000,1.02194,0.00328,0.99603,0.00027,0.00043
40.32000,1.02194,0.00356,0.99563,0.00030,0.00051
40.46000,1.02194,0.00340,0.99581,0.00030,0.00049
40.60000,1.02194,0.00278,0.99659,0.00025,0.00038
40.74000,1.02193,0.00237,0.99709,0.00022,0.00032
40.88000,1.02194,0.00188,0.99771,0.00019,0.00023
41.02000,1.02194,0.00172,0.99792,0.00017,0.00019
41.16000,1.02194,0.00192,0.99766,0.00019,0.00023
41.30000,1.02194,0.00223,0.99729,0.00022,0.00026
41.44000,1.02194,0.00240,0.99709,0.00025,0.00026
41.58000,1.02193,0.00285,0.99653,0.00028,0.00034
41.72000,1.02193,0.00333,0.99596,0.00028,0.00043
41.86000,1.02194,0.00364,0.99557,0.00028,0.00051
42.00000,1.02194,0.00367,0.99556,0.00026,0.00052
42.14000,1.02194,0.00399,0.99513,0.00028,0.00060
42.28000,1.02194,0.00395,0.99514,0.00031,0.00060
42.42000,1.02194,0.00411,0.99482,0.00037,0.00070
42.56000,1.02193,0.00404,0.99492,0.00035,0.00069
42.70000,1.02194,0.00401,0.99493,0.00034,0.00072
42.84000,1.02194,0.00357,0.99551,0.00031,0.00061
42.98000,1.02194,0.00348,0.99561,0.00031,0.00060
43.12000,1.02194,0.00344,0.99569,0.00030,0.00056
43.26000,1.02194,0.00327,0.99592,0.00030,0.00051
43.40000,1.02193,0.00261,0.99674,0.00028,0.00037
43.54000,1.02194,0.00226,0.99721,0.00023,0.00030
43.68000,1.02194,0.00217,0.99737,0.00019,0.00027
43.82000,1.02194,0.00215,0.99742,0.00018,0.00024
43.96000,1.02194,0.00204,0.99754,0.00021,0.00022
44.10000,1.02194,0.00200,0.99759,0.00021,0.00020
44.24000,1.02193,0.00232,0.99723,0.00021,0.00024
44.38000,1.02194,0.00251,0.99702,0.00020,0.00027
44.52000,1.02194,0.00241,0.99711,0.00022,0.00026
44.66000,1.02194,0.00179,0.99785,0.00018,0.00018
44.80000,1.02194,0.00134,0.99839,0.00014,0.00013
44.94000,1.02194,0.00120,0.99856,0.00013,0.00011
45.08000,1.02193,0.00117,0.99861,0.00012,0.00010
45.22000,1.02193,0.00120,0.99856,0.00014,0.00010
45.36000,1.02194,0.00151,0.99815,0.00020,0.00014
45.50000,1.02194,0.00230,0.99713,0.00029,0.00028
45.64000,1.02194,0.00290,0.99638,0.00032,0.00041
45.78000,1.02194,0.00371,0.99528,0.00037,0.00064
45.92000,1.02194,0.00420,0.99458,0.00042,0.00080
46.06000,1.02193,0.00351,0.99548,0.00038,0.00064
46.20000,1.02194,0.00314,0.99596,0.00034,0.00056
46.34000,1.02194,0.00342,0.99555,0.00038,0.00065
46.48000,1.02194,0.00327,0.99582,0.00034,0.00057
46.62000,1.02194,0.00333,0.99570,0.00038,0.00059
46.76000,1.02194,0.00380,0.99507,0.00043,0.00070
46.90000,1.02193,0.00364,0.99534,0.00035,0.00067
47.04000,1.02194,0.00400,0.99478,0.00042,0.00080
47.18000,1.02194,0.00435,0.99417,0.00048,0.00099
47.32000,1.02194,0.00534,0.99271,0.00053,0.00142
47.46000,1.02194,0.00666,0.99062,0.00058,0.00214
47.60000,1.02194,0.01151,0.98079,0.00089,0.00681
47.74000,1.02193,0.02834,0.93336,0.00104,0.03726
47.88000,1.02194,0.03790,0.90095,0.00136,0.05979
48.02000,1.02194,0.06527,0.78353,0.00149,0.14971
48.16000,1.02194,0.08190,0.67534,0.00137,0.24139
48.30000,1.02194,0.09147,0.65798,0.00189,0.24866
48.44000,1.02194,0.08326,0.75483,0.00201,0.15991
48.58000,1.02193,0.05090,0.88978,0.00131,0.05801
48.72000,1.02193,0.04012,0.92127,0.00117,0.03744
48.86000,1.02194,0.02655,0.95562,0.00107,0.01676
49.00000,1.02194,0.01904,0.97041,0.00099,0.00957
49.14000,1.02194,0.01287,0.98203,0.00066,0.00444
49.28000,1.02194,0.01275,0.98194,0.00064,0.00467
49.42000,1.02194,0.00929,0.98764,0.00056,0.00251
49.56000,1.02193,0.00870,0.98836,0.00063,0.00231
49.70000,1.02194,0.00863,0.98871,0.00052,0.00214
49.84000,1.02194,0.00848,0.98900,0.00048,0.00204
49.98000,1.02194,0.00794,0.98962,0.00053,0.00191
50.12000,1.02194,0.00741,0.99043,0.00051,0.00165
50.26000,1.02194,0.00680,0.99151,0.00041,0.00128
50.40000,1.02193,0.00650,0.99210,0.00033,0.00107
50.54000,1.02194,0.00676,0.99178,0.00035,0.00111
50.68000,1.02194,0.00656,0.99212,0.00034,0.00098
50.82000,1.02194,0.00550,0.99347,0.00030,0.00072
50.96000,1.02194,0.00390,0.99541,0.00023,0.00046
51.10000,1.02194,0.00294,0.99657,0.00018,0.00032
51.24000,1.02193,0.00264,0.99693,0.00016,0.00028
51.38000,1.02194,0.00264,0.99690,0.00017,0.00030
51.52000,1.02194,0.00253,0.99696,0.00021,0.00030
51.66000,1.02194,0.00252,0.99692,0.00026,0.00029
51.80000,1.02194,0.00270,0.99671,0.00026,0.00033
51.94000,1.02194,0.00309,0.99624,0.00026,0.00041
52.08000,1.02193,0.00315,0.99621,0.00024,0.00040
52.22000,1.02193,0.00335,0.99595,0.00025,0.00045
52.36000,1.02194,0.00391,0.99526,0.00028,0.00055
52.50000,1.02194,0.00411,0.99507,0.00028,0.00054
52.64000,1.02194,0.00328,0.99606,0.00025,0.00040
52.78000,1.02194,0.00201,0.99761,0.00016,0.00022
52.92000,1.02194,0.00153,0.99819,0.00012,0.00015
53.06000,1.02193,0.00156,0.99817,0.00012,0.00015
53.20000,1.02194,0.00141,0.99835,0.00011,0.00013
53.34000,1.02194,0.00098,0.99880,0.00015,0.00007
53.48000,1.02194,0.00074,0.99907,0.00013,0.00006
53.62000,1.02194,0.00100,0.99876,0.00015,0.00009
53.76000,1.02194,0.00130,0.99846,0.00012,0.00012
53.90000,1.02193,0.00147,0.99822,0.00017,0.00013
54.04000,1.02194,0.00160,0.99802,0.00024,0.00014
54.18000,1.02194,0.00249,0.99696,0.00029,0.00026
54.32000,1.02194,0.00430,0.99478,0.00031,0.00060
54.46000,1.02194,0.00488,0.99414,0.00028,0.00070
54.60000,1.02194,0.00518,0.99382,0.00030,0.00071
54.74000,1.02193,0.00565,0.99323,0.00033,0.00079
54.88000,1.02194,0.00646,0.99221,0.00035,0.00098
55.02000,1.02194,0.00645,0.99234,0.00031,0.00090
55.16000,1.02194,0.00608,0.99285,0.00027,0.00081
55.30000,1.02194,0.00506,0.99412,0.00022,0.00060
55.44000,1.02194,0.00477,0.99446,0.00022,0.00055
55.58000,1.02193,0.00452,0.99475,0.00021,0.00052
55.72000,1.02193,0.00451,0.99476,0.00022,0.00052
55.86000,1.02194,0.00537,0.99365,0.00026,0.00072
56.00000,1.02194,0.00622,0.99246,0.00034,0.00098
56.14000,1.02194,0.00897,0.98830,0.00056,0.00217
56.28000,1.02194,0.01463,0.97864,0.00063,0.00611
56.42000,1.02194,0.01582,0.97684,0.00085,0.00650
56.56000,1.02193,0.01909,0.97019,0.00096,0.00975
56.70000,1.02194,0.01847,0.97053,0.00089,0.01011
56.84000,1.02194,0.01575,0.97604,0.00091,0.00729
56.98000,1.02194,0.01244,0.98175,0.00078,0.00503
57.12000,1.02194,0.00850,0.98835,0.00068,0.00247
57.26000,1.02194,0.00673,0.99133,0.00050,0.00143
57.40000,1.02193,0.00692,0.99095,0.00054,0.00160
57.54000,1.02194,0.00565,0.99275,0.00048,0.00112
57.68000,1.02194,0.00573,0.99257,0.00050,0.00120
57.82000,1.02194,0.00524,0.99334,0.00044,0.00098
57.96000,1.02194,0.00495,0.99377,0.00041,0.00086
58.10000,1.02194,0.00550,0.99298,0.00045,0.00107
58.24000,1.02193,0.00591,0.99237,0.00050,0.00122
58.38000,1.02194,0.00560,0.99287,0.00047,0.00106
58.52000,1.02194,0.00553,0.99300,0.00046,0.00101
58.66000,1.02194,0.00511,0.99367,0.00037,0.00084
58.80000,1.02194,0.00464,0.99432,0.00032,0.00072
58.94000,1.02194,0.00424,0.99480,0.00031,0.00066
59.08000,1.02193,0.00402,0.99511,0.00028,0.00059
59.22000,1.02193,0.00366,0.99567,0.00023,0.00044
59.36000,1.02194,0.00367,0.99562,0.00025,0.00045
59.50000,1.02194,0.00369,0.99558,0.00026,0.00047
59.64000,1.02194,0.00408,0.99508,0.00028,0.00056
59.78000,1.02194,0.00476,0.99420,0.00030,0.00074
59.92000,1.02194,0.00504,0.99385,0.00032,0.00079
60.06000,1.02193,0.00480,0.99416,0.00033,0.00071
60.20000,1.02194,0.00549,0.99321,0.00038,0.00092
60.34000,1.02194,0.00588,0.99270,0.00038,0.00103
60.48000,1.02194,0.00631,0.99213,0.00039,0.00118
60.62000,1.02194,0.00689,0.99123,0.00044,0.00144
60.76000,1.02194,0.00637,0.99198,0.00043,0.00122
60.90000,1.02193,0.00641,0.99197,0.00043,0.00119
61.04000,1.02194,0.00612,0.99235,0.00041,0.00112
61.18000,1.02194,0.00555,0.99309,0.00038,0.00097
61.32000,1.02194,0.00575,0.99278,0.00039,0.00108
61.46000,1.02194,0.00545,0.99335,0.00032,0.00088
61.60000,1.02194,0.00486,0.99419,0.00028,0.00067
61.74000,1.02193,0.00424,0.99490,0.00028,0.00058
61.88000,1.02194,0.00396,0.99522,0.00027,0.00056
62.02000,1.02194,0.00415,0.99500,0.00025,0.00060
62.16000,1.02194,0.00468,0.99428,0.00026,0.00078
62.30000,1.02194,0.00476,0.99412,0.00030,0.00082
62.44000,1.02194,0.00460,0.99423,0.00037,0.00080
62.58000,1.02193,0.00468,0.99413,0.00037,0.00082
62.72000,1.02193,0.00533,0.99325,0.00038,0.00104
62.86000,1.02194,0.00512,0.99370,0.00031,0.00087
63.00000,1.02193,0.00507,0.99373,0.00031,0.00089
63.14000,1.02193,0.00418,0.99493,0.00028,0.00061
63.28000,1.02194,0.00390,0.99533,0.00025,0.00052
63.42000,1.02194,0.00382,0.99545,0.00023,0.00050
63.56000,1.02194,0.00365,0.99565,0.00023,0.00047
63.70000,1.02194,0.00370,0.99558,0.00025,0.00048
63.84000,1.02194,0.00387,0.99537,0.00025,0.00051
63.98000,1.02194,0.00360,0.99573,0.00024,0.00044
64.12000,1.02193,0.00356,0.99573,0.00025,0.00045
64.26000,1.02193,0.00321,0.99617,0.00023,0.00040
64.40000,1.02193,0.00294,0.99651,0.00020,0.00035
64.54000,1.02193,0.00267,0.99684,0.00019,0.00031
64.68000,1.02193,0.00240,0.99716,0.00018,0.00026
64.82000,1.02193,0.00217,0.99744,0.00017,0.00022
64.96000,1.02194,0.00211,0.99751,0.00017,0.00021
65.10000,1.02194,0.00214,0.99749,0.00017,0.00021
65.24000,1.02194,0.00246,0.99711,0.00018,0.00025
65.38000,1.02194,0.00289,0.99659,0.00020,0.00032
65.52000,1.02194,0.00358,0.99572,0.00026,0.00044
65.66000,1.02193,0.00425,0.99486,0.00031,0.00058
65.80000,1.02193,0.00475,0.99424,0.00033,0.00069
65.94000,1.02193,0.00525,0.99356,0.00034,0.00085
66.08000,1.02193,0.00559,0.99305,0.00036,0.00099
66.22000,1.02193,0.00609,0.99241,0.00036,0.00114
66.36000,1.02193,0.00585,0.99271,0.00039,0.00106
66.50000,1.02193,0.00561,0.99293,0.00042,0.00104
66.64000,1.02193,0.00433,0.99458,0.00037,0.00072
66.78000,1.02194,0.00292,0.99641,0.00025,0.00042
66.92000,1.02194,0.00292,0.99642,0.00025,0.00040
67.06000,1.02194,0.00380,0.99530,0.00026,0.00064
67.20000,1.02194,0.00385,0.99524,0.00032,0.00059
67.34000,1.02194,0.00476,0.99393,0.00054,0.00077
67.48000,1.02193,0.00475,0.99404,0.00048,0.00073
67.62000,1.02193,0.00656,0.99155,0.00052,0.00137
67.76000,1.02193,0.00608,0.99228,0.00043,0.00121
67.90000,1.02193,0.00474,0.99403,0.00043,0.00081
68.04000,1.02193,0.00352,0.99567,0.00035,0.00046
68.18000,1.02193,0.00286,0.99640,0.00040,0.00034
68.32000,1.02193,0.00213,0.99731,0.00035,0.00021
68.46000,1.02194,0.00213,0.99717,0.00049,0.00021
68.60000,1.02194,0.00192,0.99745,0.00046,0.00017
68.74000,1.02194,0.00139,0.99814,0.00036,0.00011
68.88000,1.02194,0.00073,0.99902,0.00020,0.00005
69.02000,1.02194,0.00040,0.99946,0.00011,0.00002
69.16000,1.02193,0.00027,0.99965,0.00007,0.00001
69.30000,1.02193,0.00025,0.99968,0.00006,0.00001
69.44000,1.02193,0.00022,0.99970,0.00007,0.00001
69.58000,1.02193,0.00020,0.99970,0.00009,0.00001
69.72000,1.02193,0.00027,0.99961,0.00010,0.00001
69.86000,1.02193,0.00043,0.99942,0.00012,0.00003
70.00000,1.02193,0.00070,0.99910,0.00015,0.00005
70.14000,1.02193,0.00118,0.99849,0.00022,0.00011
70.28000,1.02194,0.00224,0.99714,0.00031,0.00031
70.42000,1.02194,0.00360,0.99538,0.00045,0.00057
70.56000,1.02194,0.00607,0.99175,0.00070,0.00148
70.70000,1.02194,0.00926,0.98652,0.00085,0.00336
70.84000,1.02194,0.01453,0.97603,0.00109,0.00835
70.98000,1.02193,0.01548,0.97527,0.00095,0.00830
71.12000,1.02193,0.01873,0.96826,0.00125,0.01175
71.26000,1.02193,0.01552,0.97588,0.00096,0.00763
71.40000,1.02193,0.01577,0.97548,0.00102,0.00773
71.54000,1.02193,0.02163,0.96561,0.00091,0.01185
71.68000,1.02193,0.01502,0.97936,0.00064,0.00498
71.82000,1.02193,0.00983,0.98646,0.00066,0.00306
71.96000,1.02194,0.00966,0.98695,0.00060,0.00280
72.10000,1.02194,0.00872,0.98891,0.00043,0.00194
72.24000,1.02194,0.00751,0.99078,0.00035,0.00137
72.38000,1.02194,0.00550,0.99325,0.00036,0.00090
72.52000,1.02194,0.00559,0.99318,0.00036,0.00087
72.66000,1.02193,0.00571,0.99301,0.00034,0.00094
72.80000,1.02193,0.00451,0.99474,0.00022,0.00054
72.94000,1.02193,0.00399,0.99536,0.00020,0.00045
73.08000,1.02193,0.00351,0.99591,0.00019,0.00039
73.22000,1.02193,0.00343,0.99600,0.00019,0.00038
73.36000,1.02193,0.00380,0.99557,0.00019,0.00044
73.50000,1.02193,0.00381,0.99555,0.00021,0.00043
73.64000,1.02193,0.00409,0.99521,0.00024,0.00046
73.78000,1.02194,0.00407,0.99526,0.00023,0.00045
73.92000,1.02194,0.00461,0.99463,0.00022,0.00054
74.06000,1.02194,0.00471,0.99451,0.00021,0.00057
74.20000,1.02194,0.00389,0.99547,0.00019,0.00044
74.34000,1.02194,0.00258,0.99697,0.00017,0.00028
74.48000,1.02193,0.00180,0.99788,0.00014,0.00018
74.62000,1.02193,0.00179,0.99789,0.00014,0.00017
74.76000,1.02193,0.00176,0.99794,0.00014,0.00016
74.90000,1.02193,0.00172,0.99797,0.00015,0.00016
75.04000,1.02193,0.00208,0.99752,0.00021,0.00019
75.18000,1.02193,0.00285,0.99659,0.00027,0.00029
75.32000,1.02193,0.00231,0.99729,0.00018,0.00023
75.46000,1.02194,0.00113,0.99868,0.00010,0.00010
75.60000,1.02194,0.00083,0.99902,0.00008,0.00007
75.74000,1.02194,0.00089,0.99897,0.00007,0.00007
75.88000,1.02194,0.00079,0.99905,0.00010,0.00006
76.02000,1.02194,0.00057,0.99927,0.00012,0.00004
76.16000,1.02193,0.00055,0.99927,0.00013,0.00004
76.30000,1.02193,0.00068,0.99916,0.00012,0.00005
76.44000,1.02193,0.00070,0.99915,0.00010,0.00005
76.58000,1.02193,0.00058,0.99927,0.00011,0.00004
76.72000,1.02193,0.00066,0.99914,0.00015,0.00005
76.86000,1.02193,0.00085,0.99890,0.00018,0.00007
77.00000,1.02193,0.00103,0.99871,0.00017,0.00009
77.14000,1.02193,0.00131,0.99837,0.00019,0.00013
77.28000,1.02194,0.00152,0.99813,0.00020,0.00016
77.42000,1.02194,0.00165,0.99796,0.00020,0.00019
77.56000,1.02194,0.00163,0.99801,0.00018,0.00018
77.70000,1.02194,0.00168,0.99795,0.00018,0.00019
77.84000,1.02194,0.00152,0.99815,0.00017,0.00016
77.98000,1.02193,0.00133,0.99837,0.00017,0.00013
78.12000,1.02193,0.00110,0.99865,0.00015,0.00010
78.26000,1.02193,0.00110,0.99867,0.00013,0.00010
78.40000,1.02193,0.00115,0.99862,0.00013,0.00010
78.54000,1.02193,0.00108,0.99867,0.00016,0.00009
78.68000,1.02193,0.00098,0.99878,0.00016,0.00008
78.82000,1.02193,0.00103,0.99875,0.00014,0.00009
78.96000,1.02194,0.00132,0.99842,0.00014,0.00012
79.10000,1.02194,0.00149,0.99820,0.00016,0.00015
79.24000,1.02194,0.00175,0.99784,0.00023,0.00018
79.38000,1.02194,0.00226,0.99720,0.00028,0.00026
79.52000,1.02194,0.00344,0.99569,0.00035,0.00052
79.66000,1.02193,0.00358,0.99556,0.00033,0.00053
79.80000,1.02193,0.00351,0.99573,0.00029,0.00048
79.94000,1.02193,0.00388,0.99529,0.00031,0.00051
80.08000,1.02193,0.00474,0.99417,0.00037,0.00072
80.22000,1.02193,0.00480,0.99407,0.00038,0.00074
80.36000,1.02193,0.00467,0.99430,0.00034,0.00070
80.50000,1.02193,0.00483,0.99415,0.00030,0.00073
80.64000,1.02193,0.00461,0.99435,0.00032,0.00072
80.78000,1.02194,0.00357,0.99563,0.00028,0.00052
80.92000,1.02194,0.00301,0.99630,0.00026,0.00044
81.06000,1.02194,0.00252,0.99695,0.00021,0.00032
81.20000,1.02194,0.00207,0.99751,0.00018,0.00024
81.34000,1.02194,0.00151,0.99816,0.00018,0.00016
81.48000,1.02193,0.00113,0.99862,0.00015,0.00010
81.62000,1.02193,0.00124,0.99851,0.00014,0.00012
81.76000,1.02193,0.00141,0.99832,0.00014,0.00014
81.90000,1.02193,0.00159,0.99804,0.00020,0.00017
82.04000,1.02193,0.00176,0.99782,0.00024,0.00018
82.18000,1.02193,0.00226,0.99716,0.00028,0.00030
82.32000,1.02193,0.00252,0.99688,0.00024,0.00036
82.46000,1.02194,0.00257,0.99683,0.00023,0.00037
82.60000,1.02194,0.00263,0.99679,0.00022,0.00035
82.74000,1.02194,0.00258,0.99687,0.00023,0.00032
82.88000,1.02194,0.00229,0.99722,0.00023,0.00027
83.02000,1.02194,0.00270,0.99664,0.00028,0.00038
83.16000,1.02193,0.00316,0.99614,0.00026,0.00044
83.30000,1.02193,0.00353,0.99570,0.00025,0.00052
83.44000,1.02193,0.00362,0.99559,0.00030,0.00049
83.58000,1.02193,0.00401,0.99510,0.00034,0.00055
83.72000,1.02193,0.00445,0.99463,0.00030,0.00062
83.86000,1.02193,0.00514,0.99376,0.00030,0.00080
84.00000,1.02193,0.00362,0.99568,0.00022,0.00047
84.14000,1.02193,0.00225,0.99733,0.00016,0.00025
84.28000,1.02194,0.00184,0.99783,0.00014,0.00018
84.42000,1.02194,0.00155,0.99819,0.00012,0.00015
84.56000,1.02194,0.00153,0.99818,0.00014,0.00015
84.70000,1.02194,0.00146,0.99821,0.00019,0.00014
84.84000,1.02194,0.00178,0.99782,0.00020,0.00020
84.98000,1.02193,0.00212,0.99743,0.00020,0.00025
85.12000,1.02193,0.00233,0.99717,0.00022,0.00028
85.26000,1.02193,0.00290,0.99644,0.00025,0.00040
85.40000,1.02193,0.00357,0.99557,0.00030,0.00056
85.54000,1.02193,0.00597,0.99233,0.00037,0.00134
85.68000,1.02193,0.00722,0.99066,0.00045,0.00168
85.82000,1.02193,0.01209,0.98237,0.00069,0.00485
85.96000,1.02194,0.01895,0.97048,0.00074,0.00983
86.10000,1.02194,0.01601,0.97574,0.00077,0.00748
86.24000,1.02194,0.01441,0.97827,0.00057,0.00675
86.38000,1.02194,0.01097,0.98439,0.00048,0.00415
86.52000,1.02194,0.00871,0.98844,0.00033,0.00251
86.66000,1.02193,0.00596,0.99242,0.00033,0.00128
86.80000,1.02193,0.00407,0.99500,0.00029,0.00063
86.94000,1.02193,0.00414,0.99489,0.00031,0.00066
87.08000,1.02193,0.00462,0.99430,0.00032,0.00077
87.22000,1.02193,0.00682,0.99128,0.00039,0.00151
87.36000,1.02193,0.00648,0.99199,0.00038,0.00114
87.50000,1.02193,0.00699,0.99127,0.00044,0.00130
87.64000,1.02193,0.00732,0.99066,0.00045,0.00157
87.78000,1.02194,0.00749,0.99050,0.00041,0.00159
87.92000,1.02194,0.00573,0.99306,0.00026,0.00095
88.06000,1.02194,0.00430,0.99484,0.00021,0.00064
88.20000,1.02194,0.00314,0.99624,0.00020,0.00042
88.34000,1.02194,0.00283,0.99663,0.00018,0.00036
88.48000,1.02193,0.00261,0.99690,0.00018,0.00031
88.62000,1.02193,0.00255,0.99696,0.00019,0.00030
88.76000,1.02193,0.00253,0.99699,0.00020,0.00028
88.90000,1.02193,0.00277,0.99671,0.00020,0.00032
89.04000,1.02193,0.00295,0.99650,0.00020,0.00035
89.18000,1.02193,0.00311,0.99633,0.00020,0.00037
89.32000,1.02193,0.00360,0.99572,0.00022,0.00046
89.46000,1.02194,0.00389,0.99537,0.00023,0.00051
89.60000,1.02194,0.00425,0.99493,0.00025,0.00058
89.74000,1.02194,0.00440,0.99471,0.00027,0.00062
89.88000,1.02194,0.00479,0.99415,0.00030,0.00076
90.02000,1.02194,0.00374,0.99547,0.00024,0.00054
90.16000,1.02193,0.00340,0.99589,0.00023,0.00049
90.30000,1.02193,0.00343,0.99587,0.00022,0.00047
90.44000,1.02193,0.00316,0.99624,0.00020,0.00040
90.58000,1.02193,0.00288,0.99650,0.00026,0.00036
90.72000,1.02193,0.00238,0.99710,0.00024,0.00028
90.86000,1.02193,0.00166,0.99799,0.00018,0.00018
91.00000,1.02193,0.00124,0.99851,0.00013,0.00012
91.14000,1.02193,0.00096,0.99882,0.00013,0.00009
91.28000,1.02194,0.00084,0.99897,0.00012,0.00007
91.42000,1.02194,0.00084,0.99897,0.00013,0.00007
91.56000,1.02194,0.00090,0.99885,0.00017,0.00007
91.70000,1.02194,0.00100,0.99874,0.00017,0.00009
91.84000,1.02194,0.00133,0.99834,0.00018,0.00015
91.98000,1.02193,0.00167,0.99796,0.00017,0.00020
92.12000,1.02193,0.00183,0.99778,0.00018,0.00021
92.26000,1.02193,0.00202,0.99754,0.00022,0.00023
92.40000,1.02193,0.00248,0.99696,0.00025,0.00031
92.54000,1.02193,0.00315,0.99614,0.00028,0.00043
92.68000,1.02193,0.00406,0.99503,0.00028,0.00063
92.82000,1.02193,0.00411,0.99493,0.00030,0.00066
92.96000,1.02194,0.00431,0.99456,0.00037,0.00077
93.10000,1.02194,0.00424,0.99458,0.00040,0.00078
93.24000,1.02194,0.00414,0.99482,0.00033,0.00071
93.38000,1.02194,0.00416,0.99468,0.00039,0.00077
93.52000,1.02194,0.00759,0.98881,0.00079,0.00281
93.66000,1.02193,0.01492,0.97547,0.00070,0.00891
93.80000,1.02193,0.03968,0.90851,0.00116,0.05065
93.94000,1.02193,0.05804,0.85358,0.00103,0.08736
94.08000,1.02193,0.11202,0.60115,0.00117,0.28567
94.22000,1.02193,0.14515,0.63523,0.00121,0.21841
94.36000,1.02193,0.16888,0.62109,0.00191,0.20811
94.50000,1.02193,0.05785,0.89358,0.00073,0.04784
94.64000,1.02193,0.02053,0.96969,0.00041,0.00937
94.78000,1.02194,0.01077,0.98597,0.00036,0.00291
94.92000,1.02194,0.00636,0.99215,0.00026,0.00123
95.06000,1.02194,0.00342,0.99588,0.00024,0.00046
95.20000,1.02194,0.00331,0.99595,0.00028,0.00046
95.34000,1.02194,0.00357,0.99564,0.00030,0.00050
95.48000,1.02193,0.00378,0.99535,0.00031,0.00056
95.62000,1.02193,0.00357,0.99568,0.00029,0.00046
95.76000,1.02193,0.00357,0.99566,0.00029,0.00048
95.90000,1.02193,0.00365,0.99555,0.00029,0.00051
96.04000,1.02193,0.00388,0.99521,0.00031,0.00060
96.18000,1.02193,0.00371,0.99547,0.00029,0.00053
96.32000,1.02193,0.00325,0.99600,0.00030,0.00045
96.46000,1.02194,0.00246,0.99697,0.00025,0.00032
96.60000,1.02194,0.00223,0.99726,0.00022,0.00029
96.74000,1.02194,0.00205,0.99754,0.00017,0.00024
96.88000,1.02194,0.00142,0.99828,0.00016,0.00014
97.02000,1.02194,0.00095,0.99882,0.00014,0.00009
97.16000,1.02193,0.00112,0.99861,0.00015,0.00011
97.30000,1.02193,0.00128,0.99843,0.00013,0.00016
97.44000,1.02193,0.00173,0.99780,0.00021,0.00025
97.58000,1.02193,0.00149,0.99802,0.00032,0.00018
97.72000,1.02193,0.00180,0.99761,0.00032,0.00027
97.86000,1.02193,0.00209,0.99720,0.00032,0.00038
98.00000,1.02193,0.00194,0.99736,0.00033,0.00038
98.14000,1.02193,0.00176,0.99757,0.00034,0.00032
98.28000,1.02194,0.00212,0.99717,0.00027,0.00044
98.42000,1.02194,0.00321,0.99557,0.00035,0.00087
98.56000,1.02194,0.00820,0.98601,0.00063,0.00516
98.70000,1.02194,0.01790,0.95956,0.00128,0.02125
98.84000,1.02194,0.04507,0.82426,0.00160,0.12907
98.98000,1.02193,0.07608,0.50437,0.00139,0.41815
99.12000,1.02193,0.08985,0.30193,0.00129,0.60693
99.26000,1.02193,0.10226,0.20940,0.00153,0.68681
99.40000,1.02193,0.11314,0.23100,0.00164,0.65423
99.54000,1.02193,0.12036,0.20965,0.00174,0.66825
99.68000,1.02193,0.13739,0.24257,0.00271,0.61734
99.82000,1.02193,0.12547,0.43038,0.00230,0.44185
99.96000,1.02194,0.11661,0.46589,0.00172,0.41578
100.10000,1.02194,0.11259,0.37319,0.00166,0.51257
100.24000,1.02194,0.10693,0.49693,0.00164,0.39450
100.38000,1.02194,0.10849,0.41707,0.00152,0.47292
100.52000,1.02194,0.11131,0.34705,0.00147,0.54018
100.66000,1.02193,0.11014,0.23978,0.00132,0.64877
100.80000,1.02193,0.09047,0.13705,0.00099,0.77149
100.94000,1.02193,0.08837,0.10335,0.00100,0.80727
101.08000,1.02193,0.07111,0.06552,0.00077,0.86260
101.22000,1.02193,0.09133,0.11271,0.00128,0.79469
101.36000,1.02193,0.08702,0.10936,0.00105,0.80257
101.50000,1.02193,0.09499,0.17662,0.00192,0.72646
101.64000,1.02193,0.07442,0.06895,0.00136,0.85527
101.78000,1.02194,0.07852,0.71198,0.00316,0.20635
101.92000,1.02194,0.02635,0.93894,0.00125,0.03346
102.06000,1.02194,0.01580,0.96838,0.00118,0.01464
102.20000,1.02194,0.00978,0.98399,0.00102,0.00521
102.34000,1.02194,0.00593,0.99109,0.00091,0.00207
102.48000,1.02193,0.00264,0.99638,0.00048,0.00050
102.62000,1.02193,0.00202,0.99746,0.00027,0.00026
102.76000,1.02193,0.00252,0.99681,0.00029,0.00038
102.90000,1.02193,0.00253,0.99681,0.00028,0.00038
103.04000,1.02193,0.00233,0.99709,0.00026,0.00032
103.18000,1.02193,0.00233,0.99717,0.00021,0.00029
103.32000,1.02193,0.00227,0.99726,0.00020,0.00026
103.46000,1.02194,0.00245,0.99706,0.00021,0.00028
103.60000,1.02194,0.00256,0.99692,0.00023,0.00030
103.74000,1.02194,0.00272,0.99672,0.00023,0.00033
103.88000,1.02194,0.00307,0.99633,0.00023,0.00037
104.02000,1.02194,0.00352,0.99585,0.00022,0.00042
104.16000,1.02193,0.00877,0.98826,0.00047,0.00250
104.30000,1.02193,0.01157,0.98519,0.00037,0.00288
104.44000,1.02193,0.01022,0.98768,0.00039,0.00171
104.58000,1.02193,0.01044,0.98736,0.00025,0.00196
104.72000,1.02193,0.01141,0.98604,0.00022,0.00234
104.86000,1.02193,0.00995,0.98809,0.00021,0.00176
105.00000,1.02193,0.00618,0.99269,0.00020,0.00093
105.14000,1.02193,0.00341,0.99599,0.00019,0.00041
105.28000,1.02194,0.00302,0.99646,0.00017,0.00034
105.42000,1.02194,0.00247,0.99705,0.00020,0.00028
105.56000,1.02194,0.00155,0.99812,0.00017,0.00016
105.70000,1.02194,0.00102,0.99877,0.00011,0.00009
105.84000,1.02194,0.00091,0.99890,0.00011,0.00008
105.98000,1.02193,0.00083,0.99899,0.00011,0.00007
106.12000,1.02193,0.00074,0.99909,0.00012,0.00005
106.26000,1.02193,0.00083,0.99896,0.00015,0.00006
106.40000,1.02193,0.00126,0.99844,0.00019,0.00012
106.54000,1.02193,0.00140,0.99828,0.00018,0.00013
106.68000,1.02193,0.00151,0.99814,0.00020,0.00016
106.82000,1.02193,0.00183,0.99775,0.00021,0.00021
106.96000,1.02194,0.00212,0.99742,0.00020,0.00026
107.10000,1.02194,0.00242,0.99702,0.00023,0.00032
107.24000,1.02194,0.00286,0.99638,0.00033,0.00042
107.38000,1.02194,0.00326,0.99587,0.00035,0.00052
107.52000,1.02194,0.00422,0.99456,0.00038,0.00084
107.66000,1.02193,0.00885,0.98678,0.00053,0.00384
107.80000,1.02193,0.01577,0.97277,0.00074,0.01073
107.94000,1.02193,0.01268,0.97879,0.00120,0.00734
108.08000,1.02193,0.01906,0.96158,0.00131,0.01805
108.22000,1.02193,0.02089,0.96101,0.00113,0.01697
108.36000,1.02193,0.01653,0.97351,0.00085,0.00910
108.50000,1.02193,0.00991,0.98537,0.00090,0.00381
108.64000,1.02193,0.00765,0.98971,0.00062,0.00203
108.78000,1.02194,0.00766,0.99017,0.00045,0.00172
108.92000,1.02194,0.00628,0.99198,0.00043,0.00130
109.06000,1.02194,0.00570,0.99275,0.00042,0.00113
109.20000,1.02194,0.00887,0.98814,0.00045,0.00254
109.34000,1.02194,0.01390,0.97947,0.00054,0.00609
109.48000,1.02193,0.01135,0.98399,0.00068,0.00397
109.62000,1.02193,0.00970,0.98653,0.00055,0.00322
109.76000,1.02193,0.00969,0.98650,0.00049,0.00333
109.90000,1.02193,0.01145,0.98440,0.00042,0.00374
110.04000,1.02193,0.00980,0.98686,0.00042,0.00292
110.18000,1.02193,0.00671,0.99147,0.00038,0.00143
110.32000,1.02193,0.00842,0.98902,0.00045,0.00210
110.46000,1.02194,0.00960,0.98723,0.00054,0.00263
110.60000,1.02194,0.01396,0.97965,0.00074,0.00565
110.74000,1.02194,0.01707,0.97446,0.00065,0.00782
110.88000,1.02194,0.01904,0.97084,0.00079,0.00932
111.02000,1.02194,0.01855,0.97141,0.00080,0.00924
111.16000,1.02193,0.01655,0.97558,0.00071,0.00716
111.30000,1.02193,0.01494,0.97875,0.00058,0.00573
111.44000,1.02193,0.01112,0.98486,0.00049,0.00353
111.58000,1.02193,0.00760,0.99023,0.00040,0.00176
111.72000,1.02193,0.00646,0.99195,0.00034,0.00125
111.86000,1.02193,0.00589,0.99282,0.00030,0.00099
112.00000,1.02193,0.00503,0.99397,0.00027,0.00074
112.14000,1.02193,0.00526,0.99365,0.00029,0.00081
112.28000,1.02194,0.00590,0.99282,0.00030,0.00098
112.42000,1.02194,0.00573,0.99303,0.00031,0.00094
112.56000,1.02194,0.00552,0.99323,0.00033,0.00091
112.70000,1.02194,0.00558,0.99312,0.00035,0.00096
112.84000,1.02194,0.00477,0.99416,0.00029,0.00078
112.98000,1.02193,0.00462,0.99434,0.00028,0.00076
113.12000,1.02193,0.00405,0.99509,0.00025,0.00061
113.26000,1.02193,0.00382,0.99542,0.00024,0.00053
113.40000,1.02193,0.00370,0.99557,0.00023,0.00049
113.54000,1.02193,0.00401,0.99519,0.00026,0.00054
113.68000,1.02193,0.00405,0.99514,0.00026,0.00055
113.82000,1.02193,0.00414,0.99498,0.00028,0.00060
113.96000,1.02194,0.00411,0.99501,0.00026,0.00062
114.10000,1.02194,0.00385,0.99531,0.00024,0.00059
114.24000,1.02194,0.00380,0.99536,0.00024,0.00060
114.38000,1.02194,0.00370,0.99536,0.00030,0.00064
114.52000,1.02194,0.00343,0.99564,0.00031,0.00061
114.66000,1.02193,0.00385,0.99498,0.00035,0.00082
114.80000,1.02193,0.00518,0.99285,0.00039,0.00158
114.94000,1.02193,0.00525,0.99274,0.00048,0.00153
115.08000,1.02193,0.00647,0.99064,0.00071,0.00218
115.22000,1.02193,0.01261,0.97724,0.00114,0.00901
115.36000,1.02193,0.03016,0.92059,0.00143,0.04782
115.50000,1.02193,0.04700,0.84259,0.00183,0.10858
115.64000,1.02193,0.06393,0.76999,0.00176,0.16432
115.78000,1.02194,0.07795,0.72447,0.00151,0.19607
115.92000,1.02194,0.08480,0.69589,0.00178,0.21753
116.06000,1.02194,0.06644,0.78206,0.00223,0.14927
116.20000,1.02194,0.03115,0.92765,0.00152,0.03968
116.34000,1.02194,0.04783,0.83871,0.00214,0.11133
116.48000,1.02193,0.07396,0.60735,0.00103,0.31766
116.62000,1.02193,0.09766,0.36222,0.00159,0.53853
116.76000,1.02193,0.12876,0.23458,0.00129,0.63536
116.90000,1.02193,0.29337,0.15326,0.00148,0.55188
117.04000,1.02193,0.37941,0.24296,0.00084,0.37679
117.18000,1.02193,0.32972,0.46139,0.00076,0.20813
117.32000,1.02193,0.30033,0.42555,0.00161,0.27250
117.46000,1.02194,0.40558,0.44122,0.00090,0.15230
117.60000,1.02194,0.26275,0.42084,0.00077,0.31564
117.74000,1.02194,0.16880,0.48930,0.00087,0.34102
117.88000,1.02194,0.15551,0.11992,0.00119,0.72339
118.02000,1.02194,0.34389,0.02015,0.00122,0.63474
118.16000,1.02193,0.33462,0.04032,0.00156,0.62349
118.30000,1.02193,0.50634,0.11875,0.00128,0.37362
118.44000,1.02193,0.39361,0.30021,0.00100,0.30517
118.58000,1.02193,0.27133,0.63955,0.00218,0.08694
118.72000,1.02193,0.42465,0.55277,0.00085,0.02173
118.86000,1.02193,0.01082,0.98808,0.00013,0.00097
119.00000,1.02193,0.00982,0.98894,0.00021,0.00103
119.14000,1.02193,0.00376,0.99527,0.00023,0.00073
119.28000,1.02194,0.00232,0.99701,0.00026,0.00040
119.42000,1.02194,0.00205,0.99744,0.00021,0.00030
119.56000,1.02194,0.00201,0.99746,0.00026,0.00028
119.70000,1.02194,0.00195,0.99753,0.00026,0.00027
119.84000,1.02194,0.00231,0.99706,0.00027,0.00036
119.98000,1.02193,0.00258,0.99682,0.00022,0.00038
120.12000,1.02193,0.00284,0.99646,0.00027,0.00043
120.26000,1.02193,0.00314,0.99611,0.00029,0.00045
120.40000,1.02193,0.00486,0.99371,0.00044,0.00099
120.54000,1.02193,0.00602,0.99217,0.00045,0.00136
120.68000,1.02193,0.00797,0.98919,0.00059,0.00225
120.82000,1.02193,0.00913,0.98754,0.00068,0.00265
120.96000,1.02194,0.00946,0.98681,0.00071,0.00302
121.10000,1.02194,0.00948,0.98657,0.00071,0.00324
121.24000,1.02194,0.02284,0.95519,0.00137,0.02060
121.38000,1.02194,0.01645,0.97549,0.00060,0.00746
121.52000,1.02194,0.01145,0.98501,0.00051,0.00303
121.66000,1.02193,0.00949,0.98760,0.00036,0.00255
121.80000,1.02193,0.00859,0.98906,0.00034,0.00202
121.94000,1.02193,0.00682,0.99150,0.00025,0.00142
122.08000,1.02193,0.00435,0.99478,0.00022,0.00065
122.22000,1.02193,0.00353,0.99585,0.00020,0.00043
122.36000,1.02193,0.00426,0.99493,0.00023,0.00059
122.50000,1.02193,0.00416,0.99504,0.00027,0.00053
122.64000,1.02193,0.00427,0.99492,0.00027,0.00054
122.78000,1.02194,0.00547,0.99337,0.00030,0.00086
122.92000,1.02194,0.00624,0.99240,0.00029,0.00107
123.06000,1.02194,0.00739,0.99063,0.00032,0.00166
123.20000,1.02194,0.00642,0.99196,0.00034,0.00128
123.34000,1.02194,0.00439,0.99450,0.00032,0.00080
123.48000,1.02193,0.00328,0.99587,0.00027,0.00058
123.62000,1.02193,0.00266,0.99666,0.00023,0.00045
123.76000,1.02193,0.00218,0.99731,0.00019,0.00032
123.90000,1.02193,0.00179,0.99781,0.00017,0.00023
124.04000,1.02193,0.00180,0.99778,0.00020,0.00022
124.18000,1.02193,0.00196,0.99758,0.00022,0.00024
124.32000,1.02193,0.00231,0.99711,0.00026,0.00031
124.46000,1.02194,0.00297,0.99625,0.00029,0.00049
124.60000,1.02194,0.00358,0.99549,0.00031,0.00063
124.74000,1.02194,0.00355,0.99547,0.00035,0.00063
124.88000,1.02194,0.00402,0.99475,0.00042,0.00081
125.02000,1.02194,0.00585,0.99233,0.00043,0.00139
125.16000,1.02193,0.00705,0.99083,0.00049,0.00163
125.30000,1.02193,0.00669,0.99115,0.00059,0.00157
125.44000,1.02193,0.00751,0.98998,0.00059,0.00192
125.58000,1.02193,0.00632,0.99175,0.00045,0.00148
125.72000,1.02193,0.00461,0.99415,0.00029,0.00095
125.86000,1.02193,0.00330,0.99593,0.00023,0.00055
126.00000,1.02193,0.00301,0.99630,0.00021,0.00048
126.14000,1.02193,0.00268,0.99668,0.00022,0.00042
126.28000,1.02194,0.00222,0.99720,0.00025,0.00033
126.42000,1.02194,0.00201,0.99747,0.00023,0.00029
126.56000,1.02194,0.00190,0.99763,0.00019,0.00027
126.70000,1.02194,0.00188,0.99767,0.00018,0.00027
126.84000,1.02194,0.00201,0.99748,0.00021,0.00031
126.98000,1.02193,0.00197,0.99751,0.00023,0.00029
127.12000,1.02193,0.00226,0.99709,0.00027,0.00038
127.26000,1.02193,0.00266,0.99653,0.00031,0.00050
127.40000,1.02193,0.00252,0.99674,0.00029,0.00045
127.54000,1.02193,0.00221,0.99717,0.00026,0.00037
127.68000,1.02193,0.00202,0.99740,0.00025,0.00033
127.82000,1.02193,0.00204,0.99741,0.00023,0.00033
127.96000,1.02193,0.00226,0.99709,0.00025,0.00040
128.10001,1.02193,0.00459,0.99356,0.00054,0.00131
128.24001,1.02193,0.02726,0.95367,0.00106,0.01801
128.38000,1.02193,0.79521,0.10536,0.00413,0.09530
128.52000,1.02193,0.91644,0.00308,0.00179,0.07869
128.66000,1.02193,0.98701,0.00003,0.00020,0.01276
128.80000,1.02193,0.99815,0.00000,0.00005,0.00180
128.94000,1.02194,0.99992,0.00000,0.00001,0.00007
129.08000,1.02194,0.99999,0.00000,0.00000,0.00001
129.22000,1.02194,0.99999,0.00000,0.00000,0.00000
129.36000,1.02194,0.99999,0.00000,0.00000,0.00000
129.50000,1.02194,1.00000,0.00000,0.00000,0.00000
129.64000,1.02194,1.00000,0.00000,0.00000,0.00000
129.78000,1.02194,1.00000,0.00000,0.00000,0.00000
129.92000,1.02194,1.00000,0.00000,0.00000,0.00000
130.06000,1.02194,1.00000,0.00000,0.00000,0.00000
130.20000,1.02194,1.00000,0.00000,0.00000,0.00000
130.34000,1.02194,0.99999,0.00000,0.00000,0.00000
130.48000,1.02194,0.99999,0.00000,0.00000,0.00001
130.62000,1.02194,0.99999,0.00000,0.00000,0.00001
130.75999,1.02194,0.99992,0.00000,0.00001,0.00008
130.89999,1.02194,0.99929,0.00000,0.00003,0.00068
131.03999,1.02194,0.99911,0.00000,0.00001,0.00088
131.17999,1.02194,0.99986,0.00000,0.00001,0.00013
131.32001,1.02193,0.99992,0.00000,0.00001,0.00008
131.46001,1.02193,0.99960,0.00000,0.00002,0.00038
131.60001,1.02193,0.99434,0.00000,0.00013,0.00554
131.74001,1.02193,0.97495,0.00000,0.00024,0.02480
131.88000,1.02193,0.92347,0.00000,0.00013,0.07639
132.02000,1.02193,0.98737,0.00000,0.00012,0.01251
132.16000,1.02193,0.99933,0.00000,0.00001,0.00066
132.30000,1.02193,0.99982,0.00000,0.00001,0.00017
132.44000,1.02194,0.99999,0.00000,0.00000,0.00001
132.58000,1.02194,1.00000,0.00000,0.00000,0.00000
132.72000,1.02194,1.00000,0.00000,0.00000,0.00000
132.86000,1.02194,1.00000,0.00000,0.00000,0.00000
133.00000,1.02194,1.00000,0.00000,0.00000,0.00000
133.14000,1.02194,1.00000,0.00000,0.00000,0.00000
133.28000,1.02194,1.00000,0.00000,0.00000,0.00000
133.42000,1.02194,1.00000,0.00000,0.00000,0.00000
133.56000,1.02194,1.00000,0.00000,0.00000,0.00000
133.70000,1.02194,1.00000,0.00000,0.00000,0.00000
133.84000,1.02194,1.00000,0.00000,0.00000,0.00000
133.98000,1.02194,1.00000,0.00000,0.00000,0.00000
134.12000,1.02194,1.00000,0.00000,0.00000,0.00000
134.25999,1.02194,1.00000,0.00000,0.00000,0.00000
134.39999,1.02194,1.00000,0.00000,0.00000,0.00000
134.53999,1.02194,0.99999,0.00000,0.00000,0.00000
134.67999,1.02194,0.99999,0.00000,0.00000,0.00000
134.82001,1.02193,0.99999,0.00000,0.00000,0.00000
134.96001,1.02193,0.99999,0.00000,0.00000,0.00000
135.10001,1.02193,1.00000,0.00000,0.00000,0.00000
135.24001,1.02193,1.00000,0.00000,0.00000,0.00000
