Time (seconds), Duration (seconds),pred_unlabelled,pred_Air,pred_Floor,pred_Carpet
0.00000,1.05394,0.00136,0.00026,0.99812,0.00026
0.10000,1.05394,0.00168,0.00027,0.99782,0.00023
0.20000,1.05394,0.00105,0.00021,0.99856,0.00019
0.30000,1.05394,0.00141,0.00034,0.99788,0.00037
0.40000,1.05394,0.00092,0.00016,0.99873,0.00020
0.50000,1.05394,0.00133,0.00021,0.99812,0.00033
0.60000,1.05394,0.00066,0.00006,0.99915,0.00013
0.70000,1.05394,0.00083,0.00008,0.99887,0.00021
0.80000,1.05394,0.00069,0.00013,0.99904,0.00013
0.90000,1.05394,0.00118,0.00019,0.99842,0.00021
1.00000,1.05394,0.00093,0.00020,0.99869,0.00018
1.10000,1.05394,0.00106,0.00013,0.99862,0.00019
1.20000,1.05394,0.00090,0.00016,0.99872,0.00022
1.30000,1.05394,0.00111,0.00008,0.99863,0.00017
1.40000,1.05394,0.00158,0.00013,0.99802,0.00028
1.50000,1.05394,0.00107,0.00005,0.99876,0.00012
1.60000,1.05394,0.00197,0.00034,0.99721,0.00049
1.70000,1.05394,0.00151,0.00014,0.99809,0.00027
1.80000,1.05394,0.00192,0.00023,0.99741,0.00044
1.90000,1.05394,0.00160,0.00028,0.99781,0.00031
2.00000,1.05394,0.00215,0.00061,0.99675,0.00049
2.10000,1.05394,0.00155,0.00056,0.99762,0.00027
2.20000,1.05394,0.00135,0.00035,0.99809,0.00021
2.30000,1.05394,0.00080,0.00040,0.99865,0.00014
2.40000,1.05394,0.00092,0.00039,0.99857,0.00013
2.50000,1.05394,0.00055,0.00029,0.99909,0.00008
2.60000,1.05394,0.00059,0.00014,0.99919,0.00008
2.70000,1.05394,0.00059,0.00014,0.99920,0.00007
2.80000,1.05394,0.00049,0.00005,0.99940,0.00006
2.90000,1.05394,0.00050,0.00004,0.99940,0.00006
3.00000,1.05394,0.00071,0.00006,0.99912,0.00011
3.10000,1.05394,0.00093,0.00015,0.99877,0.00015
3.20000,1.05394,0.00138,0.00023,0.99813,0.00026
3.30000,1.05394,0.00174,0.00027,0.99759,0.00039
3.40000,1.05394,0.00133,0.00016,0.99819,0.00031
3.50000,1.05394,0.00293,0.00067,0.99571,0.00070
3.60000,1.05394,0.00335,0.00063,0.99521,0.00081
3.70000,1.05394,0.00380,0.00103,0.99454,0.00062
3.80000,1.05394,0.00250,0.00101,0.99607,0.00041
3.90000,1.05394,0.00246,0.00063,0.99642,0.00048
4.00000,1.05394,0.00188,0.00042,0.99735,0.00036
4.10000,1.05394,0.00230,0.00058,0.99670,0.00042
4.20000,1.05394,0.00291,0.00122,0.99540,0.00047
4.30000,1.05394,0.00281,0.00115,0.99569,0.00035
4.40000,1.05394,0.00148,0.00067,0.99766,0.00019
4.50000,1.05394,0.00161,0.00122,0.99695,0.00023
4.60000,1.05394,0.00168,0.00204,0.99603,0.00024
4.70000,1.05394,0.00155,0.00154,0.99666,0.00025
4.80000,1.05394,0.00249,0.00329,0.99380,0.00042
4.90000,1.05394,0.00262,0.00440,0.99244,0.00054
5.00000,1.05394,0.00196,0.00555,0.99211,0.00038
5.10000,1.05394,0.00115,0.00188,0.99679,0.00018
5.20000,1.05394,0.00150,0.00195,0.99630,0.00026
5.30000,1.05394,0.00117,0.00100,0.99758,0.00025
5.40000,1.05394,0.00107,0.00058,0.99820,0.00015
5.50000,1.05394,0.00095,0.00033,0.99853,0.00019
5.60000,1.05394,0.00057,0.00011,0.99923,0.00008
5.70000,1.05394,0.00080,0.00016,0.99891,0.00014
5.80000,1.05394,0.00060,0.00007,0.99926,0.00007
5.90000,1.05394,0.00083,0.00007,0.99898,0.00012
6.00000,1.05394,0.00045,0.00003,0.99946,0.00006
6.10000,1.05394,0.00093,0.00006,0.99886,0.00014
6.20000,1.05394,0.00085,0.00007,0.99896,0.00012
6.30000,1.05394,0.00117,0.00008,0.99859,0.00016
6.40000,1.05394,0.00086,0.00009,0.99893,0.00012
6.50000,1.05394,0.00190,0.00020,0.99763,0.00028
6.60000,1.05394,0.00145,0.00014,0.99821,0.00021
6.70000,1.05394,0.00261,0.00018,0.99686,0.00035
6.80000,1.05394,0.00287,0.00043,0.99636,0.00034
6.90000,1.05394,0.00413,0.00089,0.99429,0.00069
7.00000,1.05394,0.00490,0.00245,0.99158,0.00106
7.10000,1.05394,0.00508,0.00171,0.99225,0.00096
7.20000,1.05394,0.00573,0.00336,0.98972,0.00118
7.30000,1.05394,0.00866,0.00432,0.98545,0.00158
7.40000,1.05394,0.00468,0.00498,0.98890,0.00144
7.50000,1.05394,0.00530,0.00381,0.98952,0.00137
7.60000,1.05394,0.00305,0.00210,0.99412,0.00074
7.70000,1.05394,0.00270,0.00166,0.99486,0.00077
7.80000,1.05394,0.00208,0.00185,0.99531,0.00076
7.90000,1.05394,0.00153,0.00066,0.99745,0.00035
8.00000,1.05394,0.00141,0.00081,0.99740,0.00038
8.10000,1.05394,0.00144,0.00058,0.99757,0.00041
8.20000,1.05394,0.00123,0.00059,0.99789,0.00029
8.30000,1.05394,0.00135,0.00090,0.99741,0.00034
8.40000,1.05394,0.00188,0.00152,0.99596,0.00063
8.50000,1.05394,0.00293,0.00289,0.99308,0.00110
8.60000,1.05394,0.00237,0.00305,0.99380,0.00078
8.70000,1.05394,0.00274,0.00279,0.99371,0.00076
8.80000,1.05394,0.00203,0.00227,0.99507,0.00064
8.90000,1.05394,0.00335,0.00323,0.99250,0.00093
9.00000,1.05394,0.00305,0.00314,0.99295,0.00086
9.10000,1.05394,0.00598,0.01099,0.98166,0.00137
9.20000,1.05394,0.00418,0.00834,0.98635,0.00113
9.30000,1.05394,0.00607,0.01192,0.98042,0.00158
9.40000,1.05394,0.00337,0.00621,0.98945,0.00097
9.50000,1.05394,0.00416,0.00447,0.99051,0.00086
9.60000,1.05394,0.00280,0.00303,0.99354,0.00064
9.70000,1.05394,0.00343,0.00339,0.99249,0.00069
9.80000,1.05394,0.00281,0.00211,0.99449,0.00059
9.90000,1.05394,0.00254,0.00114,0.99589,0.00043
10.00000,1.05394,0.00161,0.00065,0.99727,0.00047
10.10000,1.05394,0.00160,0.00034,0.99770,0.00035
10.20000,1.05394,0.00157,0.00019,0.99797,0.00027
10.30000,1.05394,0.00126,0.00018,0.99842,0.00014
10.40000,1.05394,0.00094,0.00011,0.99883,0.00012
10.50000,1.05394,0.00103,0.00018,0.99862,0.00017
10.60000,1.05394,0.00092,0.00009,0.99884,0.00015
10.70000,1.05394,0.00089,0.00014,0.99878,0.00019
10.80000,1.05394,0.00084,0.00011,0.99894,0.00011
10.90000,1.05394,0.00134,0.00029,0.99806,0.00031
11.00000,1.05394,0.00138,0.00025,0.99818,0.00018
11.10000,1.05394,0.00176,0.00054,0.99741,0.00029
11.20000,1.05394,0.00180,0.00093,0.99699,0.00027
11.30000,1.05394,0.00338,0.00216,0.99354,0.00092
11.40000,1.05394,0.00258,0.00169,0.99525,0.00049
11.50000,1.05394,0.00280,0.00290,0.99353,0.00077
11.60000,1.05394,0.00235,0.00175,0.99544,0.00046
11.70000,1.05394,0.00285,0.00218,0.99433,0.00064
11.80000,1.05394,0.00180,0.00084,0.99705,0.00030
11.90000,1.05394,0.00201,0.00073,0.99679,0.00047
12.00000,1.05394,0.00210,0.00049,0.99705,0.00036
12.10000,1.05394,0.00217,0.00037,0.99692,0.00054
12.20000,1.05394,0.00219,0.00040,0.99712,0.00029
12.30000,1.05394,0.00380,0.00072,0.99459,0.00090
12.40000,1.05394,0.00329,0.00059,0.99562,0.00050
12.50000,1.05394,0.00524,0.00078,0.99327,0.00071
12.60000,1.05394,0.00278,0.00036,0.99646,0.00040
12.70000,1.05394,0.00496,0.00173,0.99213,0.00118
12.80000,1.05394,0.00374,0.00085,0.99456,0.00085
12.90000,1.05394,0.00421,0.00156,0.99298,0.00125
13.00000,1.05394,0.00261,0.00060,0.99620,0.00058
13.10000,1.05394,0.00210,0.00078,0.99648,0.00064
13.20000,1.05394,0.00265,0.00066,0.99616,0.00053
13.30000,1.05394,0.00212,0.00091,0.99618,0.00080
13.40000,1.05394,0.00300,0.00118,0.99470,0.00112
13.50000,1.05394,0.00166,0.00083,0.99673,0.00078
13.60000,1.05394,0.00230,0.00076,0.99618,0.00076
13.70000,1.05394,0.00218,0.00046,0.99668,0.00069
13.80000,1.05394,0.00148,0.00029,0.99786,0.00037
13.90000,1.05394,0.00181,0.00053,0.99722,0.00043
14.00000,1.05394,0.00141,0.00030,0.99797,0.00031
14.10000,1.05394,0.00151,0.00036,0.99780,0.00033
14.20000,1.05394,0.00112,0.00013,0.99862,0.00012
14.30000,1.05394,0.00085,0.00015,0.99886,0.00014
14.40000,1.05394,0.00129,0.00011,0.99846,0.00014
14.50000,1.05394,0.00074,0.00011,0.99903,0.00012
14.60000,1.05394,0.00095,0.00015,0.99878,0.00013
14.70000,1.05394,0.00060,0.00015,0.99911,0.00014
14.80000,1.05394,0.00088,0.00013,0.99881,0.00018
14.90000,1.05394,0.00048,0.00009,0.99929,0.00013
15.00000,1.05394,0.00070,0.00009,0.99905,0.00016
15.10000,1.05394,0.00061,0.00011,0.99909,0.00020
15.20000,1.05394,0.00089,0.00009,0.99885,0.00018
15.30000,1.05394,0.00069,0.00010,0.99904,0.00017
15.40000,1.05394,0.00072,0.00006,0.99910,0.00012
15.50000,1.05394,0.00045,0.00004,0.99943,0.00008
15.60000,1.05394,0.00048,0.00003,0.99942,0.00007
15.70000,1.05394,0.00049,0.00003,0.99942,0.00006
15.80000,1.05394,0.00047,0.00002,0.99947,0.00005
15.90000,1.05394,0.00044,0.00003,0.99948,0.00005
16.00000,1.05394,0.00051,0.00004,0.99938,0.00007
16.10000,1.05394,0.00053,0.00010,0.99929,0.00008
16.20000,1.05394,0.00054,0.00011,0.99923,0.00011
16.30000,1.05394,0.00066,0.00031,0.99892,0.00012
16.40000,1.05394,0.00156,0.00085,0.99730,0.00029
16.50000,1.05394,0.00144,0.00100,0.99732,0.00024
16.60000,1.05394,0.00176,0.00128,0.99660,0.00036
16.70000,1.05394,0.00153,0.00142,0.99676,0.00029
16.80000,1.05394,0.00160,0.00152,0.99660,0.00027
16.90000,1.05394,0.00182,0.00146,0.99645,0.00028
17.00000,1.05394,0.00203,0.00102,0.99670,0.00026
17.10000,1.05394,0.00134,0.00061,0.99787,0.00018
17.20000,1.05394,0.00132,0.00032,0.99821,0.00016
17.30000,1.05394,0.00092,0.00013,0.99885,0.00010
17.40000,1.05394,0.00068,0.00010,0.99914,0.00008
17.50000,1.05394,0.00065,0.00007,0.99921,0.00007
17.60000,1.05394,0.00048,0.00007,0.99941,0.00004
17.70000,1.05394,0.00053,0.00007,0.99935,0.00006
17.80000,1.05394,0.00048,0.00006,0.99941,0.00006
17.90000,1.05394,0.00055,0.00006,0.99929,0.00009
18.00000,1.05394,0.00044,0.00006,0.99942,0.00008
18.10000,1.05394,0.00053,0.00007,0.99924,0.00015
18.20000,1.05394,0.00050,0.00008,0.99930,0.00012
18.30000,1.05394,0.00056,0.00012,0.99911,0.00021
18.40000,1.05394,0.00097,0.00047,0.99818,0.00037
18.50000,1.05394,0.00107,0.00031,0.99811,0.00052
18.60000,1.05394,0.00078,0.00015,0.99877,0.00030
18.70000,1.05394,0.00111,0.00019,0.99818,0.00052
18.80000,1.05394,0.00065,0.00010,0.99909,0.00017
18.90000,1.05394,0.00049,0.00010,0.99930,0.00012
19.00000,1.05394,0.00056,0.00010,0.99923,0.00010
19.10000,1.05394,0.00049,0.00011,0.99931,0.00009
19.20000,1.05394,0.00043,0.00015,0.99937,0.00005
19.30000,1.05394,0.00042,0.00007,0.99946,0.00004
19.40000,1.05394,0.00048,0.00008,0.99940,0.00005
19.50000,1.05394,0.00051,0.00011,0.99932,0.00006
19.60000,1.05394,0.00065,0.00016,0.99912,0.00006
19.70000,1.05394,0.00080,0.00017,0.99896,0.00008
19.80000,1.05394,0.00092,0.00023,0.99872,0.00013
19.90000,1.05394,0.00125,0.00022,0.99829,0.00024
20.00000,1.05394,0.00118,0.00024,0.99836,0.00022
20.10000,1.05394,0.00108,0.00011,0.99858,0.00022
20.20000,1.05394,0.00083,0.00004,0.99900,0.00013
20.30000,1.05394,0.00085,0.00008,0.99889,0.00017
20.40000,1.05394,0.00102,0.00007,0.99876,0.00015
20.50000,1.05394,0.00076,0.00006,0.99903,0.00015
20.60000,1.05394,0.00061,0.00003,0.99924,0.00012
20.70000,1.05394,0.00058,0.00006,0.99924,0.00012
20.80000,1.05394,0.00045,0.00003,0.99945,0.00006
20.90000,1.05394,0.00045,0.00006,0.99943,0.00006
21.00000,1.05394,0.00062,0.00004,0.99926,0.00008
21.10000,1.05394,0.00058,0.00008,0.99925,0.00009
21.20000,1.05394,0.00075,0.00006,0.99905,0.00014
21.30000,1.05394,0.00071,0.00011,0.99904,0.00014
21.40000,1.05394,0.00084,0.00014,0.99890,0.00012
21.50000,1.05394,0.00126,0.00032,0.99821,0.00021
21.60000,1.05394,0.00151,0.00029,0.99799,0.00021
21.70000,1.05394,0.00138,0.00014,0.99831,0.00018
21.80000,1.05394,0.00144,0.00009,0.99831,0.00016
21.90000,1.05394,0.00097,0.00007,0.99885,0.00011
22.00000,1.05394,0.00076,0.00008,0.99909,0.00007
22.10000,1.05394,0.00046,0.00003,0.99946,0.00005
22.20000,1.05394,0.00040,0.00003,0.99955,0.00003
22.30000,1.05394,0.00047,0.00003,0.99947,0.00004
22.40000,1.05394,0.00033,0.00001,0.99964,0.00002
22.50000,1.05394,0.00019,0.00001,0.99979,0.00001
22.60000,1.05394,0.00025,0.00001,0.99972,0.00002
22.70000,1.05394,0.00043,0.00003,0.99948,0.00005
22.80000,1.05394,0.00071,0.00006,0.99915,0.00008
22.90000,1.05394,0.00067,0.00006,0.99916,0.00010
23.00000,1.05394,0.00114,0.00009,0.99859,0.00018
23.10000,1.05394,0.00162,0.00010,0.99803,0.00025
23.20000,1.05394,0.00136,0.00008,0.99832,0.00025
23.30000,1.05394,0.00156,0.00015,0.99803,0.00027
23.40000,1.05394,0.00269,0.00031,0.99664,0.00036
23.50000,1.05394,0.00240,0.00040,0.99678,0.00042
23.60000,1.05394,0.00190,0.00037,0.99747,0.00026
23.70000,1.05394,0.00157,0.00020,0.99802,0.00021
23.80000,1.05394,0.00128,0.00020,0.99837,0.00015
23.90000,1.05394,0.00111,0.00008,0.99873,0.00009
24.00000,1.05394,0.00115,0.00015,0.99858,0.00012
24.10000,1.05394,0.00094,0.00016,0.99878,0.00012
24.20000,1.05394,0.00076,0.00007,0.99909,0.00008
24.30000,1.05394,0.00057,0.00005,0.99932,0.00007
24.40000,1.05394,0.00081,0.00004,0.99903,0.00012
24.50000,1.05394,0.00075,0.00004,0.99911,0.00010
24.60000,1.05394,0.00086,0.00005,0.99901,0.00008
24.70000,1.05394,0.00174,0.00007,0.99805,0.00015
24.80000,1.05394,0.00210,0.00006,0.99773,0.00011
24.90000,1.05394,0.00213,0.00006,0.99761,0.00019
25.00000,1.05394,0.00146,0.00006,0.99838,0.00009
25.10000,1.05394,0.00348,0.00018,0.99601,0.00034
25.20000,1.05394,0.00266,0.00037,0.99672,0.00025
25.30000,1.05394,0.00368,0.00057,0.99529,0.00046
25.40000,1.05394,0.00395,0.00071,0.99500,0.00033
25.50000,1.05394,0.00345,0.00083,0.99524,0.00048
25.60000,1.05394,0.00128,0.00027,0.99829,0.00016
25.70000,1.05394,0.00138,0.00038,0.99799,0.00025
25.80000,1.05394,0.00123,0.00029,0.99831,0.00017
25.90000,1.05394,0.00209,0.00054,0.99701,0.00036
26.00000,1.05394,0.00183,0.00045,0.99750,0.00022
26.10000,1.05394,0.00203,0.00045,0.99725,0.00027
26.20000,1.05394,0.00118,0.00022,0.99843,0.00018
26.30000,1.05394,0.00280,0.00071,0.99587,0.00063
26.40000,1.05394,0.00264,0.00097,0.99586,0.00053
26.50000,1.05394,0.00739,0.00710,0.98327,0.00225
26.60000,1.05394,0.00677,0.00628,0.98465,0.00231
26.70000,1.05394,0.01346,0.01518,0.96707,0.00429
26.80000,1.05394,0.00757,0.01243,0.97652,0.00349
26.90000,1.05394,0.01357,0.01918,0.96165,0.00561
27.00000,1.05394,0.00576,0.02177,0.96909,0.00338
27.10000,1.05394,0.00899,0.02010,0.96764,0.00327
27.20000,1.05394,0.00708,0.00834,0.98243,0.00216
27.30000,1.05394,0.00607,0.00467,0.98779,0.00146
27.40000,1.05394,0.00268,0.00105,0.99551,0.00076
27.50000,1.05394,0.00200,0.00089,0.99647,0.00064
27.60000,1.05394,0.00132,0.00057,0.99772,0.00038
27.70000,1.05394,0.00097,0.00049,0.99827,0.00027
27.80000,1.05394,0.00090,0.00030,0.99857,0.00022
27.90000,1.05394,0.00058,0.00022,0.99907,0.00013
28.00000,1.05394,0.00071,0.00023,0.99891,0.00015
28.10000,1.05394,0.00057,0.00010,0.99921,0.00012
28.20000,1.05394,0.00039,0.00011,0.99943,0.00006
28.30000,1.05394,0.00042,0.00011,0.99939,0.00008
28.40000,1.05394,0.00049,0.00008,0.99936,0.00007
28.50000,1.05394,0.00038,0.00008,0.99947,0.00007
28.60000,1.05394,0.00049,0.00012,0.99929,0.00009
28.70000,1.05394,0.00038,0.00007,0.99947,0.00008
28.80000,1.05394,0.00040,0.00007,0.99946,0.00007
28.90000,1.05394,0.00027,0.00005,0.99961,0.00007
29.00000,1.05394,0.00039,0.00006,0.99947,0.00008
29.10000,1.05394,0.00055,0.00006,0.99927,0.00012
29.20000,1.05394,0.00063,0.00006,0.99918,0.00014
29.30000,1.05394,0.00072,0.00009,0.99905,0.00014
29.40000,1.05394,0.00098,0.00012,0.99867,0.00023
29.50000,1.05394,0.00086,0.00015,0.99880,0.00019
29.60000,1.05394,0.00137,0.00030,0.99807,0.00027
29.70000,1.05394,0.00152,0.00051,0.99763,0.00033
29.80000,1.05394,0.00204,0.00118,0.99630,0.00048
29.90000,1.05394,0.00151,0.00174,0.99631,0.00045
30.00000,1.05394,0.00204,0.00498,0.99216,0.00083
30.10000,1.05394,0.00249,0.00633,0.99014,0.00104
30.20000,1.05394,0.00205,0.00691,0.98999,0.00105
30.30000,1.05394,0.00226,0.00777,0.98901,0.00096
30.40000,1.05394,0.00261,0.00672,0.98952,0.00115
30.50000,1.05394,0.00293,0.00472,0.99046,0.00189
30.60000,1.05394,0.00326,0.00434,0.99004,0.00236
30.70000,1.05394,0.00249,0.00219,0.99425,0.00107
30.80000,1.05394,0.00248,0.00125,0.99496,0.00131
30.90000,1.05394,0.00235,0.00065,0.99588,0.00113
31.00000,1.05394,0.00176,0.00051,0.99698,0.00075
31.10000,1.05394,0.00179,0.00044,0.99719,0.00058
31.20000,1.05394,0.00164,0.00032,0.99740,0.00064
31.30000,1.05394,0.00117,0.00027,0.99830,0.00027
31.40000,1.05394,0.00087,0.00024,0.99867,0.00022
31.50000,1.05394,0.00073,0.00017,0.99893,0.00017
31.60000,1.05394,0.00078,0.00021,0.99888,0.00012
31.70000,1.05394,0.00054,0.00018,0.99920,0.00008
31.80000,1.05394,0.00039,0.00010,0.99946,0.00005
31.90000,1.05394,0.00041,0.00009,0.99946,0.00004
32.00000,1.05394,0.00057,0.00017,0.99917,0.00010
32.10000,1.05394,0.00041,0.00007,0.99944,0.00008
32.20000,1.05394,0.00039,0.00011,0.99944,0.00006
32.30000,1.05394,0.00042,0.00010,0.99942,0.00006
32.40000,1.05394,0.00044,0.00017,0.99933,0.00007
32.50000,1.05394,0.00032,0.00006,0.99956,0.00005
32.60000,1.05394,0.00030,0.00007,0.99955,0.00008
32.70000,1.05394,0.00060,0.00015,0.99913,0.00012
32.80000,1.05394,0.00061,0.00023,0.99900,0.00015
32.90000,1.05394,0.00051,0.00034,0.99903,0.00012
33.00000,1.05394,0.00058,0.00022,0.99910,0.00010
33.10000,1.05394,0.00050,0.00034,0.99904,0.00013
33.20000,1.05394,0.00043,0.00017,0.99932,0.00008
33.30000,1.05394,0.00036,0.00015,0.99942,0.00007
33.40000,1.05394,0.00059,0.00022,0.99909,0.00009
33.50000,1.05394,0.00034,0.00020,0.99941,0.00005
33.60000,1.05394,0.00038,0.00011,0.99946,0.00005
33.70000,1.05394,0.00024,0.00005,0.99969,0.00002
33.80000,1.05394,0.00031,0.00007,0.99960,0.00003
33.90000,1.05394,0.00047,0.00010,0.99938,0.00004
34.00000,1.05394,0.00045,0.00010,0.99941,0.00004
34.10000,1.05394,0.00047,0.00012,0.99936,0.00005
34.20000,1.05394,0.00047,0.00015,0.99932,0.00006
34.30000,1.05394,0.00057,0.00011,0.99923,0.00009
34.40000,1.05394,0.00054,0.00016,0.99921,0.00009
34.50000,1.05394,0.00084,0.00022,0.99883,0.00011
34.60000,1.05394,0.00068,0.00034,0.99890,0.00009
34.70000,1.05394,0.00085,0.00038,0.99860,0.00017
34.80000,1.05394,0.00070,0.00054,0.99862,0.00015
34.90000,1.05394,0.00095,0.00054,0.99833,0.00018
35.00000,1.05394,0.00060,0.00022,0.99908,0.00009
35.10000,1.05394,0.00091,0.00032,0.99860,0.00017
35.20000,1.05394,0.00046,0.00012,0.99935,0.00007
35.30000,1.05394,0.00035,0.00008,0.99952,0.00005
35.40000,1.05394,0.00048,0.00009,0.99933,0.00010
35.50000,1.05394,0.00035,0.00005,0.99952,0.00008
35.60000,1.05394,0.00041,0.00005,0.99941,0.00013
35.70000,1.05394,0.00028,0.00004,0.99963,0.00005
35.80000,1.05394,0.00048,0.00006,0.99933,0.00014
35.90000,1.05394,0.00043,0.00008,0.99939,0.00010
36.00000,1.05394,0.00079,0.00018,0.99881,0.00022
36.10000,1.05394,0.00082,0.00053,0.99842,0.00022
36.20000,1.05394,0.00131,0.00098,0.99719,0.00052
36.30000,1.05394,0.00243,0.00168,0.99529,0.00061
36.40000,1.05394,0.00182,0.00136,0.99623,0.00059
36.50000,1.05394,0.00149,0.00070,0.99752,0.00028
36.60000,1.05394,0.00116,0.00049,0.99814,0.00021
36.70000,1.05394,0.00133,0.00043,0.99803,0.00020
36.80000,1.05394,0.00139,0.00044,0.99792,0.00024
36.90000,1.05394,0.00115,0.00028,0.99843,0.00014
37.00000,1.05394,0.00053,0.00015,0.99925,0.00007
37.10000,1.05394,0.00053,0.00016,0.99925,0.00006
37.20000,1.05394,0.00053,0.00010,0.99932,0.00005
37.30000,1.05394,0.00067,0.00014,0.99913,0.00006
37.40000,1.05394,0.00079,0.00015,0.99901,0.00005
37.50000,1.05394,0.00085,0.00017,0.99889,0.00009
37.60000,1.05394,0.00075,0.00037,0.99880,0.00008
37.70000,1.05394,0.00094,0.00034,0.99859,0.00012
37.80000,1.05394,0.00123,0.00055,0.99807,0.00015
37.90000,1.05394,0.00177,0.00099,0.99695,0.00030
38.00000,1.05394,0.00170,0.00077,0.99720,0.00033
38.10000,1.05394,0.00135,0.00026,0.99814,0.00025
38.20000,1.05394,0.00110,0.00024,0.99839,0.00027
38.30000,1.05394,0.00118,0.00019,0.99839,0.00024
38.40000,1.05394,0.00070,0.00020,0.99895,0.00015
38.50000,1.05394,0.00086,0.00020,0.99872,0.00022
38.60000,1.05394,0.00072,0.00018,0.99889,0.00021
38.70000,1.05394,0.00073,0.00009,0.99903,0.00015
38.80000,1.05394,0.00052,0.00007,0.99930,0.00011
38.90000,1.05394,0.00123,0.00016,0.99837,0.00024
39.00000,1.05394,0.00134,0.00023,0.99819,0.00023
39.10000,1.05394,0.00359,0.00082,0.99486,0.00072
39.20000,1.05394,0.00320,0.00038,0.99604,0.00038
39.30000,1.05394,0.00583,0.00091,0.99228,0.00098
39.40000,1.05394,0.00409,0.00033,0.99494,0.00063
39.50000,1.05394,0.00326,0.00035,0.99591,0.00048
39.60000,1.05394,0.00241,0.00015,0.99717,0.00027
39.70000,1.05394,0.00189,0.00011,0.99776,0.00023
39.80000,1.05394,0.00154,0.00008,0.99819,0.00019
39.90000,1.05394,0.00094,0.00008,0.99886,0.00012
40.00000,1.05394,0.00074,0.00004,0.99911,0.00011
40.10000,1.05394,0.00047,0.00002,0.99943,0.00007
40.20000,1.05394,0.00040,0.00003,0.99952,0.00006
40.30000,1.05394,0.00038,0.00003,0.99955,0.00004
40.40000,1.05394,0.00066,0.00006,0.99918,0.00010
40.50000,1.05394,0.00052,0.00005,0.99932,0.00012
40.60000,1.05394,0.00076,0.00006,0.99904,0.00015
40.70000,1.05394,0.00084,0.00004,0.99900,0.00012
40.80000,1.05394,0.00127,0.00007,0.99842,0.00023
40.90000,1.05394,0.00111,0.00005,0.99865,0.00018
41.00000,1.05394,0.00175,0.00008,0.99787,0.00030
41.10000,1.05394,0.00199,0.00015,0.99749,0.00037
41.20000,1.05394,0.00172,0.00017,0.99778,0.00033
41.30000,1.05394,0.00181,0.00012,0.99783,0.00024
41.40000,1.05394,0.00220,0.00019,0.99740,0.00020
41.50000,1.05394,0.00186,0.00019,0.99773,0.00022
41.60000,1.05394,0.00164,0.00019,0.99795,0.00021
41.70000,1.05394,0.00100,0.00010,0.99876,0.00014
41.80000,1.05394,0.00084,0.00005,0.99900,0.00011
41.90000,1.05394,0.00071,0.00006,0.99914,0.00008
42.00000,1.05394,0.00070,0.00009,0.99912,0.00009
42.10000,1.05394,0.00059,0.00005,0.99931,0.00006
42.20000,1.05394,0.00064,0.00004,0.99923,0.00009
42.30000,1.05394,0.00052,0.00005,0.99936,0.00007
42.40000,1.05394,0.00043,0.00003,0.99950,0.00005
42.50000,1.05394,0.00056,0.00005,0.99932,0.00008
42.60000,1.05394,0.00055,0.00005,0.99931,0.00009
42.70000,1.05394,0.00048,0.00006,0.99940,0.00007
42.80000,1.05394,0.00045,0.00004,0.99945,0.00006
42.90000,1.05394,0.00049,0.00005,0.99938,0.00008
43.00000,1.05394,0.00054,0.00005,0.99933,0.00008
43.10000,1.05394,0.00059,0.00008,0.99922,0.00011
43.20000,1.05394,0.00051,0.00005,0.99935,0.00009
43.30000,1.05394,0.00102,0.00008,0.99874,0.00016
43.40000,1.05394,0.00106,0.00008,0.99871,0.00015
43.50000,1.05394,0.00111,0.00006,0.99870,0.00012
43.60000,1.05394,0.00140,0.00018,0.99823,0.00018
43.70000,1.05394,0.00198,0.00013,0.99766,0.00023
43.80000,1.05394,0.00153,0.00016,0.99815,0.00016
43.90000,1.05394,0.00149,0.00009,0.99827,0.00015
44.00000,1.05394,0.00127,0.00023,0.99835,0.00015
44.10000,1.05394,0.00205,0.00017,0.99759,0.00019
44.20000,1.05394,0.00103,0.00014,0.99870,0.00013
44.30000,1.05394,0.00070,0.00005,0.99920,0.00005
44.40000,1.05394,0.00039,0.00005,0.99954,0.00003
44.50000,1.05394,0.00084,0.00003,0.99906,0.00006
44.60000,1.05394,0.00065,0.00004,0.99926,0.00005
44.70000,1.05394,0.00066,0.00003,0.99927,0.00005
44.80000,1.05394,0.00040,0.00002,0.99955,0.00003
44.90000,1.05394,0.00064,0.00002,0.99929,0.00005
45.00000,1.05394,0.00051,0.00002,0.99943,0.00005
45.10000,1.05394,0.00088,0.00006,0.99899,0.00008
45.20000,1.05394,0.00106,0.00007,0.99872,0.00015
45.30000,1.05394,0.00140,0.00017,0.99824,0.00019
45.40000,1.05394,0.00133,0.00021,0.99818,0.00029
45.50000,1.05394,0.00071,0.00007,0.99913,0.00010
45.60000,1.05394,0.00044,0.00008,0.99941,0.00008
45.70000,1.05394,0.00082,0.00015,0.99893,0.00010
45.80000,1.05394,0.00076,0.00016,0.99893,0.00015
45.90000,1.05394,0.00087,0.00017,0.99884,0.00012
46.00000,1.05394,0.00071,0.00015,0.99902,0.00013
46.10000,1.05394,0.00066,0.00008,0.99916,0.00010
46.20000,1.05394,0.00046,0.00008,0.99940,0.00007
46.30000,1.05394,0.00050,0.00009,0.99934,0.00007
46.40000,1.05394,0.00081,0.00022,0.99883,0.00014
46.50000,1.05394,0.00088,0.00026,0.99873,0.00013
46.60000,1.05394,0.00074,0.00019,0.99896,0.00011
46.70000,1.05394,0.00066,0.00027,0.99899,0.00009
46.80000,1.05394,0.00072,0.00025,0.99892,0.00011
46.90000,1.05394,0.00077,0.00042,0.99864,0.00017
47.00000,1.05394,0.00108,0.00042,0.99828,0.00022
47.10000,1.05394,0.00093,0.00058,0.99830,0.00019
47.20000,1.05394,0.00174,0.00061,0.99729,0.00036
47.30000,1.05394,0.00106,0.00039,0.99826,0.00029
47.40000,1.05394,0.00121,0.00030,0.99820,0.00030
47.50000,1.05394,0.00121,0.00042,0.99799,0.00038
47.60000,1.05394,0.00143,0.00039,0.99779,0.00039
47.70000,1.05394,0.00154,0.00034,0.99781,0.00032
47.80000,1.05394,0.00125,0.00017,0.99830,0.00029
47.90000,1.05394,0.00132,0.00016,0.99828,0.00023
48.00000,1.05394,0.00112,0.00014,0.99856,0.00017
48.10000,1.05394,0.00127,0.00026,0.99823,0.00024
48.20000,1.05394,0.00081,0.00008,0.99899,0.00012
48.30000,1.05394,0.00135,0.00018,0.99828,0.00020
48.40000,1.05394,0.00073,0.00005,0.99908,0.00013
48.50000,1.05394,0.00104,0.00009,0.99866,0.00021
48.60000,1.05394,0.00087,0.00006,0.99890,0.00017
48.70000,1.05394,0.00113,0.00010,0.99847,0.00030
48.80000,1.05394,0.00102,0.00010,0.99869,0.00019
48.90000,1.05394,0.00106,0.00007,0.99866,0.00022
49.00000,1.05394,0.00104,0.00008,0.99868,0.00020
49.10000,1.05394,0.00133,0.00007,0.99831,0.00028
49.20000,1.05394,0.00131,0.00012,0.99827,0.00029
49.30000,1.05394,0.00151,0.00015,0.99804,0.00030
49.40000,1.05394,0.00120,0.00012,0.99847,0.00021
49.50000,1.05394,0.00103,0.00006,0.99877,0.00015
49.60000,1.05394,0.00086,0.00005,0.99890,0.00019
49.70000,1.05394,0.00101,0.00005,0.99879,0.00016
49.80000,1.05394,0.00106,0.00004,0.99867,0.00023
49.90000,1.05394,0.00047,0.00002,0.99944,0.00007
50.00000,1.05394,0.00038,0.00002,0.99956,0.00005
50.10000,1.05394,0.00034,0.00003,0.99958,0.00005
50.20000,1.05394,0.00044,0.00002,0.99947,0.00006
50.30000,1.05394,0.00049,0.00002,0.99942,0.00007
50.40000,1.05394,0.00058,0.00004,0.99931,0.00007
50.50000,1.05394,0.00036,0.00002,0.99957,0.00005
50.60000,1.05394,0.00046,0.00004,0.99943,0.00007
50.70000,1.05394,0.00050,0.00004,0.99939,0.00007
50.80000,1.05394,0.00118,0.00017,0.99846,0.00019
50.90000,1.05394,0.00092,0.00012,0.99876,0.00020
51.00000,1.05394,0.00119,0.00014,0.99843,0.00025
51.10000,1.05394,0.00131,0.00010,0.99836,0.00024
51.20000,1.05394,0.00075,0.00014,0.99897,0.00015
51.30000,1.05394,0.00093,0.00012,0.99881,0.00014
51.40000,1.05394,0.00071,0.00014,0.99904,0.00011
51.50000,1.05394,0.00091,0.00014,0.99880,0.00015
51.60000,1.05394,0.00087,0.00023,0.99873,0.00016
51.70000,1.05394,0.00101,0.00029,0.99850,0.00019
51.80000,1.05394,0.00070,0.00020,0.99900,0.00010
51.90000,1.05394,0.00073,0.00021,0.99898,0.00008
52.00000,1.05394,0.00078,0.00021,0.99892,0.00008
52.10000,1.05394,0.00062,0.00018,0.99912,0.00007
52.20000,1.05394,0.00093,0.00023,0.99875,0.00009
52.30000,1.05394,0.00068,0.00014,0.99910,0.00009
52.40000,1.05394,0.00089,0.00028,0.99872,0.00010
52.50000,1.05394,0.00069,0.00017,0.99907,0.00007
52.60000,1.05394,0.00078,0.00018,0.99895,0.00009
52.70000,1.05394,0.00074,0.00012,0.99904,0.00011
52.80000,1.05394,0.00082,0.00010,0.99894,0.00014
52.90000,1.05394,0.00087,0.00010,0.99887,0.00016
53.00000,1.05394,0.00139,0.00014,0.99819,0.00028
53.10000,1.05394,0.00076,0.00008,0.99901,0.00014
53.20000,1.05394,0.00134,0.00016,0.99825,0.00026
53.30000,1.05394,0.00141,0.00016,0.99821,0.00022
53.40000,1.05394,0.00188,0.00030,0.99744,0.00038
53.50000,1.05394,0.00163,0.00032,0.99783,0.00022
53.60000,1.05394,0.00188,0.00018,0.99771,0.00023
53.70000,1.05394,0.00111,0.00025,0.99842,0.00021
53.80000,1.05394,0.00201,0.00066,0.99696,0.00037
53.90000,1.05394,0.00157,0.00065,0.99755,0.00023
54.00000,1.05394,0.00167,0.00046,0.99750,0.00036
54.10000,1.05394,0.00131,0.00035,0.99811,0.00023
54.20000,1.05394,0.00110,0.00023,0.99837,0.00030
54.30000,1.05394,0.00061,0.00010,0.99915,0.00014
54.40000,1.05394,0.00056,0.00011,0.99916,0.00016
54.50000,1.05394,0.00075,0.00015,0.99894,0.00016
54.60000,1.05394,0.00050,0.00010,0.99926,0.00014
54.70000,1.05394,0.00073,0.00010,0.99900,0.00017
54.80000,1.05394,0.00050,0.00006,0.99932,0.00012
54.90000,1.05394,0.00096,0.00015,0.99864,0.00026
55.00000,1.05394,0.00045,0.00004,0.99938,0.00012
55.10000,1.05394,0.00082,0.00008,0.99890,0.00020
55.20000,1.05394,0.00040,0.00006,0.99945,0.00009
55.30000,1.05394,0.00069,0.00008,0.99900,0.00023
55.40000,1.05394,0.00055,0.00007,0.99922,0.00016
55.50000,1.05394,0.00075,0.00009,0.99891,0.00025
55.60000,1.05394,0.00053,0.00005,0.99927,0.00015
55.70000,1.05394,0.00050,0.00003,0.99932,0.00015
55.80000,1.05394,0.00025,0.00002,0.99965,0.00008
55.90000,1.05394,0.00038,0.00005,0.99947,0.00011
56.00000,1.05394,0.00042,0.00005,0.99940,0.00013
56.10000,1.05394,0.00046,0.00007,0.99930,0.00017
56.20000,1.05394,0.00057,0.00011,0.99918,0.00015
56.30000,1.05394,0.00065,0.00012,0.99908,0.00015
56.40000,1.05394,0.00088,0.00016,0.99878,0.00019
56.50000,1.05394,0.00067,0.00014,0.99903,0.00016
56.60000,1.05394,0.00094,0.00018,0.99867,0.00022
56.70000,1.05394,0.00084,0.00009,0.99887,0.00020
56.80000,1.05394,0.00085,0.00010,0.99886,0.00018
56.90000,1.05394,0.00072,0.00008,0.99905,0.00015
57.00000,1.05394,0.00056,0.00007,0.99926,0.00011
57.10000,1.05394,0.00049,0.00003,0.99941,0.00008
57.20000,1.05394,0.00033,0.00003,0.99957,0.00007
57.30000,1.05394,0.00032,0.00003,0.99957,0.00008
57.40000,1.05394,0.00027,0.00003,0.99964,0.00006
57.50000,1.05394,0.00035,0.00003,0.99955,0.00007
57.60000,1.05394,0.00046,0.00009,0.99938,0.00007
57.70000,1.05394,0.00028,0.00003,0.99963,0.00006
57.80000,1.05394,0.00031,0.00005,0.99959,0.00005
57.90000,1.05394,0.00033,0.00005,0.99956,0.00006
58.00000,1.05394,0.00023,0.00004,0.99968,0.00004
58.10000,1.05394,0.00025,0.00003,0.99968,0.00004
58.20000,1.05394,0.00018,0.00002,0.99977,0.00003
58.30000,1.05394,0.00020,0.00003,0.99974,0.00003
58.40000,1.05394,0.00029,0.00006,0.99960,0.00005
58.50000,1.05394,0.00038,0.00014,0.99943,0.00005
58.60000,1.05394,0.00041,0.00013,0.99939,0.00007
58.70000,1.05394,0.00039,0.00014,0.99939,0.00008
58.80000,1.05394,0.00052,0.00023,0.99912,0.00013
58.90000,1.05394,0.00069,0.00038,0.99879,0.00014
59.00000,1.05394,0.00112,0.00051,0.99816,0.00022
59.10000,1.05394,0.00106,0.00068,0.99798,0.00028
59.20000,1.05394,0.00110,0.00060,0.99803,0.00027
59.30000,1.05394,0.00133,0.00082,0.99747,0.00038
59.40000,1.05394,0.00099,0.00035,0.99841,0.00025
59.50000,1.05394,0.00158,0.00099,0.99683,0.00060
59.60000,1.05394,0.00091,0.00046,0.99834,0.00028
59.70000,1.05394,0.00229,0.00207,0.99495,0.00069
59.80000,1.05394,0.00106,0.00035,0.99833,0.00026
59.90000,1.05394,0.00138,0.00054,0.99769,0.00039
60.00000,1.05394,0.00078,0.00030,0.99872,0.00020
60.10000,1.05394,0.00100,0.00037,0.99832,0.00031
60.20000,1.05394,0.00091,0.00026,0.99857,0.00026
60.30000,1.05394,0.00092,0.00012,0.99873,0.00023
60.40000,1.05394,0.00056,0.00010,0.99920,0.00014
60.50000,1.05394,0.00065,0.00012,0.99902,0.00021
60.60000,1.05394,0.00046,0.00007,0.99932,0.00015
60.70000,1.05394,0.00052,0.00013,0.99920,0.00014
60.80000,1.05394,0.00067,0.00017,0.99895,0.00021
60.90000,1.05394,0.00084,0.00032,0.99863,0.00021
61.00000,1.05394,0.00080,0.00047,0.99844,0.00030
61.10000,1.05394,0.00128,0.00082,0.99763,0.00027
61.20000,1.05394,0.00110,0.00124,0.99725,0.00041
61.30000,1.05394,0.00117,0.00174,0.99680,0.00029
61.40000,1.05394,0.00121,0.00210,0.99627,0.00042
61.50000,1.05394,0.00126,0.00236,0.99602,0.00036
61.60000,1.05394,0.00151,0.00273,0.99522,0.00055
61.70000,1.05394,0.00109,0.00174,0.99675,0.00042
61.80000,1.05394,0.00106,0.00179,0.99654,0.00061
61.90000,1.05394,0.00123,0.00192,0.99631,0.00053
62.00000,1.05394,0.00129,0.00111,0.99703,0.00057
62.10000,1.05394,0.00092,0.00148,0.99703,0.00057
62.20000,1.05394,0.00084,0.00071,0.99792,0.00053
62.30000,1.05394,0.00081,0.00059,0.99791,0.00068
62.40000,1.05394,0.00058,0.00032,0.99873,0.00037
62.50000,1.05394,0.00058,0.00045,0.99848,0.00048
62.60000,1.05394,0.00073,0.00068,0.99815,0.00044
62.70000,1.05394,0.00061,0.00066,0.99847,0.00027
62.80000,1.05394,0.00069,0.00088,0.99815,0.00029
