Time (seconds), Duration (seconds),pred_(unlabeled),pred_brushing_teeth,pred_hair_drying,pred_showering,pred_air,pred_plastic,pred_plastic_out,pred_wood,pred_wood_out
0.00000,1.02194,0.99872,0.00000,0.00000,0.00029,0.00001,0.00000,0.00021,0.00000,0.00076
0.14000,1.02194,0.99813,0.00000,0.00000,0.00006,0.00001,0.00000,0.00066,0.00000,0.00113
0.28000,1.02194,0.99522,0.00001,0.00001,0.00052,0.00001,0.00000,0.00224,0.00000,0.00198
0.42000,1.02194,0.99289,0.00003,0.00003,0.00011,0.00008,0.00001,0.00498,0.00013,0.00173
0.56000,1.02194,0.97206,0.00024,0.00006,0.00010,0.00012,0.00019,0.02130,0.00191,0.00404
0.70000,1.02194,0.94668,0.00044,0.00028,0.00038,0.00010,0.00177,0.03219,0.01515,0.00300
0.84000,1.02194,0.00759,0.00034,0.00382,0.00001,0.00006,0.42017,0.00006,0.56796,0.00000
0.98000,1.02194,0.00740,0.00029,0.00344,0.00001,0.00004,0.40781,0.00005,0.58095,0.00000
1.12000,1.02194,0.00767,0.00023,0.00294,0.00000,0.00003,0.37915,0.00005,0.60993,0.00000
1.26000,1.02194,0.00861,0.00024,0.00347,0.00000,0.00002,0.38881,0.00006,0.59878,0.00000
1.40000,1.02194,0.01067,0.00037,0.00651,0.00001,0.00002,0.43360,0.00007,0.54874,0.00000
1.54000,1.02194,0.01241,0.00050,0.01009,0.00001,0.00002,0.46147,0.00008,0.51543,0.00000
1.68000,1.02194,0.01315,0.00058,0.01264,0.00001,0.00002,0.47827,0.00009,0.49524,0.00000
1.82000,1.02194,0.01411,0.00065,0.01544,0.00001,0.00002,0.48842,0.00009,0.48126,0.00000
1.96000,1.02194,0.01466,0.00067,0.01617,0.00001,0.00002,0.49229,0.00009,0.47609,0.00000
2.10000,1.02194,0.01417,0.00066,0.01618,0.00001,0.00002,0.49064,0.00009,0.47823,0.00000
2.24000,1.02194,0.01356,0.00058,0.01324,0.00001,0.00002,0.47519,0.00008,0.49732,0.00000
2.38000,1.02194,0.01324,0.00048,0.01121,0.00000,0.00001,0.46416,0.00008,0.51082,0.00000
2.52000,1.02194,0.05413,0.00156,0.02128,0.00002,0.00004,0.43699,0.00056,0.48539,0.00001
2.66000,1.02194,0.66185,0.01420,0.02665,0.00037,0.00013,0.09147,0.01082,0.19422,0.00030
2.80000,1.02194,0.96641,0.00905,0.00118,0.00015,0.00004,0.00093,0.01659,0.00468,0.00097
2.94000,1.02194,0.98673,0.00607,0.00030,0.00019,0.00001,0.00002,0.00539,0.00015,0.00114
3.08000,1.02194,0.99404,0.00186,0.00006,0.00029,0.00000,0.00000,0.00259,0.00000,0.00115
3.22000,1.02194,0.99289,0.00414,0.00009,0.00069,0.00001,0.00000,0.00086,0.00000,0.00132
3.36000,1.02194,0.99080,0.00154,0.00002,0.00220,0.00001,0.00000,0.00159,0.00000,0.00383
3.50000,1.02194,0.99363,0.00057,0.00004,0.00206,0.00001,0.00000,0.00155,0.00000,0.00215
3.64000,1.02194,0.99470,0.00017,0.00001,0.00032,0.00000,0.00000,0.00222,0.00000,0.00258
3.78000,1.02194,0.98467,0.00005,0.00000,0.00021,0.00001,0.00000,0.01003,0.00000,0.00503
3.92000,1.02194,0.96066,0.00002,0.00000,0.00014,0.00000,0.00000,0.02508,0.00000,0.01410
4.06000,1.02194,0.87322,0.00001,0.00000,0.00008,0.00000,0.00000,0.08279,0.00000,0.04389
4.20000,1.02194,0.93055,0.00019,0.00000,0.00014,0.00006,0.00000,0.05131,0.00006,0.01768
4.34000,1.02194,0.93736,0.00068,0.00004,0.00075,0.00056,0.00009,0.04207,0.00067,0.01778
4.48000,1.02194,0.92316,0.00052,0.00002,0.00081,0.00082,0.00002,0.03844,0.00010,0.03610
4.62000,1.02194,0.96636,0.00066,0.00000,0.00016,0.00009,0.00000,0.01446,0.00001,0.01825
4.76000,1.02194,0.91302,0.00014,0.00000,0.00058,0.00002,0.00000,0.03618,0.00000,0.05004
4.90000,1.02194,0.94558,0.01663,0.00125,0.01115,0.00279,0.00130,0.00812,0.00463,0.00855
5.04000,1.02194,0.99214,0.00023,0.00000,0.00100,0.00002,0.00000,0.00312,0.00000,0.00348
5.18000,1.02194,0.99746,0.00009,0.00001,0.00051,0.00006,0.00000,0.00061,0.00000,0.00126
5.32000,1.02194,0.99619,0.00006,0.00002,0.00317,0.00004,0.00000,0.00016,0.00000,0.00036
5.46000,1.02194,0.99773,0.00001,0.00000,0.00202,0.00000,0.00000,0.00007,0.00000,0.00016
5.60000,1.02194,0.99811,0.00001,0.00000,0.00177,0.00000,0.00000,0.00003,0.00000,0.00007
5.74000,1.02194,0.99731,0.00001,0.00001,0.00257,0.00000,0.00000,0.00003,0.00000,0.00007
5.88000,1.02194,0.99359,0.00031,0.00004,0.00592,0.00001,0.00000,0.00002,0.00000,0.00010
6.02000,1.02194,0.99252,0.00034,0.00002,0.00619,0.00003,0.00000,0.00021,0.00000,0.00069
6.16000,1.02194,0.99498,0.00084,0.00003,0.00209,0.00007,0.00000,0.00076,0.00001,0.00122
6.30000,1.02194,0.99264,0.00245,0.00006,0.00055,0.00010,0.00001,0.00185,0.00005,0.00230
6.44000,1.02194,0.98647,0.00128,0.00015,0.00047,0.00028,0.00005,0.00654,0.00030,0.00446
6.58000,1.02194,0.97525,0.00318,0.00133,0.00019,0.00073,0.00116,0.01062,0.00317,0.00438
6.72000,1.02194,0.92229,0.00494,0.00937,0.00041,0.00079,0.01276,0.01464,0.03180,0.00299
6.86000,1.02194,0.01143,0.00123,0.01754,0.00003,0.00022,0.55919,0.00011,0.41023,0.00001
7.00000,1.02194,0.01110,0.00103,0.01502,0.00002,0.00015,0.53740,0.00010,0.43517,0.00001
7.14000,1.02194,0.00988,0.00068,0.00943,0.00001,0.00009,0.49760,0.00008,0.48222,0.00001
7.28000,1.02194,0.00848,0.00041,0.00534,0.00001,0.00005,0.43325,0.00006,0.55239,0.00000
7.42000,1.02194,0.00685,0.00023,0.00261,0.00001,0.00003,0.36875,0.00005,0.62146,0.00000
7.56000,1.02194,0.00567,0.00014,0.00129,0.00000,0.00002,0.30342,0.00004,0.68942,0.00000
7.70000,1.02194,0.00429,0.00006,0.00047,0.00000,0.00001,0.22656,0.00002,0.76859,0.00000
7.84000,1.02194,0.00360,0.00004,0.00024,0.00000,0.00001,0.17954,0.00002,0.81655,0.00000
7.98000,1.02194,0.89515,0.00036,0.00014,0.00009,0.00006,0.00580,0.01558,0.08164,0.00118
8.12000,1.02194,0.97509,0.00045,0.00004,0.00004,0.00006,0.00075,0.01137,0.01031,0.00189
8.26000,1.02194,0.99107,0.00018,0.00001,0.00007,0.00003,0.00003,0.00609,0.00071,0.00181
8.40000,1.02194,0.99716,0.00001,0.00000,0.00011,0.00000,0.00000,0.00176,0.00001,0.00094
8.54000,1.02194,0.99897,0.00001,0.00000,0.00006,0.00000,0.00000,0.00034,0.00000,0.00061
8.68000,1.02194,0.99793,0.00002,0.00001,0.00020,0.00008,0.00000,0.00046,0.00000,0.00129
8.82000,1.02194,0.99814,0.00001,0.00001,0.00016,0.00002,0.00000,0.00040,0.00000,0.00125
8.96000,1.02194,0.99685,0.00002,0.00001,0.00012,0.00003,0.00000,0.00093,0.00000,0.00204
9.10000,1.02194,0.99077,0.00009,0.00005,0.00043,0.00007,0.00000,0.00357,0.00003,0.00498
9.24000,1.02194,0.97461,0.00039,0.00073,0.00026,0.00198,0.00206,0.00637,0.00852,0.00508
9.38000,1.02194,0.81276,0.00201,0.00216,0.00084,0.00190,0.02010,0.01085,0.14345,0.00593
9.52000,1.02194,0.00496,0.00017,0.00070,0.00001,0.00019,0.24906,0.00004,0.74485,0.00001
9.66000,1.02194,0.00401,0.00006,0.00022,0.00000,0.00006,0.16613,0.00003,0.82949,0.00001
9.80000,1.02194,0.00362,0.00005,0.00018,0.00000,0.00004,0.15947,0.00002,0.83660,0.00000
9.94000,1.02194,0.00325,0.00003,0.00012,0.00000,0.00003,0.13604,0.00002,0.86051,0.00000
10.08000,1.02194,0.00312,0.00003,0.00011,0.00000,0.00002,0.12785,0.00002,0.86886,0.00000
10.22000,1.02194,0.00300,0.00002,0.00008,0.00000,0.00001,0.11654,0.00002,0.88032,0.00000
10.36000,1.02194,0.00292,0.00002,0.00007,0.00000,0.00001,0.10886,0.00001,0.88810,0.00000
10.50000,1.02194,0.00330,0.00003,0.00012,0.00000,0.00002,0.14074,0.00002,0.85578,0.00000
10.64000,1.02194,0.01697,0.00017,0.00050,0.00001,0.00007,0.17446,0.00017,0.80763,0.00002
10.78000,1.02194,0.84062,0.00638,0.00050,0.00009,0.00012,0.00988,0.00746,0.13370,0.00125
10.92000,1.02194,0.96673,0.00620,0.00013,0.00034,0.00009,0.00075,0.01173,0.01117,0.00286
11.06000,1.02194,0.97344,0.00091,0.00000,0.00065,0.00002,0.00000,0.02144,0.00010,0.00345
11.20000,1.02194,0.97518,0.00122,0.00000,0.00062,0.00001,0.00000,0.01780,0.00001,0.00517
11.34000,1.02194,0.97785,0.00374,0.00000,0.00352,0.00001,0.00000,0.00859,0.00000,0.00628
11.48000,1.02194,0.98547,0.00065,0.00000,0.00721,0.00001,0.00000,0.00307,0.00000,0.00360
11.62000,1.02194,0.98195,0.00008,0.00000,0.00398,0.00000,0.00000,0.00701,0.00000,0.00698
11.76000,1.02194,0.98420,0.00001,0.00000,0.00069,0.00000,0.00000,0.00851,0.00000,0.00659
11.90000,1.02194,0.98557,0.00020,0.00000,0.00072,0.00010,0.00000,0.00618,0.00002,0.00721
12.04000,1.02194,0.98329,0.00014,0.00001,0.00362,0.00012,0.00001,0.00756,0.00019,0.00506
12.18000,1.02194,0.97556,0.00022,0.00003,0.00035,0.00039,0.00038,0.01422,0.00361,0.00524
12.32000,1.02194,0.91964,0.00049,0.00023,0.00017,0.00040,0.00510,0.01460,0.05558,0.00378
12.46000,1.02194,0.01161,0.00017,0.00054,0.00002,0.00014,0.20897,0.00011,0.77843,0.00002
12.60000,1.02194,0.10351,0.00093,0.00154,0.00020,0.00047,0.16714,0.00149,0.72443,0.00029
12.74000,1.02194,0.94328,0.00137,0.00021,0.00059,0.00025,0.00188,0.02614,0.02096,0.00531
12.88000,1.02194,0.94949,0.00189,0.00037,0.00377,0.00073,0.00143,0.02531,0.00986,0.00716
13.02000,1.02194,0.95999,0.00327,0.00009,0.01836,0.00020,0.00004,0.01400,0.00034,0.00371
13.16000,1.02194,0.83557,0.01338,0.00034,0.13934,0.00057,0.00006,0.00657,0.00018,0.00401
13.30000,1.02194,0.85891,0.00140,0.00002,0.13451,0.00003,0.00000,0.00304,0.00000,0.00209
13.44000,1.02194,0.95451,0.00232,0.00003,0.04175,0.00001,0.00000,0.00063,0.00000,0.00074
13.58000,1.02194,0.83766,0.00158,0.00007,0.16032,0.00000,0.00000,0.00014,0.00000,0.00023
13.72000,1.02194,0.87410,0.00162,0.00018,0.12372,0.00000,0.00000,0.00012,0.00000,0.00026
13.86000,1.02194,0.95717,0.00021,0.00004,0.04173,0.00000,0.00000,0.00017,0.00000,0.00068
14.00000,1.02194,0.98764,0.00009,0.00005,0.01152,0.00000,0.00000,0.00014,0.00000,0.00057
14.14000,1.02194,0.99326,0.00009,0.00005,0.00624,0.00000,0.00000,0.00004,0.00000,0.00032
14.28000,1.02194,0.99907,0.00009,0.00001,0.00050,0.00000,0.00000,0.00003,0.00000,0.00029
14.42000,1.02194,0.99931,0.00003,0.00001,0.00045,0.00000,0.00000,0.00001,0.00000,0.00017
14.56000,1.02194,0.99907,0.00010,0.00009,0.00065,0.00002,0.00000,0.00001,0.00000,0.00005
14.70000,1.02194,0.99941,0.00006,0.00003,0.00044,0.00002,0.00000,0.00000,0.00000,0.00004
14.84000,1.02194,0.99946,0.00022,0.00002,0.00023,0.00001,0.00000,0.00000,0.00000,0.00005
14.98000,1.02194,0.99959,0.00017,0.00002,0.00016,0.00001,0.00000,0.00000,0.00000,0.00005
15.12000,1.02194,0.99961,0.00017,0.00002,0.00014,0.00001,0.00000,0.00000,0.00000,0.00005
15.26000,1.02194,0.99955,0.00021,0.00002,0.00015,0.00001,0.00000,0.00000,0.00000,0.00005
15.40000,1.02194,0.99960,0.00019,0.00002,0.00013,0.00001,0.00000,0.00000,0.00000,0.00005
15.54000,1.02194,0.99974,0.00010,0.00001,0.00010,0.00001,0.00000,0.00000,0.00000,0.00004
