Time (seconds), Duration (seconds),pred_(unlabeled),pred_brushing_teeth,pred_hair_drying,pred_showering
0.00000,1.02194,0.99679,0.00258,0.00057,0.00006
0.14000,1.02194,0.99663,0.00271,0.00060,0.00007
0.28000,1.02194,0.99643,0.00287,0.00063,0.00007
0.42000,1.02194,0.99671,0.00264,0.00059,0.00007
0.56000,1.02194,0.99672,0.00262,0.00058,0.00007
0.70000,1.02194,0.99676,0.00260,0.00057,0.00006
0.84000,1.02194,0.99675,0.00261,0.00057,0.00006
0.98000,1.02194,0.99683,0.00254,0.00057,0.00007
1.12000,1.02194,0.99684,0.00253,0.00056,0.00006
1.26000,1.02194,0.99690,0.00247,0.00056,0.00007
1.40000,1.02194,0.99687,0.00250,0.00056,0.00007
1.54000,1.02194,0.99686,0.00251,0.00056,0.00006
1.68000,1.02194,0.99689,0.00249,0.00056,0.00007
1.82000,1.02194,0.99691,0.00248,0.00055,0.00006
1.96000,1.02194,0.99690,0.00249,0.00055,0.00006
2.10000,1.02194,0.99693,0.00246,0.00055,0.00006
2.24000,1.02194,0.99691,0.00248,0.00055,0.00006
2.38000,1.02194,0.99691,0.00248,0.00055,0.00006
2.52000,1.02194,0.99689,0.00249,0.00055,0.00006
2.66000,1.02194,0.99688,0.00250,0.00055,0.00006
2.80000,1.02194,0.99688,0.00250,0.00056,0.00006
2.94000,1.02194,0.99686,0.00252,0.00056,0.00006
3.08000,1.02194,0.99685,0.00252,0.00056,0.00006
3.22000,1.02194,0.99702,0.00206,0.00084,0.00008
3.36000,1.02194,0.98346,0.01512,0.00113,0.00030
3.50000,1.02194,0.88013,0.11851,0.00084,0.00053
3.64000,1.02194,0.56081,0.43806,0.00053,0.00059
3.78000,1.02194,0.21163,0.78777,0.00020,0.00040
3.92000,1.02194,0.05115,0.94859,0.00006,0.00020
4.06000,1.02194,0.01183,0.98800,0.00002,0.00015
4.20000,1.02194,0.00125,0.99874,0.00000,0.00001
4.34000,1.02194,0.00131,0.99868,0.00000,0.00001
4.48000,1.02194,0.00132,0.99867,0.00000,0.00001
4.62000,1.02194,0.00143,0.99856,0.00000,0.00001
4.76000,1.02194,0.00142,0.99856,0.00000,0.00001
4.90000,1.02194,0.00139,0.99859,0.00000,0.00001
5.04000,1.02194,0.00134,0.99864,0.00000,0.00001
5.18000,1.02194,0.00136,0.99863,0.00000,0.00001
5.32000,1.02194,0.00145,0.99854,0.00000,0.00001
5.46000,1.02194,0.00148,0.99851,0.00000,0.00001
5.60000,1.02194,0.00153,0.99846,0.00000,0.00001
5.74000,1.02194,0.00201,0.99797,0.00001,0.00001
5.88000,1.02194,0.00236,0.99762,0.00001,0.00002
6.02000,1.02194,0.00313,0.99683,0.00002,0.00003
6.16000,1.02194,0.00407,0.99586,0.00002,0.00005
6.30000,1.02194,0.00402,0.99592,0.00003,0.00003
6.44000,1.02194,0.00434,0.99559,0.00002,0.00005
6.58000,1.02194,0.00384,0.99609,0.00002,0.00005
6.72000,1.02194,0.00316,0.99680,0.00001,0.00002
6.86000,1.02194,0.00274,0.99723,0.00001,0.00002
7.00000,1.02194,0.00309,0.99687,0.00002,0.00002
7.14000,1.02194,0.00320,0.99676,0.00002,0.00002
7.28000,1.02194,0.00287,0.99709,0.00001,0.00002
7.42000,1.02194,0.00328,0.99667,0.00002,0.00003
7.56000,1.02194,0.00324,0.99672,0.00002,0.00003
7.70000,1.02194,0.00317,0.99679,0.00002,0.00002
7.84000,1.02194,0.00274,0.99723,0.00001,0.00002
7.98000,1.02194,0.00288,0.99709,0.00001,0.00002
8.12000,1.02194,0.00291,0.99706,0.00001,0.00002
8.26000,1.02194,0.00328,0.99667,0.00002,0.00003
8.40000,1.02194,0.00294,0.99703,0.00001,0.00003
8.54000,1.02194,0.00266,0.99731,0.00001,0.00002
8.68000,1.02194,0.00269,0.99728,0.00001,0.00002
8.82000,1.02194,0.00244,0.99753,0.00001,0.00002
8.96000,1.02194,0.00211,0.99787,0.00001,0.00001
9.10000,1.02194,0.00199,0.99799,0.00001,0.00001
9.24000,1.02194,0.00209,0.99789,0.00001,0.00002
9.38000,1.02194,0.00209,0.99789,0.00001,0.00001
9.52000,1.02194,0.00237,0.99760,0.00001,0.00002
9.66000,1.02194,0.00255,0.99742,0.00001,0.00002
9.80000,1.02194,0.00292,0.99704,0.00001,0.00002
9.94000,1.02194,0.00360,0.99635,0.00003,0.00002
10.08000,1.02194,0.00450,0.99541,0.00005,0.00004
10.22000,1.02194,0.00424,0.99569,0.00003,0.00004
10.36000,1.02194,0.00455,0.99537,0.00003,0.00004
10.50000,1.02194,0.00534,0.99455,0.00006,0.00005
10.64000,1.02194,0.00518,0.99472,0.00005,0.00005
10.78000,1.02194,0.00404,0.99590,0.00003,0.00003
10.92000,1.02194,0.00374,0.99621,0.00002,0.00003
11.06000,1.02194,0.00322,0.99674,0.00002,0.00002
11.20000,1.02194,0.00305,0.99692,0.00001,0.00002
11.34000,1.02194,0.00267,0.99730,0.00001,0.00002
11.48000,1.02194,0.00233,0.99764,0.00001,0.00002
11.62000,1.02194,0.00212,0.99786,0.00001,0.00001
11.76000,1.02194,0.00224,0.99774,0.00001,0.00001
11.90000,1.02194,0.00232,0.99766,0.00001,0.00002
12.04000,1.02194,0.00255,0.99742,0.00001,0.00002
12.18000,1.02194,0.00274,0.99722,0.00002,0.00002
12.32000,1.02194,0.00380,0.99614,0.00003,0.00003
12.46000,1.02194,0.00412,0.99581,0.00004,0.00002
12.60000,1.02194,0.00500,0.99490,0.00006,0.00004
12.74000,1.02194,0.00483,0.99509,0.00005,0.00003
12.88000,1.02194,0.00496,0.99495,0.00006,0.00003
13.02000,1.02194,0.00462,0.99531,0.00005,0.00003
13.16000,1.02194,0.00448,0.99545,0.00004,0.00003
13.30000,1.02194,0.00450,0.99543,0.00004,0.00002
13.44000,1.02194,0.00456,0.99537,0.00005,0.00002
13.58000,1.02194,0.00461,0.99532,0.00005,0.00002
13.72000,1.02194,0.00445,0.99548,0.00004,0.00003
13.86000,1.02194,0.00429,0.99565,0.00003,0.00003
14.00000,1.02194,0.00387,0.99608,0.00002,0.00003
14.14000,1.02194,0.00382,0.99613,0.00003,0.00002
14.28000,1.02194,0.00336,0.99659,0.00002,0.00002
14.42000,1.02194,0.00275,0.99722,0.00001,0.00002
14.56000,1.02194,0.00239,0.99759,0.00001,0.00002
14.70000,1.02194,0.00219,0.99779,0.00001,0.00001
14.84000,1.02194,0.00232,0.99765,0.00001,0.00001
14.98000,1.02194,0.00219,0.99779,0.00001,0.00001
15.12000,1.02194,0.00192,0.99806,0.00000,0.00001
15.26000,1.02194,0.00187,0.99812,0.00000,0.00001
15.40000,1.02194,0.00213,0.99785,0.00001,0.00001
15.54000,1.02194,0.00226,0.99771,0.00001,0.00001
15.68000,1.02194,0.00224,0.99774,0.00001,0.00002
15.82000,1.02194,0.00202,0.99796,0.00001,0.00001
15.96000,1.02194,0.00204,0.99794,0.00001,0.00001
16.10000,1.02194,0.00208,0.99790,0.00001,0.00001
16.24000,1.02194,0.00236,0.99762,0.00001,0.00002
16.38000,1.02194,0.00212,0.99786,0.00001,0.00001
16.52000,1.02194,0.00207,0.99791,0.00001,0.00001
16.66000,1.02194,0.00230,0.99768,0.00001,0.00001
16.80000,1.02194,0.00274,0.99723,0.00001,0.00002
16.94000,1.02194,0.00307,0.99689,0.00002,0.00002
17.08000,1.02194,0.00326,0.99670,0.00002,0.00003
17.22000,1.02194,0.00321,0.99676,0.00002,0.00002
17.36000,1.02194,0.00341,0.99655,0.00002,0.00002
17.50000,1.02194,0.00354,0.99641,0.00002,0.00003
17.64000,1.02194,0.00320,0.99677,0.00002,0.00002
17.78000,1.02194,0.00287,0.99710,0.00001,0.00002
17.92000,1.02194,0.00280,0.99716,0.00001,0.00002
18.06000,1.02194,0.00271,0.99726,0.00001,0.00002
18.20000,1.02194,0.00247,0.99750,0.00001,0.00001
18.34000,1.02194,0.00255,0.99742,0.00001,0.00002
18.48000,1.02194,0.00272,0.99724,0.00001,0.00002
18.62000,1.02194,0.00291,0.99706,0.00001,0.00002
18.76000,1.02194,0.00294,0.99703,0.00001,0.00002
18.90000,1.02194,0.00307,0.99690,0.00001,0.00002
19.04000,1.02194,0.00316,0.99680,0.00002,0.00002
19.18000,1.02194,0.00307,0.99689,0.00002,0.00002
19.32000,1.02194,0.00279,0.99718,0.00001,0.00002
19.46000,1.02194,0.00270,0.99727,0.00001,0.00002
19.60000,1.02194,0.00280,0.99717,0.00001,0.00002
19.74000,1.02194,0.00288,0.99709,0.00001,0.00002
19.88000,1.02194,0.00530,0.99460,0.00004,0.00007
20.02000,1.02194,0.00591,0.99394,0.00006,0.00010
20.16000,1.02194,0.00758,0.99215,0.00008,0.00019
20.30000,1.02194,0.00669,0.99313,0.00007,0.00011
20.44000,1.02194,0.00859,0.99105,0.00011,0.00025
20.58000,1.02194,0.00830,0.99141,0.00008,0.00021
20.72000,1.02194,0.00612,0.99374,0.00005,0.00009
20.86000,1.02194,0.00411,0.99584,0.00003,0.00003
21.00000,1.02194,0.00385,0.99609,0.00003,0.00003
21.14000,1.02194,0.00350,0.99645,0.00002,0.00002
21.28000,1.02194,0.00323,0.99673,0.00002,0.00003
21.42000,1.02194,0.00305,0.99692,0.00001,0.00002
21.56000,1.02194,0.00305,0.99691,0.00001,0.00002
21.70000,1.02194,0.00274,0.99723,0.00001,0.00002
21.84000,1.02194,0.00239,0.99759,0.00001,0.00002
21.98000,1.02194,0.00236,0.99761,0.00001,0.00002
22.12000,1.02194,0.00231,0.99767,0.00001,0.00002
22.26000,1.02194,0.00246,0.99751,0.00001,0.00001
22.40000,1.02194,0.00244,0.99754,0.00001,0.00001
22.54000,1.02194,0.00272,0.99725,0.00001,0.00002
22.68000,1.02194,0.00312,0.99684,0.00002,0.00002
22.82000,1.02194,0.00312,0.99684,0.00002,0.00002
22.96000,1.02194,0.00314,0.99682,0.00002,0.00002
23.10000,1.02194,0.00336,0.99659,0.00002,0.00003
23.24000,1.02194,0.00261,0.99736,0.00001,0.00002
23.38000,1.02194,0.00281,0.99715,0.00001,0.00002
23.52000,1.02194,0.00316,0.99679,0.00002,0.00003
23.66000,1.02194,0.00353,0.99641,0.00002,0.00004
23.80000,1.02194,0.00309,0.99686,0.00001,0.00003
23.94000,1.02194,0.00387,0.99606,0.00003,0.00005
24.08000,1.02194,0.00363,0.99632,0.00002,0.00003
24.22000,1.02194,0.00399,0.99595,0.00002,0.00004
24.36000,1.02194,0.00407,0.99586,0.00004,0.00003
24.50000,1.02194,0.00376,0.99617,0.00003,0.00004
24.64000,1.02194,0.00310,0.99686,0.00002,0.00002
24.78000,1.02194,0.00288,0.99709,0.00001,0.00002
24.92000,1.02194,0.00295,0.99702,0.00001,0.00002
25.06000,1.02194,0.00304,0.99692,0.00002,0.00002
25.20000,1.02194,0.00386,0.99607,0.00003,0.00003
25.34000,1.02194,0.00331,0.99665,0.00002,0.00002
25.48000,1.02194,0.00355,0.99640,0.00002,0.00003
25.62000,1.02194,0.00370,0.99624,0.00002,0.00003
25.76000,1.02194,0.00465,0.99527,0.00004,0.00005
25.90000,1.02194,0.00498,0.99491,0.00005,0.00005
26.04000,1.02194,0.00516,0.99470,0.00004,0.00010
26.18000,1.02194,0.00388,0.99605,0.00002,0.00005
26.32000,1.02194,0.00398,0.99595,0.00003,0.00004
26.46000,1.02194,0.00408,0.99585,0.00003,0.00004
26.60000,1.02194,0.00411,0.99583,0.00004,0.00003
26.74000,1.02194,0.00397,0.99597,0.00003,0.00003
26.88000,1.02194,0.00432,0.99561,0.00004,0.00003
27.02000,1.02194,0.00473,0.99519,0.00005,0.00003
27.16000,1.02194,0.00491,0.99500,0.00005,0.00003
27.30000,1.02194,0.00501,0.99490,0.00006,0.00003
27.44000,1.02194,0.00487,0.99504,0.00005,0.00004
27.58000,1.02194,0.00477,0.99514,0.00005,0.00003
27.72000,1.02194,0.00438,0.99554,0.00005,0.00003
27.86000,1.02194,0.00418,0.99575,0.00003,0.00004
28.00000,1.02194,0.00366,0.99629,0.00003,0.00003
28.14000,1.02194,0.00336,0.99659,0.00002,0.00002
28.28000,1.02194,0.00323,0.99673,0.00002,0.00002
28.42000,1.02194,0.00333,0.99662,0.00002,0.00002
28.56000,1.02194,0.00384,0.99610,0.00003,0.00003
28.70000,1.02194,0.00465,0.99526,0.00004,0.00005
28.84000,1.02194,0.00519,0.99471,0.00005,0.00005
28.98000,1.02194,0.00572,0.99417,0.00006,0.00005
29.12000,1.02194,0.00613,0.99375,0.00007,0.00005
29.26000,1.02194,0.00718,0.99267,0.00009,0.00006
29.40000,1.02194,0.00723,0.99261,0.00011,0.00006
29.54000,1.02194,0.00709,0.99276,0.00010,0.00005
29.68000,1.02194,0.00740,0.99242,0.00013,0.00005
29.82000,1.02194,0.00719,0.99266,0.00010,0.00006
29.96000,1.02194,0.00580,0.99409,0.00007,0.00004
30.10000,1.02194,0.00500,0.99493,0.00004,0.00004
30.24000,1.02194,0.00401,0.99594,0.00003,0.00003
30.38000,1.02194,0.00352,0.99644,0.00002,0.00002
30.52000,1.02194,0.00276,0.99721,0.00001,0.00002
30.66000,1.02194,0.00269,0.99728,0.00001,0.00002
30.80000,1.02194,0.00272,0.99725,0.00001,0.00002
30.94000,1.02194,0.00307,0.99689,0.00001,0.00002
31.08000,1.02194,0.00342,0.99654,0.00002,0.00002
31.22000,1.02194,0.00328,0.99668,0.00002,0.00002
31.36000,1.02194,0.00346,0.99650,0.00002,0.00002
31.50000,1.02194,0.00337,0.99660,0.00002,0.00002
31.64000,1.02194,0.00304,0.99693,0.00002,0.00002
31.78000,1.02194,0.00299,0.99698,0.00001,0.00002
31.92000,1.02194,0.00306,0.99691,0.00001,0.00002
32.06000,1.02193,0.00274,0.99723,0.00001,0.00002
32.20000,1.02194,0.00278,0.99719,0.00001,0.00001
32.34000,1.02194,0.00264,0.99734,0.00001,0.00001
32.48000,1.02194,0.00289,0.99708,0.00001,0.00002
32.62000,1.02194,0.00268,0.99729,0.00001,0.00001
32.76000,1.02194,0.00255,0.99743,0.00001,0.00001
32.90000,1.02193,0.00251,0.99746,0.00001,0.00002
33.04000,1.02194,0.00252,0.99745,0.00001,0.00002
33.18000,1.02194,0.00242,0.99756,0.00001,0.00002
33.32000,1.02194,0.00255,0.99743,0.00001,0.00002
33.46000,1.02194,0.00268,0.99729,0.00001,0.00002
33.60000,1.02194,0.00304,0.99693,0.00001,0.00002
33.74000,1.02193,0.00355,0.99641,0.00002,0.00002
33.88000,1.02194,0.00379,0.99617,0.00002,0.00002
34.02000,1.02194,0.00389,0.99607,0.00002,0.00002
34.16000,1.02194,0.00428,0.99567,0.00003,0.00002
34.30000,1.02194,0.00404,0.99592,0.00002,0.00002
34.44000,1.02194,0.00407,0.99588,0.00003,0.00002
34.58000,1.02193,0.00372,0.99624,0.00002,0.00002
34.72000,1.02193,0.00343,0.99653,0.00002,0.00002
34.86000,1.02194,0.00333,0.99664,0.00002,0.00002
35.00000,1.02194,0.00319,0.99678,0.00002,0.00002
35.14000,1.02194,0.00309,0.99688,0.00001,0.00002
35.28000,1.02194,0.00294,0.99704,0.00001,0.00002
35.42000,1.02194,0.00299,0.99698,0.00001,0.00002
35.56000,1.02193,0.00292,0.99705,0.00001,0.00002
35.70000,1.02194,0.00312,0.99685,0.00002,0.00002
35.84000,1.02194,0.00327,0.99670,0.00002,0.00002
35.98000,1.02194,0.00325,0.99672,0.00001,0.00002
36.12000,1.02194,0.00460,0.99532,0.00005,0.00003
36.26000,1.02194,0.00477,0.99516,0.00003,0.00004
36.40000,1.02193,0.00388,0.99607,0.00002,0.00003
36.54000,1.02194,0.00403,0.99592,0.00002,0.00003
36.68000,1.02194,0.00361,0.99634,0.00002,0.00003
36.82000,1.02194,0.00339,0.99658,0.00002,0.00002
36.96000,1.02194,0.00280,0.99717,0.00001,0.00002
37.10000,1.02194,0.00266,0.99732,0.00001,0.00002
37.24000,1.02193,0.00260,0.99738,0.00001,0.00001
37.38000,1.02194,0.00240,0.99758,0.00001,0.00001
37.52000,1.02194,0.00233,0.99765,0.00001,0.00001
37.66000,1.02194,0.00249,0.99749,0.00001,0.00001
37.80000,1.02194,0.00282,0.99716,0.00001,0.00001
37.94000,1.02194,0.00303,0.99694,0.00001,0.00002
38.08000,1.02193,0.00354,0.99642,0.00002,0.00002
38.22000,1.02193,0.00373,0.99623,0.00002,0.00002
38.36000,1.02194,0.00363,0.99633,0.00002,0.00002
38.50000,1.02194,0.00403,0.99592,0.00003,0.00002
38.64000,1.02194,0.00363,0.99633,0.00002,0.00002
38.78000,1.02194,0.00360,0.99636,0.00002,0.00002
38.92000,1.02194,0.00318,0.99679,0.00001,0.00002
39.06000,1.02193,0.00282,0.99716,0.00001,0.00002
39.20000,1.02194,0.00278,0.99719,0.00001,0.00002
39.34000,1.02194,0.00277,0.99720,0.00001,0.00002
39.48000,1.02194,0.00268,0.99730,0.00001,0.00002
39.62000,1.02194,0.00245,0.99753,0.00001,0.00001
39.76000,1.02194,0.00262,0.99736,0.00001,0.00002
39.90000,1.02193,0.00268,0.99730,0.00001,0.00002
40.04000,1.02194,0.00263,0.99734,0.00001,0.00002
40.18000,1.02194,0.00273,0.99724,0.00001,0.00002
40.32000,1.02194,0.00271,0.99727,0.00001,0.00001
40.46000,1.02194,0.00285,0.99713,0.00001,0.00001
40.60000,1.02194,0.00324,0.99672,0.00002,0.00002
40.74000,1.02193,0.00332,0.99665,0.00002,0.00002
40.88000,1.02194,0.00325,0.99672,0.00002,0.00002
41.02000,1.02194,0.00339,0.99656,0.00002,0.00002
41.16000,1.02194,0.00293,0.99704,0.00001,0.00002
41.30000,1.02194,0.00285,0.99712,0.00001,0.00002
41.44000,1.02194,0.00274,0.99723,0.00001,0.00002
41.58000,1.02193,0.00235,0.99763,0.00001,0.00001
41.72000,1.02193,0.00219,0.99780,0.00001,0.00001
41.86000,1.02194,0.00216,0.99782,0.00001,0.00001
42.00000,1.02194,0.00217,0.99781,0.00001,0.00002
42.14000,1.02194,0.00205,0.99793,0.00001,0.00001
42.28000,1.02194,0.00212,0.99786,0.00001,0.00001
42.42000,1.02194,0.00207,0.99791,0.00001,0.00001
42.56000,1.02193,0.00214,0.99784,0.00001,0.00001
42.70000,1.02194,0.00212,0.99787,0.00001,0.00001
42.84000,1.02194,0.00222,0.99776,0.00001,0.00002
42.98000,1.02194,0.00223,0.99775,0.00001,0.00001
43.12000,1.02194,0.00403,0.99589,0.00002,0.00006
43.26000,1.02194,0.00621,0.99357,0.00004,0.00018
43.40000,1.02193,0.00501,0.99484,0.00002,0.00014
43.54000,1.02194,0.00680,0.99288,0.00003,0.00029
43.68000,1.02194,0.00772,0.99192,0.00005,0.00030
43.82000,1.02194,0.00716,0.99258,0.00005,0.00022
43.96000,1.02194,0.00449,0.99542,0.00003,0.00005
44.10000,1.02194,0.00430,0.99563,0.00003,0.00003
44.24000,1.02193,0.00490,0.99502,0.00005,0.00004
44.38000,1.02194,0.00401,0.99593,0.00003,0.00003
44.52000,1.02194,0.00382,0.99613,0.00003,0.00003
44.66000,1.02194,0.00338,0.99658,0.00002,0.00002
44.80000,1.02194,0.00338,0.99658,0.00002,0.00002
44.94000,1.02194,0.00320,0.99676,0.00002,0.00002
45.08000,1.02193,0.00280,0.99717,0.00001,0.00002
45.22000,1.02193,0.00285,0.99711,0.00001,0.00002
45.36000,1.02194,0.00292,0.99705,0.00001,0.00002
45.50000,1.02194,0.00258,0.99740,0.00001,0.00002
45.64000,1.02194,0.00280,0.99717,0.00001,0.00002
45.78000,1.02194,0.00273,0.99724,0.00001,0.00002
45.92000,1.02194,0.00302,0.99694,0.00002,0.00002
46.06000,1.02193,0.00265,0.99732,0.00001,0.00002
46.20000,1.02194,0.00265,0.99732,0.00001,0.00002
46.34000,1.02194,0.00269,0.99729,0.00001,0.00002
46.48000,1.02194,0.00252,0.99746,0.00001,0.00002
46.62000,1.02194,0.00248,0.99750,0.00001,0.00001
46.76000,1.02194,0.00252,0.99745,0.00001,0.00002
46.90000,1.02193,0.00282,0.99715,0.00001,0.00002
47.04000,1.02194,0.00315,0.99681,0.00002,0.00002
47.18000,1.02194,0.00344,0.99652,0.00002,0.00002
47.32000,1.02194,0.00357,0.99638,0.00002,0.00002
47.46000,1.02194,0.00386,0.99609,0.00002,0.00002
47.60000,1.02194,0.00448,0.99544,0.00004,0.00003
47.74000,1.02193,0.00497,0.99494,0.00005,0.00004
47.88000,1.02194,0.00493,0.99499,0.00005,0.00003
48.02000,1.02194,0.00558,0.99432,0.00006,0.00004
48.16000,1.02194,0.00631,0.99356,0.00009,0.00004
48.30000,1.02194,0.02183,0.97648,0.00149,0.00020
48.44000,1.02194,0.01996,0.97799,0.00170,0.00035
48.58000,1.02193,0.01792,0.98088,0.00093,0.00027
48.72000,1.02193,0.01642,0.98268,0.00066,0.00023
48.86000,1.02194,0.01654,0.98278,0.00043,0.00024
49.00000,1.02194,0.03455,0.96299,0.00170,0.00076
49.14000,1.02194,0.01532,0.98383,0.00038,0.00047
49.28000,1.02194,0.01089,0.98857,0.00008,0.00045
49.42000,1.02194,0.00983,0.98964,0.00008,0.00045
49.56000,1.02193,0.01254,0.98659,0.00009,0.00078
49.70000,1.02194,0.01087,0.98854,0.00008,0.00051
49.84000,1.02194,0.00734,0.99245,0.00005,0.00016
49.98000,1.02194,0.00394,0.99599,0.00002,0.00004
50.12000,1.02194,0.00402,0.99592,0.00003,0.00003
50.26000,1.02194,0.00366,0.99629,0.00002,0.00003
50.40000,1.02193,0.00331,0.99665,0.00002,0.00002
50.54000,1.02194,0.00304,0.99692,0.00001,0.00002
50.68000,1.02194,0.00329,0.99667,0.00002,0.00002
50.82000,1.02194,0.00319,0.99677,0.00002,0.00002
50.96000,1.02194,0.00296,0.99701,0.00001,0.00002
51.10000,1.02194,0.00298,0.99699,0.00001,0.00002
51.24000,1.02193,0.00302,0.99695,0.00002,0.00002
51.38000,1.02194,0.00337,0.99659,0.00002,0.00002
51.52000,1.02194,0.00334,0.99663,0.00002,0.00002
51.66000,1.02194,0.00364,0.99632,0.00002,0.00002
51.80000,1.02194,0.00419,0.99575,0.00004,0.00002
51.94000,1.02194,0.00422,0.99572,0.00003,0.00003
52.08000,1.02193,0.00386,0.99610,0.00002,0.00002
52.22000,1.02193,0.00408,0.99587,0.00003,0.00002
52.36000,1.02194,0.00499,0.99493,0.00004,0.00004
52.50000,1.02194,0.00528,0.99462,0.00006,0.00004
52.64000,1.02194,0.00461,0.99531,0.00004,0.00003
52.78000,1.02194,0.00450,0.99543,0.00004,0.00003
52.92000,1.02194,0.00451,0.99542,0.00004,0.00003
53.06000,1.02193,0.00392,0.99603,0.00003,0.00002
53.20000,1.02194,0.00354,0.99641,0.00002,0.00002
53.34000,1.02194,0.00366,0.99629,0.00003,0.00002
53.48000,1.02194,0.00358,0.99637,0.00002,0.00002
53.62000,1.02194,0.00319,0.99677,0.00002,0.00002
53.76000,1.02194,0.00299,0.99698,0.00001,0.00002
53.90000,1.02193,0.00306,0.99691,0.00002,0.00002
54.04000,1.02194,0.00287,0.99710,0.00001,0.00002
54.18000,1.02194,0.00296,0.99700,0.00002,0.00002
54.32000,1.02194,0.00317,0.99679,0.00002,0.00002
54.46000,1.02194,0.00337,0.99659,0.00002,0.00002
54.60000,1.02194,0.00372,0.99624,0.00003,0.00002
54.74000,1.02193,0.00367,0.99628,0.00002,0.00003
54.88000,1.02194,0.00637,0.99348,0.00010,0.00005
55.02000,1.02194,0.00663,0.99320,0.00008,0.00009
55.16000,1.02194,0.00568,0.99420,0.00005,0.00008
55.30000,1.02194,0.00501,0.99488,0.00003,0.00007
55.44000,1.02194,0.00565,0.99422,0.00004,0.00009
55.58000,1.02193,0.00697,0.99282,0.00010,0.00011
55.72000,1.02193,0.00434,0.99559,0.00004,0.00003
55.86000,1.02194,0.00656,0.99328,0.00008,0.00008
56.00000,1.02194,0.00761,0.99216,0.00011,0.00013
56.14000,1.02194,0.00712,0.99269,0.00008,0.00012
56.28000,1.02194,0.00782,0.99197,0.00010,0.00011
56.42000,1.02194,0.00819,0.99158,0.00013,0.00010
56.56000,1.02193,0.00922,0.99045,0.00022,0.00011
56.70000,1.02194,0.00771,0.99207,0.00014,0.00008
56.84000,1.02194,0.00577,0.99413,0.00006,0.00004
56.98000,1.02194,0.00560,0.99430,0.00007,0.00003
57.12000,1.02194,0.00602,0.99386,0.00009,0.00003
57.26000,1.02194,0.00529,0.99460,0.00007,0.00003
57.40000,1.02193,0.00472,0.99521,0.00004,0.00003
57.54000,1.02194,0.00400,0.99595,0.00003,0.00003
57.68000,1.02194,0.00553,0.99437,0.00003,0.00007
57.82000,1.02194,0.00607,0.99378,0.00005,0.00009
57.96000,1.02194,0.00442,0.99549,0.00002,0.00007
58.10000,1.02194,0.00492,0.99495,0.00002,0.00010
58.24000,1.02193,0.00516,0.99471,0.00002,0.00011
58.38000,1.02194,0.00489,0.99499,0.00002,0.00010
58.52000,1.02194,0.00361,0.99633,0.00002,0.00004
58.66000,1.02194,0.00311,0.99686,0.00001,0.00002
58.80000,1.02194,0.00335,0.99661,0.00002,0.00002
58.94000,1.02194,0.00333,0.99663,0.00001,0.00003
59.08000,1.02193,0.00344,0.99651,0.00002,0.00003
59.22000,1.02193,0.00376,0.99619,0.00002,0.00003
59.36000,1.02194,0.00389,0.99606,0.00002,0.00003
59.50000,1.02194,0.00386,0.99609,0.00002,0.00003
59.64000,1.02194,0.00434,0.99558,0.00003,0.00004
59.78000,1.02194,0.00482,0.99511,0.00005,0.00003
59.92000,1.02194,0.00527,0.99464,0.00005,0.00004
60.06000,1.02193,0.00507,0.99486,0.00003,0.00004
60.20000,1.02194,0.00621,0.99368,0.00006,0.00006
60.34000,1.02194,0.00957,0.99013,0.00012,0.00018
60.48000,1.02194,0.00995,0.98969,0.00012,0.00025
60.62000,1.02194,0.00896,0.99069,0.00007,0.00028
60.76000,1.02194,0.00793,0.99176,0.00005,0.00026
60.90000,1.02193,0.00792,0.99179,0.00004,0.00025
61.04000,1.02194,0.00761,0.99212,0.00005,0.00021
61.18000,1.02194,0.00693,0.99287,0.00006,0.00014
61.32000,1.02194,0.00576,0.99409,0.00004,0.00011
61.46000,1.02194,0.00463,0.99527,0.00002,0.00008
61.60000,1.02194,0.00449,0.99541,0.00002,0.00008
61.74000,1.02193,0.00393,0.99599,0.00002,0.00006
61.88000,1.02194,0.00417,0.99575,0.00002,0.00006
62.02000,1.02194,0.00307,0.99689,0.00001,0.00003
62.16000,1.02194,0.00265,0.99732,0.00001,0.00002
62.30000,1.02194,0.00258,0.99740,0.00001,0.00002
62.44000,1.02194,0.00242,0.99755,0.00001,0.00002
62.58000,1.02193,0.00231,0.99766,0.00001,0.00002
62.72000,1.02193,0.00233,0.99765,0.00001,0.00001
62.86000,1.02194,0.00227,0.99770,0.00001,0.00002
63.00000,1.02193,0.00248,0.99750,0.00001,0.00001
63.14000,1.02193,0.00269,0.99728,0.00001,0.00001
63.28000,1.02194,0.00310,0.99687,0.00002,0.00002
63.42000,1.02194,0.00330,0.99666,0.00002,0.00002
63.56000,1.02194,0.00358,0.99638,0.00002,0.00002
63.70000,1.02194,0.00346,0.99650,0.00002,0.00002
63.84000,1.02194,0.00364,0.99631,0.00002,0.00002
63.98000,1.02194,0.00369,0.99626,0.00002,0.00003
64.12000,1.02193,0.00340,0.99655,0.00002,0.00002
64.26000,1.02193,0.00320,0.99677,0.00002,0.00002
64.40000,1.02193,0.00350,0.99646,0.00002,0.00002
64.54000,1.02193,0.00357,0.99638,0.00003,0.00002
64.68000,1.02193,0.00360,0.99636,0.00002,0.00003
64.82000,1.02193,0.00336,0.99660,0.00002,0.00002
64.96000,1.02194,0.00358,0.99638,0.00002,0.00002
65.10000,1.02194,0.00428,0.99566,0.00004,0.00003
65.24000,1.02194,0.00396,0.99599,0.00003,0.00002
65.38000,1.02194,0.00362,0.99633,0.00002,0.00002
65.52000,1.02194,0.00363,0.99632,0.00003,0.00002
65.66000,1.02193,0.00352,0.99644,0.00002,0.00002
65.80000,1.02193,0.00341,0.99655,0.00002,0.00002
65.94000,1.02193,0.00322,0.99674,0.00002,0.00002
66.08000,1.02193,0.00313,0.99683,0.00002,0.00002
66.22000,1.02193,0.00303,0.99693,0.00002,0.00002
66.36000,1.02193,0.00295,0.99702,0.00001,0.00002
66.50000,1.02193,0.00296,0.99701,0.00002,0.00002
66.64000,1.02193,0.00284,0.99713,0.00001,0.00002
66.78000,1.02194,0.00277,0.99721,0.00001,0.00002
66.92000,1.02194,0.00299,0.99697,0.00002,0.00002
67.06000,1.02194,0.00338,0.99658,0.00002,0.00002
67.20000,1.02194,0.00373,0.99622,0.00003,0.00002
67.34000,1.02194,0.00384,0.99611,0.00002,0.00002
67.48000,1.02193,0.00413,0.99582,0.00003,0.00002
67.62000,1.02193,0.00486,0.99506,0.00005,0.00002
67.76000,1.02193,0.00536,0.99454,0.00007,0.00004
67.90000,1.02193,0.00505,0.99487,0.00004,0.00004
68.04000,1.02193,0.00448,0.99544,0.00004,0.00004
68.18000,1.02193,0.00435,0.99559,0.00002,0.00004
68.32000,1.02193,0.00396,0.99598,0.00003,0.00003
68.46000,1.02194,0.00353,0.99642,0.00002,0.00002
68.60000,1.02194,0.00303,0.99694,0.00002,0.00002
68.74000,1.02194,0.00297,0.99700,0.00001,0.00002
68.88000,1.02194,0.00322,0.99674,0.00002,0.00002
69.02000,1.02194,0.00325,0.99671,0.00002,0.00002
69.16000,1.02193,0.00336,0.99659,0.00002,0.00002
69.30000,1.02193,0.00344,0.99651,0.00002,0.00002
69.44000,1.02193,0.00356,0.99640,0.00002,0.00002
69.58000,1.02193,0.00401,0.99593,0.00003,0.00003
69.72000,1.02193,0.00600,0.99386,0.00005,0.00009
69.86000,1.02193,0.00648,0.99337,0.00007,0.00009
70.00000,1.02193,0.00555,0.99433,0.00005,0.00007
70.14000,1.02193,0.00690,0.99291,0.00006,0.00013
70.28000,1.02194,0.01371,0.98519,0.00019,0.00091
70.42000,1.02194,0.01483,0.98393,0.00027,0.00097
70.56000,1.02194,0.01350,0.98581,0.00027,0.00042
70.70000,1.02194,0.01182,0.98764,0.00027,0.00027
70.84000,1.02194,0.01768,0.98095,0.00058,0.00079
70.98000,1.02193,0.01191,0.98766,0.00022,0.00021
71.12000,1.02193,0.01086,0.98876,0.00022,0.00017
71.26000,1.02193,0.00889,0.99086,0.00013,0.00011
71.40000,1.02193,0.00785,0.99193,0.00014,0.00009
71.54000,1.02193,0.00604,0.99383,0.00006,0.00006
71.68000,1.02193,0.00415,0.99579,0.00002,0.00004
71.82000,1.02193,0.00342,0.99654,0.00002,0.00002
71.96000,1.02194,0.00340,0.99656,0.00002,0.00002
72.10000,1.02194,0.00361,0.99635,0.00002,0.00002
72.24000,1.02194,0.00341,0.99655,0.00002,0.00002
72.38000,1.02194,0.00330,0.99666,0.00002,0.00002
72.52000,1.02194,0.00320,0.99676,0.00002,0.00002
72.66000,1.02193,0.00324,0.99672,0.00002,0.00002
72.80000,1.02193,0.00328,0.99667,0.00002,0.00002
72.94000,1.02193,0.00317,0.99680,0.00002,0.00002
73.08000,1.02193,0.00313,0.99684,0.00002,0.00002
73.22000,1.02193,0.00351,0.99644,0.00002,0.00002
73.36000,1.02193,0.00378,0.99617,0.00003,0.00002
73.50000,1.02193,0.00421,0.99573,0.00004,0.00002
73.64000,1.02193,0.00421,0.99573,0.00003,0.00003
73.78000,1.02194,0.00399,0.99596,0.00003,0.00002
73.92000,1.02194,0.00359,0.99637,0.00002,0.00002
74.06000,1.02194,0.00381,0.99614,0.00003,0.00002
74.20000,1.02194,0.00376,0.99619,0.00003,0.00002
74.34000,1.02194,0.00344,0.99652,0.00002,0.00002
74.48000,1.02193,0.00330,0.99666,0.00002,0.00002
74.62000,1.02193,0.00320,0.99676,0.00002,0.00002
74.76000,1.02193,0.00296,0.99700,0.00002,0.00002
74.90000,1.02193,0.00309,0.99688,0.00002,0.00002
75.04000,1.02193,0.00275,0.99722,0.00002,0.00001
75.18000,1.02193,0.00290,0.99707,0.00001,0.00002
75.32000,1.02193,0.00298,0.99698,0.00002,0.00002
75.46000,1.02194,0.00302,0.99695,0.00002,0.00002
75.60000,1.02194,0.00322,0.99675,0.00002,0.00002
75.74000,1.02194,0.00342,0.99654,0.00002,0.00002
75.88000,1.02194,0.00392,0.99602,0.00003,0.00003
76.02000,1.02194,0.00470,0.99522,0.00004,0.00004
76.16000,1.02193,0.00519,0.99471,0.00006,0.00004
76.30000,1.02193,0.00437,0.99557,0.00003,0.00003
76.44000,1.02193,0.00429,0.99565,0.00004,0.00002
76.58000,1.02193,0.00439,0.99555,0.00004,0.00002
76.72000,1.02193,0.00431,0.99563,0.00004,0.00003
76.86000,1.02193,0.00423,0.99571,0.00003,0.00003
77.00000,1.02193,0.00365,0.99631,0.00002,0.00002
77.14000,1.02193,0.00349,0.99647,0.00002,0.00002
77.28000,1.02194,0.00342,0.99654,0.00002,0.00002
77.42000,1.02194,0.00338,0.99658,0.00002,0.00002
77.56000,1.02194,0.00345,0.99652,0.00002,0.00002
77.70000,1.02194,0.00339,0.99657,0.00002,0.00002
77.84000,1.02194,0.00376,0.99619,0.00003,0.00002
77.98000,1.02193,0.00413,0.99581,0.00004,0.00002
78.12000,1.02193,0.00395,0.99600,0.00003,0.00002
78.26000,1.02193,0.00394,0.99600,0.00003,0.00002
78.40000,1.02193,0.00402,0.99592,0.00003,0.00003
78.54000,1.02193,0.00388,0.99606,0.00004,0.00002
78.68000,1.02193,0.00369,0.99626,0.00003,0.00002
78.82000,1.02193,0.00360,0.99635,0.00003,0.00002
78.96000,1.02194,0.00348,0.99647,0.00002,0.00002
79.10000,1.02194,0.00343,0.99652,0.00002,0.00003
79.24000,1.02194,0.00337,0.99659,0.00002,0.00002
79.38000,1.02194,0.00370,0.99625,0.00003,0.00003
79.52000,1.02194,0.00412,0.99582,0.00003,0.00004
79.66000,1.02193,0.00419,0.99574,0.00003,0.00004
79.80000,1.02193,0.00430,0.99564,0.00003,0.00003
79.94000,1.02193,0.00489,0.99503,0.00004,0.00004
80.08000,1.02193,0.00488,0.99505,0.00005,0.00003
80.22000,1.02193,0.00466,0.99527,0.00004,0.00004
80.36000,1.02193,0.00607,0.99381,0.00005,0.00007
80.50000,1.02193,0.00656,0.99330,0.00007,0.00007
80.64000,1.02193,0.00733,0.99248,0.00008,0.00010
80.78000,1.02194,0.00849,0.99126,0.00012,0.00013
80.92000,1.02194,0.00879,0.99094,0.00011,0.00016
81.06000,1.02194,0.00892,0.99082,0.00011,0.00015
81.20000,1.02194,0.01006,0.98962,0.00016,0.00016
81.34000,1.02194,0.00764,0.99217,0.00011,0.00008
81.48000,1.02193,0.00659,0.99326,0.00008,0.00007
81.62000,1.02193,0.00620,0.99367,0.00008,0.00005
81.76000,1.02193,0.00563,0.99427,0.00006,0.00004
81.90000,1.02193,0.00649,0.99335,0.00009,0.00007
82.04000,1.02193,0.00656,0.99328,0.00010,0.00007
82.18000,1.02193,0.00632,0.99355,0.00006,0.00007
82.32000,1.02193,0.00591,0.99397,0.00007,0.00005
82.46000,1.02194,0.00536,0.99456,0.00005,0.00004
82.60000,1.02194,0.00484,0.99508,0.00004,0.00004
82.74000,1.02194,0.00405,0.99590,0.00003,0.00002
82.88000,1.02194,0.00357,0.99639,0.00002,0.00002
83.02000,1.02194,0.00325,0.99671,0.00002,0.00002
83.16000,1.02193,0.00324,0.99673,0.00002,0.00002
83.30000,1.02193,0.00324,0.99673,0.00002,0.00002
83.44000,1.02193,0.00395,0.99600,0.00003,0.00002
83.58000,1.02193,0.00416,0.99578,0.00003,0.00002
83.72000,1.02193,0.00425,0.99569,0.00003,0.00002
83.86000,1.02193,0.00442,0.99552,0.00004,0.00003
84.00000,1.02193,0.00400,0.99595,0.00003,0.00002
84.14000,1.02193,0.00444,0.99548,0.00005,0.00003
84.28000,1.02194,0.00419,0.99574,0.00004,0.00003
84.42000,1.02194,0.00335,0.99661,0.00002,0.00002
84.56000,1.02194,0.00334,0.99662,0.00002,0.00002
84.70000,1.02194,0.00287,0.99710,0.00001,0.00002
84.84000,1.02194,0.00344,0.99651,0.00003,0.00002
84.98000,1.02193,0.00363,0.99632,0.00003,0.00002
85.12000,1.02193,0.00365,0.99630,0.00003,0.00002
85.26000,1.02193,0.00367,0.99627,0.00003,0.00003
85.40000,1.02193,0.00365,0.99631,0.00002,0.00003
85.54000,1.02193,0.00372,0.99622,0.00003,0.00002
85.68000,1.02193,0.00359,0.99636,0.00002,0.00003
85.82000,1.02193,0.00341,0.99655,0.00002,0.00002
85.96000,1.02194,0.00348,0.99648,0.00002,0.00002
86.10000,1.02194,0.00337,0.99659,0.00002,0.00002
86.24000,1.02194,0.00360,0.99635,0.00003,0.00002
86.38000,1.02194,0.00369,0.99626,0.00003,0.00002
86.52000,1.02194,0.00356,0.99639,0.00002,0.00002
86.66000,1.02193,0.00343,0.99653,0.00002,0.00002
86.80000,1.02193,0.00340,0.99656,0.00002,0.00002
86.94000,1.02193,0.00304,0.99693,0.00002,0.00002
87.08000,1.02193,0.00282,0.99715,0.00001,0.00002
87.22000,1.02193,0.00269,0.99729,0.00001,0.00002
87.36000,1.02193,0.00262,0.99735,0.00001,0.00002
87.50000,1.02193,0.00272,0.99725,0.00001,0.00002
87.64000,1.02193,0.00260,0.99737,0.00001,0.00002
87.78000,1.02194,0.00269,0.99729,0.00001,0.00002
87.92000,1.02194,0.00260,0.99737,0.00001,0.00001
88.06000,1.02194,0.00273,0.99724,0.00001,0.00002
88.20000,1.02194,0.00283,0.99714,0.00001,0.00002
88.34000,1.02194,0.00291,0.99706,0.00001,0.00002
88.48000,1.02193,0.00309,0.99687,0.00002,0.00002
88.62000,1.02193,0.00315,0.99681,0.00001,0.00002
88.76000,1.02193,0.00303,0.99694,0.00001,0.00002
88.90000,1.02193,0.00322,0.99674,0.00002,0.00002
89.04000,1.02193,0.00310,0.99686,0.00001,0.00002
89.18000,1.02193,0.00288,0.99709,0.00001,0.00001
89.32000,1.02193,0.00303,0.99694,0.00001,0.00002
89.46000,1.02194,0.00285,0.99713,0.00001,0.00002
89.60000,1.02194,0.00290,0.99707,0.00001,0.00002
89.74000,1.02194,0.00284,0.99713,0.00001,0.00002
89.88000,1.02194,0.00294,0.99703,0.00001,0.00002
90.02000,1.02194,0.00269,0.99728,0.00001,0.00002
90.16000,1.02193,0.00280,0.99717,0.00001,0.00002
90.30000,1.02193,0.00275,0.99723,0.00001,0.00002
90.44000,1.02193,0.00279,0.99719,0.00001,0.00002
90.58000,1.02193,0.00266,0.99731,0.00001,0.00001
90.72000,1.02193,0.00260,0.99738,0.00001,0.00001
90.86000,1.02193,0.00273,0.99725,0.00001,0.00001
91.00000,1.02193,0.00273,0.99724,0.00001,0.00002
91.14000,1.02193,0.00259,0.99739,0.00001,0.00001
91.28000,1.02194,0.00249,0.99749,0.00001,0.00001
91.42000,1.02194,0.00268,0.99730,0.00001,0.00001
91.56000,1.02194,0.00336,0.99660,0.00002,0.00002
91.70000,1.02194,0.00358,0.99638,0.00002,0.00003
91.84000,1.02194,0.00751,0.99230,0.00005,0.00015
91.98000,1.02193,0.00761,0.99217,0.00006,0.00016
92.12000,1.02193,0.00858,0.99108,0.00007,0.00027
92.26000,1.02193,0.01649,0.98201,0.00018,0.00133
92.40000,1.02193,0.02013,0.97642,0.00019,0.00326
92.54000,1.02193,0.01184,0.98723,0.00013,0.00080
92.68000,1.02193,0.00726,0.99250,0.00008,0.00017
92.82000,1.02193,0.00528,0.99458,0.00004,0.00009
92.96000,1.02194,0.00406,0.99587,0.00003,0.00003
93.10000,1.02194,0.00346,0.99649,0.00002,0.00002
93.24000,1.02194,0.00342,0.99653,0.00002,0.00002
93.38000,1.02194,0.00368,0.99627,0.00002,0.00003
93.52000,1.02194,0.00348,0.99648,0.00002,0.00002
93.66000,1.02193,0.00352,0.99644,0.00002,0.00002
93.80000,1.02193,0.00367,0.99629,0.00003,0.00002
93.94000,1.02193,0.00360,0.99636,0.00002,0.00002
94.08000,1.02193,0.00357,0.99639,0.00002,0.00002
94.22000,1.02193,0.00340,0.99656,0.00002,0.00002
94.36000,1.02193,0.00345,0.99651,0.00002,0.00002
94.50000,1.02193,0.00363,0.99632,0.00003,0.00002
94.64000,1.02193,0.00372,0.99622,0.00003,0.00003
94.78000,1.02194,0.00357,0.99638,0.00002,0.00002
94.92000,1.02194,0.00369,0.99626,0.00003,0.00002
95.06000,1.02194,0.00358,0.99637,0.00002,0.00002
95.20000,1.02194,0.00399,0.99594,0.00004,0.00003
95.34000,1.02194,0.00398,0.99596,0.00003,0.00003
95.48000,1.02193,0.00341,0.99654,0.00002,0.00003
95.62000,1.02193,0.00587,0.99399,0.00004,0.00009
95.76000,1.02193,0.00550,0.99435,0.00006,0.00009
95.90000,1.02193,0.00514,0.99475,0.00004,0.00007
96.04000,1.02193,0.00586,0.99397,0.00004,0.00013
96.18000,1.02193,0.00838,0.99124,0.00009,0.00028
96.32000,1.02193,0.00757,0.99212,0.00006,0.00025
96.46000,1.02194,0.00697,0.99280,0.00009,0.00014
96.60000,1.02194,0.00643,0.99341,0.00006,0.00010
96.74000,1.02194,0.00671,0.99314,0.00007,0.00008
96.88000,1.02194,0.01208,0.98747,0.00017,0.00028
97.02000,1.02194,0.01440,0.98469,0.00025,0.00066
97.16000,1.02193,0.01589,0.98306,0.00026,0.00079
97.30000,1.02193,0.02021,0.97785,0.00040,0.00154
97.44000,1.02193,0.02384,0.97346,0.00055,0.00214
97.58000,1.02193,0.02316,0.97442,0.00054,0.00188
97.72000,1.02193,0.01557,0.98350,0.00032,0.00061
97.86000,1.02193,0.01036,0.98927,0.00017,0.00019
98.00000,1.02193,0.00792,0.99184,0.00014,0.00009
98.14000,1.02193,0.00686,0.99296,0.00011,0.00007
98.28000,1.02194,0.00534,0.99455,0.00007,0.00004
98.42000,1.02194,0.00507,0.99484,0.00006,0.00003
98.56000,1.02194,0.00433,0.99561,0.00004,0.00002
98.70000,1.02194,0.00445,0.99549,0.00004,0.00003
98.84000,1.02194,0.00445,0.99548,0.00004,0.00003
98.98000,1.02193,0.00442,0.99552,0.00004,0.00003
99.12000,1.02193,0.00465,0.99528,0.00004,0.00002
99.26000,1.02193,0.00523,0.99468,0.00006,0.00003
99.40000,1.02193,0.00561,0.99429,0.00007,0.00003
99.54000,1.02193,0.00578,0.99410,0.00008,0.00004
99.68000,1.02193,0.00559,0.99430,0.00007,0.00004
99.82000,1.02193,0.00559,0.99430,0.00008,0.00003
99.96000,1.02194,0.00631,0.99353,0.00012,0.00004
100.10000,1.02194,0.00526,0.99465,0.00006,0.00004
100.24000,1.02194,0.00474,0.99518,0.00004,0.00003
100.38000,1.02194,0.00463,0.99530,0.00004,0.00003
100.52000,1.02194,0.00468,0.99525,0.00004,0.00003
100.66000,1.02193,0.00412,0.99583,0.00004,0.00002
100.80000,1.02193,0.00358,0.99638,0.00002,0.00002
100.94000,1.02193,0.00360,0.99636,0.00003,0.00002
101.08000,1.02193,0.00368,0.99627,0.00002,0.00002
101.22000,1.02193,0.00389,0.99606,0.00003,0.00002
101.36000,1.02193,0.00392,0.99604,0.00003,0.00002
101.50000,1.02193,0.00450,0.99544,0.00004,0.00002
101.64000,1.02193,0.00481,0.99512,0.00005,0.00003
101.78000,1.02194,0.00478,0.99515,0.00003,0.00004
101.92000,1.02194,0.00477,0.99516,0.00004,0.00003
102.06000,1.02194,0.00433,0.99561,0.00003,0.00002
102.20000,1.02194,0.00457,0.99536,0.00005,0.00003
102.34000,1.02194,0.00449,0.99545,0.00004,0.00003
102.48000,1.02193,0.00613,0.99373,0.00007,0.00008
102.62000,1.02193,0.00568,0.99421,0.00005,0.00007
102.76000,1.02193,0.00531,0.99458,0.00005,0.00007
102.90000,1.02193,0.00463,0.99529,0.00003,0.00005
103.04000,1.02193,0.00389,0.99604,0.00002,0.00005
103.18000,1.02193,0.00333,0.99663,0.00002,0.00002
103.32000,1.02193,0.00258,0.99740,0.00001,0.00001
103.46000,1.02194,0.00271,0.99726,0.00001,0.00002
103.60000,1.02194,0.00278,0.99719,0.00001,0.00002
103.74000,1.02194,0.00329,0.99667,0.00002,0.00002
103.88000,1.02194,0.00317,0.99679,0.00002,0.00002
104.02000,1.02194,0.00325,0.99671,0.00002,0.00002
104.16000,1.02193,0.00353,0.99643,0.00002,0.00002
104.30000,1.02193,0.00365,0.99631,0.00002,0.00002
104.44000,1.02193,0.00377,0.99618,0.00003,0.00002
104.58000,1.02193,0.00359,0.99636,0.00002,0.00002
104.72000,1.02193,0.00375,0.99620,0.00003,0.00002
104.86000,1.02193,0.00421,0.99573,0.00004,0.00002
105.00000,1.02193,0.00408,0.99587,0.00003,0.00003
105.14000,1.02193,0.00404,0.99590,0.00003,0.00002
105.28000,1.02194,0.00383,0.99612,0.00003,0.00002
105.42000,1.02194,0.00352,0.99643,0.00003,0.00002
105.56000,1.02194,0.00347,0.99649,0.00003,0.00002
105.70000,1.02194,0.00311,0.99685,0.00002,0.00002
105.84000,1.02194,0.00290,0.99706,0.00001,0.00002
105.98000,1.02193,0.00277,0.99720,0.00001,0.00002
106.12000,1.02193,0.00280,0.99717,0.00001,0.00002
106.26000,1.02193,0.00283,0.99714,0.00001,0.00002
106.40000,1.02193,0.00281,0.99716,0.00001,0.00002
106.54000,1.02193,0.00268,0.99730,0.00001,0.00002
106.68000,1.02193,0.00317,0.99679,0.00002,0.00002
106.82000,1.02193,0.00339,0.99658,0.00002,0.00002
106.96000,1.02194,0.00328,0.99669,0.00002,0.00002
107.10000,1.02194,0.00351,0.99645,0.00002,0.00002
107.24000,1.02194,0.00331,0.99666,0.00001,0.00002
107.38000,1.02194,0.00428,0.99566,0.00004,0.00002
107.52000,1.02194,0.00411,0.99584,0.00003,0.00002
107.66000,1.02193,0.00390,0.99606,0.00003,0.00002
107.80000,1.02193,0.00398,0.99597,0.00003,0.00002
107.94000,1.02193,0.00393,0.99602,0.00002,0.00002
108.08000,1.02193,0.00404,0.99590,0.00003,0.00002
108.22000,1.02193,0.00400,0.99595,0.00003,0.00002
108.36000,1.02193,0.00373,0.99622,0.00002,0.00002
108.50000,1.02193,0.00363,0.99633,0.00002,0.00002
108.64000,1.02193,0.00337,0.99659,0.00002,0.00002
108.78000,1.02194,0.00311,0.99686,0.00001,0.00002
108.92000,1.02194,0.00311,0.99686,0.00002,0.00002
109.06000,1.02194,0.00293,0.99703,0.00001,0.00002
109.20000,1.02194,0.00277,0.99720,0.00001,0.00001
109.34000,1.02194,0.00286,0.99711,0.00001,0.00002
109.48000,1.02193,0.00289,0.99708,0.00001,0.00002
109.62000,1.02193,0.00263,0.99734,0.00001,0.00001
109.76000,1.02193,0.00287,0.99710,0.00001,0.00002
109.90000,1.02193,0.02222,0.97698,0.00014,0.00066
110.04000,1.02193,0.10508,0.88534,0.00105,0.00853
110.18000,1.02193,0.30775,0.60683,0.00323,0.08218
110.32000,1.02193,0.30867,0.48401,0.00091,0.20642
110.46000,1.02194,0.27515,0.53348,0.00071,0.19067
110.60000,1.02194,0.23752,0.64892,0.00117,0.11239
110.74000,1.02194,0.18156,0.77797,0.00099,0.03949
110.88000,1.02194,0.06284,0.92993,0.00021,0.00702
111.02000,1.02194,0.00634,0.99328,0.00003,0.00035
111.16000,1.02193,0.00675,0.99285,0.00002,0.00039
111.30000,1.02193,0.01645,0.98224,0.00007,0.00124
111.44000,1.02193,0.18948,0.79719,0.00050,0.01283
111.58000,1.02193,0.31839,0.63827,0.00027,0.04307
111.72000,1.02193,0.61851,0.35940,0.00101,0.02108
111.86000,1.02193,0.92384,0.06134,0.00155,0.01328
112.00000,1.02193,0.93005,0.05273,0.00178,0.01545
112.14000,1.02193,0.87091,0.12266,0.00113,0.00529
112.28000,1.02194,0.09121,0.90733,0.00050,0.00096
112.42000,1.02194,0.11766,0.88133,0.00058,0.00044
112.56000,1.02194,0.06116,0.93840,0.00014,0.00030
112.70000,1.02194,0.00797,0.99189,0.00006,0.00009
112.84000,1.02194,0.00295,0.99701,0.00002,0.00002
112.98000,1.02193,0.00290,0.99707,0.00001,0.00002
113.12000,1.02193,0.00275,0.99722,0.00001,0.00002
113.26000,1.02193,0.00283,0.99714,0.00001,0.00002
113.40000,1.02193,0.00702,0.99280,0.00006,0.00012
113.54000,1.02193,0.00836,0.99127,0.00006,0.00031
113.68000,1.02193,0.00799,0.99167,0.00004,0.00030
113.82000,1.02193,0.00868,0.99090,0.00005,0.00036
113.96000,1.02194,0.01007,0.98952,0.00006,0.00035
114.10000,1.02194,0.01216,0.98724,0.00013,0.00046
114.24000,1.02194,0.00713,0.99272,0.00006,0.00010
114.38000,1.02194,0.00471,0.99523,0.00004,0.00003
114.52000,1.02194,0.00563,0.99428,0.00006,0.00004
114.66000,1.02193,0.00580,0.99409,0.00006,0.00004
114.80000,1.02193,0.00604,0.99386,0.00006,0.00004
114.94000,1.02193,0.00658,0.99328,0.00008,0.00006
115.08000,1.02193,0.00878,0.99095,0.00015,0.00012
115.22000,1.02193,0.00903,0.99068,0.00010,0.00018
115.36000,1.02193,0.00766,0.99212,0.00008,0.00014
115.50000,1.02193,0.00755,0.99226,0.00009,0.00011
115.64000,1.02193,0.00760,0.99217,0.00011,0.00012
115.78000,1.02194,0.00588,0.99400,0.00007,0.00005
115.92000,1.02194,0.00529,0.99463,0.00005,0.00003
116.06000,1.02194,0.01563,0.98389,0.00012,0.00037
116.20000,1.02194,0.02452,0.97378,0.00059,0.00110
116.34000,1.02194,0.02250,0.97560,0.00032,0.00158
116.48000,1.02193,0.01876,0.97970,0.00019,0.00134
116.62000,1.02193,0.01610,0.98287,0.00015,0.00088
116.76000,1.02193,0.01912,0.97967,0.00014,0.00107
116.90000,1.02193,0.01066,0.98899,0.00015,0.00020
117.04000,1.02193,0.00431,0.99563,0.00003,0.00004
117.18000,1.02193,0.00361,0.99635,0.00002,0.00002
117.32000,1.02193,0.00336,0.99660,0.00002,0.00002
117.46000,1.02194,0.00315,0.99681,0.00001,0.00003
117.60000,1.02194,0.00268,0.99730,0.00001,0.00002
117.74000,1.02194,0.00272,0.99725,0.00001,0.00002
117.88000,1.02194,0.00280,0.99717,0.00001,0.00002
118.02000,1.02194,0.00309,0.99687,0.00001,0.00002
118.16000,1.02193,0.00310,0.99687,0.00002,0.00002
118.30000,1.02193,0.00319,0.99678,0.00002,0.00002
118.44000,1.02193,0.00351,0.99645,0.00002,0.00002
118.58000,1.02193,0.00382,0.99613,0.00003,0.00002
118.72000,1.02193,0.00362,0.99634,0.00002,0.00002
118.86000,1.02193,0.00373,0.99623,0.00003,0.00002
119.00000,1.02193,0.00357,0.99638,0.00002,0.00002
119.14000,1.02193,0.00325,0.99671,0.00002,0.00002
119.28000,1.02194,0.00299,0.99698,0.00001,0.00002
119.42000,1.02194,0.00281,0.99716,0.00001,0.00002
119.56000,1.02194,0.00289,0.99707,0.00002,0.00002
119.70000,1.02194,0.00312,0.99684,0.00001,0.00002
119.84000,1.02194,0.00371,0.99624,0.00002,0.00003
119.98000,1.02193,0.00387,0.99608,0.00002,0.00003
120.12000,1.02193,0.00412,0.99583,0.00003,0.00003
120.26000,1.02193,0.00409,0.99585,0.00002,0.00003
120.40000,1.02193,0.00366,0.99629,0.00002,0.00003
120.54000,1.02193,0.00354,0.99640,0.00002,0.00004
120.68000,1.02193,0.00295,0.99701,0.00001,0.00002
120.82000,1.02193,0.00302,0.99694,0.00002,0.00002
120.96000,1.02194,0.00293,0.99703,0.00001,0.00002
121.10000,1.02194,0.00309,0.99687,0.00002,0.00002
121.24000,1.02194,0.00344,0.99652,0.00002,0.00002
121.38000,1.02194,0.00376,0.99619,0.00002,0.00003
121.52000,1.02194,0.00393,0.99602,0.00003,0.00002
121.66000,1.02193,0.00420,0.99574,0.00003,0.00003
121.80000,1.02193,0.00464,0.99529,0.00004,0.00003
121.94000,1.02193,0.00410,0.99585,0.00003,0.00003
122.08000,1.02193,0.00390,0.99605,0.00003,0.00002
122.22000,1.02193,0.00369,0.99627,0.00002,0.00002
122.36000,1.02193,0.00363,0.99633,0.00002,0.00002
122.50000,1.02193,0.00354,0.99642,0.00002,0.00002
122.64000,1.02193,0.00317,0.99679,0.00002,0.00002
122.78000,1.02194,0.00280,0.99717,0.00001,0.00002
122.92000,1.02194,0.00271,0.99726,0.00001,0.00002
123.06000,1.02194,0.00253,0.99744,0.00001,0.00001
123.20000,1.02194,0.00256,0.99741,0.00001,0.00002
123.34000,1.02194,0.00251,0.99747,0.00001,0.00001
123.48000,1.02193,0.00239,0.99759,0.00001,0.00002
123.62000,1.02193,0.00246,0.99752,0.00001,0.00002
123.76000,1.02193,0.00243,0.99755,0.00001,0.00001
123.90000,1.02193,0.00276,0.99721,0.00001,0.00002
124.04000,1.02193,0.00278,0.99719,0.00001,0.00002
124.18000,1.02193,0.00279,0.99718,0.00001,0.00002
124.32000,1.02193,0.00265,0.99733,0.00001,0.00002
124.46000,1.02194,0.00256,0.99742,0.00001,0.00001
124.60000,1.02194,0.00246,0.99752,0.00001,0.00001
124.74000,1.02194,0.00262,0.99736,0.00001,0.00001
124.88000,1.02194,0.00276,0.99721,0.00001,0.00002
125.02000,1.02194,0.00260,0.99738,0.00001,0.00002
125.16000,1.02193,0.00247,0.99751,0.00001,0.00002
125.30000,1.02193,0.00254,0.99743,0.00001,0.00002
125.44000,1.02193,0.00259,0.99739,0.00001,0.00002
125.58000,1.02193,0.00243,0.99754,0.00001,0.00002
125.72000,1.02193,0.00212,0.99787,0.00001,0.00001
125.86000,1.02193,0.00220,0.99777,0.00001,0.00001
126.00000,1.02193,0.00224,0.99774,0.00001,0.00001
126.14000,1.02193,0.00237,0.99761,0.00001,0.00001
126.28000,1.02194,0.00243,0.99755,0.00001,0.00001
126.42000,1.02194,0.00236,0.99762,0.00001,0.00001
126.56000,1.02194,0.00268,0.99730,0.00001,0.00002
126.70000,1.02194,0.00263,0.99734,0.00001,0.00002
126.84000,1.02194,0.00262,0.99735,0.00001,0.00002
126.98000,1.02193,0.00240,0.99758,0.00001,0.00002
127.12000,1.02193,0.00225,0.99773,0.00001,0.00002
127.26000,1.02193,0.00205,0.99793,0.00001,0.00001
127.40000,1.02193,0.00226,0.99772,0.00001,0.00001
127.54000,1.02193,0.00228,0.99769,0.00001,0.00002
127.68000,1.02193,0.00215,0.99783,0.00001,0.00001
127.82000,1.02193,0.00212,0.99786,0.00001,0.00001
127.96000,1.02193,0.00211,0.99787,0.00001,0.00001
128.10001,1.02193,0.00199,0.99799,0.00001,0.00001
128.24001,1.02193,0.00171,0.99828,0.00000,0.00001
128.38000,1.02193,0.00154,0.99845,0.00000,0.00001
128.52000,1.02193,0.00156,0.99843,0.00000,0.00001
128.66000,1.02193,0.00153,0.99846,0.00000,0.00001
128.80000,1.02193,0.00152,0.99846,0.00000,0.00001
128.94000,1.02194,0.00143,0.99855,0.00000,0.00001
129.08000,1.02194,0.00150,0.99849,0.00000,0.00001
129.22000,1.02194,0.00148,0.99850,0.00000,0.00001
129.36000,1.02194,0.00160,0.99838,0.00000,0.00001
129.50000,1.02194,0.00189,0.99809,0.00001,0.00001
129.64000,1.02194,0.00190,0.99809,0.00000,0.00001
129.78000,1.02194,0.00207,0.99791,0.00001,0.00001
129.92000,1.02194,0.00207,0.99791,0.00001,0.00001
130.06000,1.02194,0.00221,0.99777,0.00001,0.00001
130.20000,1.02194,0.00237,0.99761,0.00001,0.00002
130.34000,1.02194,0.00239,0.99758,0.00001,0.00002
130.48000,1.02194,0.00230,0.99768,0.00001,0.00001
130.62000,1.02194,0.00221,0.99777,0.00001,0.00001
130.75999,1.02194,0.00412,0.99579,0.00002,0.00006
130.89999,1.02194,0.00559,0.99425,0.00005,0.00011
131.03999,1.02194,0.00434,0.99557,0.00002,0.00007
131.17999,1.02194,0.00542,0.99443,0.00003,0.00012
131.32001,1.02193,0.00477,0.99512,0.00002,0.00009
131.46001,1.02193,0.00478,0.99512,0.00004,0.00006
131.60001,1.02193,0.00325,0.99671,0.00002,0.00002
131.74001,1.02193,0.00262,0.99735,0.00001,0.00002
131.88000,1.02193,0.00218,0.99780,0.00001,0.00001
132.02000,1.02193,0.00209,0.99789,0.00001,0.00001
132.16000,1.02193,0.00229,0.99769,0.00000,0.00001
132.30000,1.02193,0.00349,0.99648,0.00001,0.00002
132.44000,1.02194,0.02397,0.97587,0.00005,0.00011
132.58000,1.02194,0.09996,0.89963,0.00019,0.00022
132.72000,1.02194,0.37328,0.62562,0.00065,0.00045
132.86000,1.02194,0.76524,0.23275,0.00134,0.00067
133.00000,1.02194,0.93557,0.06243,0.00166,0.00035
133.14000,1.02194,0.98599,0.01217,0.00169,0.00014
133.28000,1.02194,0.98734,0.01094,0.00158,0.00014
133.42000,1.02194,0.98827,0.01008,0.00150,0.00014
133.56000,1.02194,0.98763,0.01071,0.00153,0.00014
133.70000,1.02194,0.98742,0.01089,0.00156,0.00014
133.84000,1.02194,0.98785,0.01048,0.00153,0.00014
133.98000,1.02194,0.98813,0.01021,0.00152,0.00014
134.12000,1.02194,0.98777,0.01053,0.00156,0.00014
134.25999,1.02194,0.98768,0.01062,0.00157,0.00014
134.39999,1.02194,0.98801,0.01029,0.00156,0.00013
134.53999,1.02194,0.98855,0.00977,0.00155,0.00014
134.67999,1.02194,0.98878,0.00957,0.00151,0.00014
134.82001,1.02193,0.98873,0.00961,0.00152,0.00014
134.96001,1.02193,0.98836,0.00994,0.00156,0.00014
135.10001,1.02193,0.98804,0.01025,0.00157,0.00013
135.24001,1.02193,0.98838,0.00995,0.00153,0.00014
135.38000,1.02193,0.98822,0.01009,0.00154,0.00014
135.52000,1.02193,0.98815,0.01016,0.00156,0.00014
135.66000,1.02193,0.98822,0.01009,0.00155,0.00014
135.80000,1.02193,0.98780,0.01050,0.00157,0.00013
135.94000,1.02194,0.98764,0.01062,0.00160,0.00014
136.08000,1.02194,0.98790,0.01036,0.00160,0.00013
136.22000,1.02194,0.98889,0.00944,0.00153,0.00014
136.36000,1.02194,0.98921,0.00913,0.00152,0.00014
136.50000,1.02194,0.98867,0.00965,0.00154,0.00014
136.64000,1.02194,0.98873,0.00959,0.00155,0.00014
136.78000,1.02194,0.98898,0.00934,0.00155,0.00013
136.92000,1.02194,0.98918,0.00914,0.00154,0.00014
137.06000,1.02194,0.98922,0.00911,0.00153,0.00014
137.20000,1.02194,0.98911,0.00918,0.00157,0.00014
137.34000,1.02194,0.98911,0.00915,0.00159,0.00014
137.48000,1.02194,0.98942,0.00892,0.00152,0.00014
137.62000,1.02194,0.98951,0.00885,0.00149,0.00014
137.75999,1.02194,0.98924,0.00913,0.00149,0.00014
137.89999,1.02194,0.98830,0.01002,0.00154,0.00014
138.03999,1.02194,0.98901,0.00937,0.00148,0.00014
138.17999,1.02194,0.98837,0.00991,0.00157,0.00015
138.32001,1.02193,0.98879,0.00952,0.00154,0.00015
138.46001,1.02193,0.98786,0.01035,0.00165,0.00014
138.60001,1.02193,0.98849,0.00977,0.00160,0.00015
