Time (seconds), Duration (seconds),pred_(unlabeled),pred_brushing_teeth,pred_hair_drying,pred_showering
0.00000,1.05394,0.97005,0.00129,0.00245,0.02621
0.10000,1.05394,0.94909,0.00127,0.00329,0.04635
0.20000,1.05394,0.90823,0.00215,0.00854,0.08108
0.30000,1.05394,0.91490,0.00217,0.01017,0.07276
0.40000,1.05394,0.89615,0.00307,0.01678,0.08399
0.50000,1.05394,0.82683,0.00723,0.05087,0.11507
0.60000,1.05394,0.84984,0.00663,0.06531,0.07821
0.70000,1.05394,0.76625,0.01049,0.12774,0.09552
0.80000,1.05394,0.59214,0.01992,0.29121,0.09674
0.90000,1.05394,0.47073,0.00812,0.44792,0.07323
1.00000,1.05394,0.42325,0.01137,0.48630,0.07908
1.10000,1.05394,0.28085,0.00848,0.65873,0.05194
1.20000,1.05394,0.21623,0.01321,0.72078,0.04979
1.30000,1.05394,0.17834,0.00823,0.78134,0.03209
1.40000,1.05394,0.15502,0.00763,0.80556,0.03179
1.50000,1.05394,0.16482,0.00553,0.80836,0.02129
1.60000,1.05394,0.13903,0.00396,0.84186,0.01515
1.70000,1.05394,0.15819,0.00338,0.82735,0.01108
1.80000,1.05394,0.11323,0.00211,0.87593,0.00874
1.90000,1.05394,0.11454,0.00198,0.87659,0.00689
2.00000,1.05394,0.07507,0.00138,0.92006,0.00349
2.10000,1.05394,0.10323,0.00153,0.89194,0.00331
2.20000,1.05394,0.08392,0.00176,0.91076,0.00356
2.30000,1.05394,0.10414,0.00221,0.89076,0.00289
2.40000,1.05394,0.06469,0.00223,0.93064,0.00244
2.50000,1.05394,0.08118,0.00381,0.91104,0.00398
2.60000,1.05394,0.07924,0.00501,0.91089,0.00486
2.70000,1.05394,0.08855,0.00748,0.89849,0.00547
2.80000,1.05394,0.07635,0.00912,0.90876,0.00577
2.90000,1.05394,0.08151,0.01302,0.89928,0.00620
3.00000,1.05394,0.07338,0.01413,0.90309,0.00940
3.10000,1.05394,0.05986,0.01545,0.91495,0.00974
3.20000,1.05394,0.04672,0.01363,0.93222,0.00743
3.30000,1.05394,0.04190,0.01479,0.93473,0.00859
3.40000,1.05394,0.04819,0.01433,0.93018,0.00730
3.50000,1.05394,0.03985,0.01058,0.94342,0.00614
3.60000,1.05394,0.04242,0.01284,0.93772,0.00702
3.70000,1.05394,0.03655,0.01001,0.94785,0.00559
3.80000,1.05394,0.03489,0.00953,0.94976,0.00582
3.90000,1.05394,0.03791,0.00870,0.94835,0.00503
4.00000,1.05394,0.03935,0.00788,0.94800,0.00476
4.10000,1.05394,0.02965,0.00796,0.95769,0.00469
4.20000,1.05394,0.03070,0.00675,0.95825,0.00431
4.30000,1.05394,0.03743,0.00725,0.95115,0.00417
4.40000,1.05394,0.03719,0.00586,0.95281,0.00413
4.50000,1.05394,0.04064,0.00764,0.94691,0.00481
4.60000,1.05394,0.03766,0.00632,0.95122,0.00480
4.70000,1.05394,0.04138,0.00765,0.94634,0.00463
4.80000,1.05394,0.03720,0.00471,0.95430,0.00378
4.90000,1.05394,0.04081,0.00706,0.94821,0.00392
5.00000,1.05394,0.04099,0.00557,0.94874,0.00469
5.10000,1.05394,0.03921,0.00734,0.94828,0.00517
5.20000,1.05394,0.03868,0.00540,0.95150,0.00442
5.30000,1.05394,0.03304,0.00642,0.95638,0.00417
5.40000,1.05394,0.03923,0.00541,0.95115,0.00421
5.50000,1.05394,0.04002,0.00630,0.94941,0.00427
5.60000,1.05394,0.04185,0.00735,0.94586,0.00493
5.70000,1.05394,0.04752,0.00900,0.93795,0.00553
5.80000,1.05394,0.04375,0.00840,0.94159,0.00626
5.90000,1.05394,0.03624,0.00615,0.95304,0.00457
6.00000,1.05394,0.04347,0.00678,0.94496,0.00479
6.10000,1.05394,0.04068,0.00721,0.94804,0.00407
6.20000,1.05394,0.04370,0.00869,0.94138,0.00623
6.30000,1.05394,0.04285,0.00712,0.94585,0.00419
6.40000,1.05394,0.03583,0.00582,0.95449,0.00386
6.50000,1.05394,0.03326,0.00568,0.95805,0.00301
6.60000,1.05394,0.03186,0.00593,0.95870,0.00350
6.70000,1.05394,0.03396,0.00679,0.95534,0.00391
6.80000,1.05394,0.03413,0.00677,0.95581,0.00329
6.90000,1.05394,0.04340,0.00916,0.94399,0.00346
7.00000,1.05394,0.03473,0.00772,0.95405,0.00351
7.10000,1.05394,0.03853,0.00884,0.94921,0.00342
7.20000,1.05394,0.03778,0.00575,0.95392,0.00255
7.30000,1.05394,0.04106,0.00803,0.94822,0.00268
7.40000,1.05394,0.04114,0.00736,0.94780,0.00371
7.50000,1.05394,0.03968,0.00836,0.94844,0.00352
7.60000,1.05394,0.03784,0.00734,0.95102,0.00381
7.70000,1.05394,0.03737,0.00697,0.95218,0.00347
7.80000,1.05394,0.03613,0.00660,0.95389,0.00339
7.90000,1.05394,0.03764,0.00620,0.95299,0.00316
8.00000,1.05394,0.03382,0.00744,0.95491,0.00383
8.10000,1.05394,0.03578,0.00611,0.95477,0.00333
8.20000,1.05394,0.03667,0.00684,0.95296,0.00353
8.30000,1.05394,0.03760,0.00706,0.95179,0.00356
8.40000,1.05394,0.03981,0.00754,0.94913,0.00352
8.50000,1.05394,0.04139,0.00633,0.94891,0.00337
8.60000,1.05394,0.03872,0.00671,0.95085,0.00371
8.70000,1.05394,0.04553,0.00706,0.94335,0.00406
8.80000,1.05394,0.05122,0.00801,0.93696,0.00380
8.90000,1.05394,0.04267,0.00771,0.94555,0.00407
9.00000,1.05394,0.04052,0.00849,0.94651,0.00448
9.10000,1.05394,0.03957,0.00681,0.94912,0.00451
9.20000,1.05394,0.03997,0.00755,0.94798,0.00451
9.30000,1.05394,0.03388,0.00745,0.95454,0.00413
9.40000,1.05394,0.03488,0.00600,0.95556,0.00356
9.50000,1.05394,0.03698,0.00861,0.94997,0.00444
9.60000,1.05394,0.03803,0.00720,0.95014,0.00463
9.70000,1.05394,0.03403,0.00962,0.95108,0.00527
9.80000,1.05394,0.04784,0.00726,0.93969,0.00521
9.90000,1.05394,0.03666,0.00924,0.94973,0.00437
10.00000,1.05394,0.03912,0.00752,0.94940,0.00396
10.10000,1.05394,0.04354,0.00906,0.94344,0.00396
10.20000,1.05394,0.04572,0.00722,0.94306,0.00401
10.30000,1.05394,0.04865,0.00815,0.93899,0.00421
10.40000,1.05394,0.05638,0.00847,0.92994,0.00520
10.50000,1.05394,0.04618,0.00831,0.94149,0.00402
10.60000,1.05394,0.04401,0.00699,0.94535,0.00365
10.70000,1.05394,0.03933,0.00641,0.95038,0.00387
10.80000,1.05394,0.04331,0.00669,0.94696,0.00304
10.90000,1.05394,0.02889,0.00495,0.96311,0.00305
11.00000,1.05394,0.03630,0.00562,0.95424,0.00384
11.10000,1.05394,0.03519,0.00489,0.95661,0.00330
11.20000,1.05394,0.03053,0.00576,0.96071,0.00300
11.30000,1.05394,0.03222,0.00426,0.96093,0.00259
11.40000,1.05394,0.03688,0.00534,0.95478,0.00300
11.50000,1.05394,0.03209,0.00440,0.96087,0.00264
11.60000,1.05394,0.03514,0.00475,0.95757,0.00254
11.70000,1.05394,0.03283,0.00523,0.95906,0.00287
11.80000,1.05394,0.05186,0.00714,0.93710,0.00390
11.90000,1.05394,0.05297,0.00760,0.93637,0.00306
12.00000,1.05394,0.05379,0.00983,0.93301,0.00337
12.10000,1.05394,0.04791,0.00909,0.93994,0.00305
12.20000,1.05394,0.05172,0.01214,0.93232,0.00382
12.30000,1.05394,0.05282,0.00941,0.93408,0.00369
12.40000,1.05394,0.05464,0.01122,0.93036,0.00378
12.50000,1.05394,0.04843,0.00984,0.93833,0.00340
12.60000,1.05394,0.05021,0.01372,0.93193,0.00415
12.70000,1.05394,0.05264,0.01175,0.93206,0.00354
12.80000,1.05394,0.04488,0.01282,0.93864,0.00366
12.90000,1.05394,0.03992,0.00754,0.94957,0.00296
13.00000,1.05394,0.04712,0.01040,0.93875,0.00373
13.10000,1.05394,0.04297,0.00787,0.94593,0.00323
13.20000,1.05394,0.05290,0.00998,0.93359,0.00353
13.30000,1.05394,0.03929,0.00690,0.95087,0.00293
13.40000,1.05394,0.04802,0.00923,0.93941,0.00334
13.50000,1.05394,0.03853,0.00713,0.95148,0.00285
13.60000,1.05394,0.04502,0.00847,0.94299,0.00352
13.70000,1.05394,0.04232,0.00846,0.94592,0.00330
13.80000,1.05394,0.04791,0.00863,0.94004,0.00342
13.90000,1.05394,0.04658,0.00976,0.93997,0.00370
14.00000,1.05394,0.05012,0.00987,0.93617,0.00384
14.10000,1.05394,0.05694,0.01141,0.92725,0.00440
14.20000,1.05394,0.05257,0.00990,0.93384,0.00368
14.30000,1.05394,0.05151,0.00872,0.93577,0.00400
14.40000,1.05394,0.05516,0.01058,0.93015,0.00411
14.50000,1.05394,0.05506,0.00879,0.93223,0.00392
14.60000,1.05394,0.04718,0.00974,0.93911,0.00397
14.70000,1.05394,0.04453,0.00891,0.94298,0.00358
14.80000,1.05394,0.04761,0.00829,0.94054,0.00357
14.90000,1.05394,0.05428,0.00843,0.93414,0.00315
15.00000,1.05394,0.04334,0.00647,0.94706,0.00313
15.10000,1.05394,0.04614,0.00536,0.94609,0.00241
15.20000,1.05394,0.04257,0.00572,0.94861,0.00310
15.30000,1.05394,0.04328,0.00611,0.94765,0.00296
15.40000,1.05394,0.04961,0.00550,0.94182,0.00307
15.50000,1.05394,0.05177,0.00566,0.93988,0.00269
15.60000,1.05394,0.05006,0.00650,0.94041,0.00303
15.70000,1.05394,0.05370,0.00558,0.93791,0.00282
15.80000,1.05394,0.05483,0.00635,0.93613,0.00270
15.90000,1.05394,0.05636,0.00787,0.93243,0.00334
16.00000,1.05394,0.07020,0.01194,0.91410,0.00376
16.10000,1.05394,0.05505,0.00933,0.93223,0.00339
16.20000,1.05394,0.05223,0.00867,0.93595,0.00315
16.30000,1.05394,0.05426,0.01067,0.93098,0.00409
16.40000,1.05394,0.05460,0.00976,0.93213,0.00351
16.50000,1.05394,0.04908,0.00811,0.93990,0.00291
16.60000,1.05394,0.05644,0.00705,0.93370,0.00282
16.70000,1.05394,0.04910,0.00801,0.94003,0.00285
16.80000,1.05394,0.05144,0.00730,0.93845,0.00281
16.90000,1.05394,0.04544,0.00656,0.94531,0.00269
17.00000,1.05394,0.06295,0.00750,0.92689,0.00266
17.10000,1.05394,0.04908,0.00732,0.94070,0.00290
17.20000,1.05394,0.04986,0.00648,0.94119,0.00247
17.30000,1.05394,0.05224,0.00647,0.93863,0.00266
17.40000,1.05394,0.05671,0.00596,0.93523,0.00211
17.50000,1.05394,0.05507,0.00782,0.93382,0.00329
17.60000,1.05394,0.05017,0.00743,0.93943,0.00297
17.70000,1.05394,0.04851,0.00820,0.93994,0.00335
17.80000,1.05394,0.04338,0.00720,0.94689,0.00253
17.90000,1.05394,0.04887,0.00755,0.94067,0.00290
18.00000,1.05394,0.04615,0.00708,0.94431,0.00246
18.10000,1.05394,0.04695,0.00775,0.94241,0.00288
18.20000,1.05394,0.04987,0.00690,0.94086,0.00236
18.30000,1.05394,0.04850,0.00802,0.94071,0.00276
18.40000,1.05394,0.04775,0.00666,0.94323,0.00236
18.50000,1.05394,0.04689,0.00559,0.94538,0.00214
18.60000,1.05394,0.05001,0.00673,0.94073,0.00253
18.70000,1.05394,0.05020,0.00788,0.93901,0.00291
18.80000,1.05394,0.05721,0.00835,0.93148,0.00296
18.90000,1.05394,0.04594,0.00616,0.94538,0.00252
19.00000,1.05394,0.05170,0.00841,0.93707,0.00282
19.10000,1.05394,0.05136,0.01107,0.93381,0.00376
19.20000,1.05394,0.06009,0.01152,0.92403,0.00435
19.30000,1.05394,0.04735,0.01056,0.93789,0.00421
19.40000,1.05394,0.04783,0.01096,0.93672,0.00449
19.50000,1.05394,0.04834,0.01041,0.93745,0.00380
19.60000,1.05394,0.04923,0.00921,0.93758,0.00397
19.70000,1.05394,0.04396,0.00877,0.94299,0.00427
19.80000,1.05394,0.04801,0.00888,0.93825,0.00486
19.90000,1.05394,0.04036,0.00750,0.94768,0.00446
20.00000,1.05394,0.03855,0.00595,0.95185,0.00364
20.10000,1.05394,0.04811,0.00640,0.94190,0.00360
20.20000,1.05394,0.04013,0.00501,0.95163,0.00323
20.30000,1.05394,0.04371,0.00652,0.94641,0.00336
20.40000,1.05394,0.04426,0.00479,0.94802,0.00292
20.50000,1.05394,0.04935,0.00804,0.93913,0.00348
20.60000,1.05394,0.04253,0.00654,0.94787,0.00306
20.70000,1.05394,0.05566,0.00888,0.93237,0.00309
20.80000,1.05394,0.04597,0.00742,0.94321,0.00341
20.90000,1.05394,0.05640,0.01049,0.92852,0.00459
21.00000,1.05394,0.05576,0.01000,0.93060,0.00364
21.10000,1.05394,0.05384,0.00885,0.93421,0.00310
21.20000,1.05394,0.04914,0.01034,0.93691,0.00360
21.30000,1.05394,0.06379,0.01156,0.92070,0.00396
21.40000,1.05394,0.05812,0.01249,0.92582,0.00357
21.50000,1.05394,0.05049,0.00894,0.93680,0.00378
21.60000,1.05394,0.05797,0.00813,0.93091,0.00300
21.70000,1.05394,0.06406,0.00756,0.92565,0.00273
21.80000,1.05394,0.06232,0.00784,0.92720,0.00264
21.90000,1.05394,0.07081,0.00805,0.91836,0.00278
22.00000,1.05394,0.06809,0.00675,0.92252,0.00264
22.10000,1.05394,0.05907,0.00978,0.92800,0.00314
22.20000,1.05394,0.06392,0.00697,0.92653,0.00258
22.30000,1.05394,0.06150,0.00818,0.92740,0.00292
22.40000,1.05394,0.06826,0.00679,0.92215,0.00280
22.50000,1.05394,0.05795,0.00881,0.92955,0.00369
22.60000,1.05394,0.06090,0.00718,0.92916,0.00276
22.70000,1.05394,0.05584,0.00778,0.93335,0.00303
22.80000,1.05394,0.04586,0.00662,0.94467,0.00285
22.90000,1.05394,0.03933,0.00564,0.95220,0.00283
23.00000,1.05394,0.03785,0.00518,0.95411,0.00286
23.10000,1.05394,0.04791,0.00486,0.94442,0.00282
23.20000,1.05394,0.03891,0.00657,0.95134,0.00318
23.30000,1.05394,0.03494,0.00462,0.95784,0.00259
23.40000,1.05394,0.03339,0.00719,0.95645,0.00298
23.50000,1.05394,0.03967,0.00608,0.95128,0.00297
23.60000,1.05394,0.04353,0.00977,0.94279,0.00391
23.70000,1.05394,0.05265,0.01069,0.93333,0.00333
23.80000,1.05394,0.04471,0.00855,0.94303,0.00371
23.90000,1.05394,0.05281,0.01296,0.93013,0.00410
24.00000,1.05394,0.05033,0.01093,0.93471,0.00402
24.10000,1.05394,0.04670,0.01143,0.93829,0.00358
24.20000,1.05394,0.05244,0.00771,0.93601,0.00384
24.30000,1.05394,0.07420,0.01229,0.90955,0.00395
24.40000,1.05394,0.05180,0.00794,0.93591,0.00434
24.50000,1.05394,0.06646,0.01045,0.91885,0.00425
24.60000,1.05394,0.05856,0.00700,0.93102,0.00342
24.70000,1.05394,0.05829,0.00755,0.93126,0.00290
24.80000,1.05394,0.04867,0.00661,0.94159,0.00313
24.90000,1.05394,0.05977,0.00603,0.93148,0.00272
25.00000,1.05394,0.05850,0.00831,0.92988,0.00331
25.10000,1.05394,0.05223,0.00684,0.93770,0.00323
25.20000,1.05394,0.04925,0.00796,0.94026,0.00253
25.30000,1.05394,0.05092,0.00743,0.93865,0.00300
25.40000,1.05394,0.05650,0.00846,0.93274,0.00230
25.50000,1.05394,0.05724,0.00811,0.93187,0.00279
25.60000,1.05394,0.05965,0.00777,0.92999,0.00259
25.70000,1.05394,0.05921,0.01087,0.92642,0.00350
25.80000,1.05394,0.06737,0.01069,0.91848,0.00346
25.90000,1.05394,0.08193,0.01299,0.90009,0.00499
26.00000,1.05394,0.07727,0.01076,0.90774,0.00423
26.10000,1.05394,0.06540,0.00885,0.92133,0.00442
26.20000,1.05394,0.07310,0.00866,0.91448,0.00376
26.30000,1.05394,0.05170,0.00815,0.93617,0.00398
26.40000,1.05394,0.05595,0.00688,0.93319,0.00398
26.50000,1.05394,0.04876,0.01044,0.93614,0.00467
26.60000,1.05394,0.04981,0.00730,0.93939,0.00351
26.70000,1.05394,0.04279,0.00682,0.94739,0.00300
26.80000,1.05394,0.03974,0.00568,0.95228,0.00230
26.90000,1.05394,0.03307,0.00507,0.96005,0.00180
27.00000,1.05394,0.03590,0.00468,0.95768,0.00174
27.10000,1.05394,0.03763,0.00587,0.95469,0.00181
27.20000,1.05394,0.04086,0.00515,0.95181,0.00218
27.30000,1.05394,0.06090,0.00680,0.93014,0.00215
27.40000,1.05394,0.04463,0.00536,0.94806,0.00195
27.50000,1.05394,0.06170,0.00834,0.92709,0.00287
27.60000,1.05394,0.04983,0.00804,0.93919,0.00293
27.70000,1.05394,0.05632,0.00887,0.93137,0.00344
27.80000,1.05394,0.05015,0.00937,0.93667,0.00381
27.90000,1.05394,0.06523,0.00983,0.92086,0.00408
28.00000,1.05394,0.04380,0.00917,0.94255,0.00449
28.10000,1.05394,0.05153,0.01092,0.93293,0.00462
28.20000,1.05394,0.03950,0.00847,0.94696,0.00507
28.30000,1.05394,0.05705,0.00914,0.92901,0.00480
28.40000,1.05394,0.04474,0.00873,0.94211,0.00442
28.50000,1.05394,0.05638,0.00942,0.92941,0.00478
28.60000,1.05394,0.05641,0.00931,0.92939,0.00489
28.70000,1.05394,0.05612,0.00742,0.93306,0.00339
28.80000,1.05394,0.05761,0.00698,0.93202,0.00339
28.90000,1.05394,0.06286,0.00713,0.92611,0.00390
29.00000,1.05394,0.05868,0.00715,0.93146,0.00270
29.10000,1.05394,0.05420,0.00587,0.93702,0.00291
29.20000,1.05394,0.05218,0.00442,0.94141,0.00199
29.30000,1.05394,0.04792,0.00396,0.94586,0.00226
29.40000,1.05394,0.05060,0.00507,0.94225,0.00207
29.50000,1.05394,0.04195,0.00373,0.95243,0.00188
29.60000,1.05394,0.03438,0.00479,0.95910,0.00174
29.70000,1.05394,0.03999,0.00407,0.95413,0.00181
29.80000,1.05394,0.03592,0.00467,0.95757,0.00184
29.90000,1.05394,0.04518,0.00379,0.94931,0.00172
30.00000,1.05394,0.03869,0.00538,0.95382,0.00211
30.10000,1.05394,0.04105,0.00647,0.95009,0.00239
30.20000,1.05394,0.04515,0.00671,0.94577,0.00236
30.30000,1.05394,0.04706,0.00816,0.94206,0.00272
30.40000,1.05394,0.04740,0.00804,0.94200,0.00256
30.50000,1.05394,0.04640,0.00784,0.94300,0.00276
30.60000,1.05394,0.06172,0.00873,0.92702,0.00253
30.70000,1.05394,0.06460,0.00703,0.92598,0.00238
30.80000,1.05394,0.06737,0.00935,0.92039,0.00289
30.90000,1.05394,0.05712,0.00757,0.93265,0.00267
31.00000,1.05394,0.06486,0.00875,0.92407,0.00232
31.10000,1.05394,0.05438,0.00767,0.93562,0.00232
31.20000,1.05394,0.07199,0.00914,0.91614,0.00272
31.30000,1.05394,0.05371,0.00619,0.93782,0.00229
31.40000,1.05394,0.06644,0.00605,0.92551,0.00201
31.50000,1.05394,0.06236,0.00788,0.92711,0.00264
31.60000,1.05394,0.06523,0.00799,0.92428,0.00250
31.70000,1.05394,0.05337,0.01075,0.93294,0.00294
31.80000,1.05394,0.06201,0.00840,0.92703,0.00256
31.90000,1.05394,0.05186,0.00939,0.93564,0.00310
32.00000,1.05394,0.05497,0.00820,0.93425,0.00258
32.10000,1.05394,0.04597,0.00895,0.94262,0.00245
32.20000,1.05394,0.04514,0.00777,0.94415,0.00294
32.30000,1.05394,0.04982,0.00919,0.93812,0.00286
32.40000,1.05394,0.04686,0.00944,0.94092,0.00278
32.50000,1.05394,0.04996,0.00757,0.94004,0.00243
32.60000,1.05394,0.04144,0.00728,0.94908,0.00219
32.70000,1.05394,0.04120,0.00614,0.95031,0.00235
32.80000,1.05394,0.04792,0.00715,0.94259,0.00234
32.90000,1.05394,0.04170,0.00678,0.94939,0.00212
33.00000,1.05394,0.04792,0.00704,0.94267,0.00237
33.10000,1.05394,0.04410,0.00828,0.94531,0.00232
33.20000,1.05394,0.05834,0.00881,0.93070,0.00215
33.30000,1.05394,0.04196,0.00742,0.94825,0.00237
33.40000,1.05394,0.05075,0.00972,0.93633,0.00320
33.50000,1.05394,0.04710,0.00982,0.94001,0.00307
33.60000,1.05394,0.04833,0.00938,0.93953,0.00275
33.70000,1.05394,0.04477,0.00877,0.94331,0.00316
33.80000,1.05394,0.04770,0.00903,0.93986,0.00341
33.90000,1.05394,0.05314,0.00966,0.93419,0.00301
34.00000,1.05394,0.04872,0.00945,0.93880,0.00303
34.10000,1.05394,0.04712,0.00818,0.94204,0.00266
34.20000,1.05394,0.04992,0.00808,0.93902,0.00297
34.30000,1.05394,0.04733,0.00715,0.94345,0.00206
34.40000,1.05394,0.04295,0.00511,0.95010,0.00184
34.50000,1.05394,0.04765,0.00558,0.94471,0.00206
34.60000,1.05394,0.04555,0.00511,0.94708,0.00226
34.70000,1.05394,0.04784,0.00584,0.94394,0.00238
34.80000,1.05394,0.04496,0.00432,0.94864,0.00207
34.90000,1.05394,0.05529,0.00619,0.93503,0.00349
35.00000,1.05394,0.05641,0.00611,0.93484,0.00264
35.10000,1.05394,0.04886,0.00694,0.94144,0.00276
35.20000,1.05394,0.04786,0.00464,0.94506,0.00244
35.30000,1.05394,0.06259,0.00709,0.92700,0.00332
35.40000,1.05394,0.04537,0.00616,0.94545,0.00302
35.50000,1.05394,0.06083,0.00793,0.92767,0.00358
35.60000,1.05394,0.05449,0.00827,0.93404,0.00319
35.70000,1.05394,0.05897,0.00770,0.93055,0.00278
35.80000,1.05394,0.05567,0.00904,0.93256,0.00273
35.90000,1.05394,0.04638,0.00659,0.94443,0.00260
36.00000,1.05394,0.04923,0.01082,0.93704,0.00292
36.10000,1.05394,0.05394,0.00946,0.93344,0.00315
36.20000,1.05394,0.04239,0.00895,0.94603,0.00264
36.30000,1.05394,0.04891,0.00746,0.94108,0.00254
36.40000,1.05394,0.04720,0.00877,0.94187,0.00217
36.50000,1.05394,0.04946,0.00702,0.94158,0.00194
36.60000,1.05394,0.04208,0.00847,0.94723,0.00221
36.70000,1.05394,0.04612,0.00860,0.94300,0.00228
36.80000,1.05394,0.05220,0.01082,0.93430,0.00268
36.90000,1.05394,0.07010,0.01035,0.91715,0.00240
37.00000,1.05394,0.07278,0.01328,0.91098,0.00296
37.10000,1.05394,0.08517,0.01454,0.89696,0.00332
37.20000,1.05394,0.08123,0.01393,0.90220,0.00264
37.30000,1.05394,0.09311,0.01450,0.88938,0.00301
37.40000,1.05394,0.08440,0.01434,0.89820,0.00306
37.50000,1.05394,0.10126,0.02003,0.87504,0.00367
37.60000,1.05394,0.09886,0.01968,0.87780,0.00366
37.70000,1.05394,0.09190,0.01939,0.88519,0.00351
37.80000,1.05394,0.09103,0.01802,0.88690,0.00405
37.90000,1.05394,0.07642,0.01749,0.90265,0.00344
38.00000,1.05394,0.07224,0.01644,0.90752,0.00380
38.10000,1.05394,0.06814,0.01604,0.91213,0.00369
38.20000,1.05394,0.06133,0.01860,0.91566,0.00442
38.30000,1.05394,0.05696,0.02398,0.91446,0.00461
38.40000,1.05394,0.06147,0.01870,0.91583,0.00399
38.50000,1.05394,0.05591,0.01921,0.92112,0.00377
38.60000,1.05394,0.06323,0.02020,0.91264,0.00392
38.70000,1.05394,0.06940,0.01950,0.90719,0.00391
38.80000,1.05394,0.05589,0.01410,0.92687,0.00314
38.90000,1.05394,0.06562,0.01656,0.91448,0.00334
39.00000,1.05394,0.06467,0.01297,0.91939,0.00298
39.10000,1.05394,0.05552,0.01660,0.92475,0.00314
39.20000,1.05394,0.05720,0.01649,0.92290,0.00340
39.30000,1.05394,0.05585,0.01411,0.92647,0.00357
39.40000,1.05394,0.04549,0.01026,0.94137,0.00288
39.50000,1.05394,0.05222,0.01389,0.93018,0.00371
39.60000,1.05394,0.06093,0.01377,0.92195,0.00334
39.70000,1.05394,0.05159,0.01105,0.93416,0.00320
39.80000,1.05394,0.05289,0.01326,0.93104,0.00281
39.90000,1.05394,0.04989,0.00932,0.93746,0.00333
40.00000,1.05394,0.04920,0.00969,0.93801,0.00311
40.10000,1.05394,0.04257,0.00799,0.94659,0.00285
40.20000,1.05394,0.03757,0.00931,0.95016,0.00297
40.30000,1.05394,0.04659,0.00899,0.94115,0.00327
40.40000,1.05394,0.04195,0.00838,0.94667,0.00300
40.50000,1.05394,0.04416,0.00825,0.94473,0.00286
40.60000,1.05394,0.03204,0.00934,0.95558,0.00304
40.70000,1.05394,0.04034,0.00878,0.94751,0.00338
40.80000,1.05394,0.03490,0.00737,0.95479,0.00294
40.90000,1.05394,0.04206,0.00905,0.94571,0.00317
41.00000,1.05394,0.04842,0.00892,0.93969,0.00298
41.10000,1.05394,0.04526,0.01038,0.94112,0.00323
41.20000,1.05394,0.04479,0.00844,0.94418,0.00259
41.30000,1.05394,0.04270,0.00970,0.94491,0.00269
41.40000,1.05394,0.04419,0.00698,0.94663,0.00220
41.50000,1.05394,0.04514,0.00890,0.94322,0.00274
41.60000,1.05394,0.04950,0.00756,0.94054,0.00239
41.70000,1.05394,0.04824,0.00788,0.94171,0.00217
41.80000,1.05394,0.04781,0.00594,0.94398,0.00228
41.90000,1.05394,0.05202,0.00735,0.93849,0.00215
42.00000,1.05394,0.05110,0.00649,0.94033,0.00208
42.10000,1.05394,0.05661,0.00656,0.93487,0.00196
42.20000,1.05394,0.04718,0.00509,0.94603,0.00170
42.30000,1.05394,0.06128,0.00805,0.92877,0.00189
42.40000,1.05394,0.04749,0.00536,0.94510,0.00206
42.50000,1.05394,0.05860,0.00809,0.93106,0.00225
42.60000,1.05394,0.04290,0.00528,0.94967,0.00215
42.70000,1.05394,0.04533,0.00859,0.94328,0.00280
42.80000,1.05394,0.03799,0.00607,0.95336,0.00258
42.90000,1.05394,0.04203,0.00911,0.94620,0.00266
43.00000,1.05394,0.04066,0.00721,0.94915,0.00299
43.10000,1.05394,0.04303,0.00870,0.94407,0.00419
43.20000,1.05394,0.04407,0.00739,0.94480,0.00374
43.30000,1.05394,0.04280,0.00765,0.94482,0.00473
43.40000,1.05394,0.04894,0.00775,0.93939,0.00393
43.50000,1.05394,0.04776,0.00851,0.93959,0.00414
43.60000,1.05394,0.07273,0.00680,0.91685,0.00362
43.70000,1.05394,0.05585,0.00827,0.93187,0.00401
43.80000,1.05394,0.05634,0.00442,0.93641,0.00283
43.90000,1.05394,0.06322,0.00777,0.92537,0.00363
44.00000,1.05394,0.05398,0.00523,0.93810,0.00269
44.10000,1.05394,0.05675,0.00689,0.93348,0.00288
44.20000,1.05394,0.05420,0.00443,0.93923,0.00215
44.30000,1.05394,0.05178,0.00643,0.93963,0.00216
44.40000,1.05394,0.04452,0.00694,0.94654,0.00200
44.50000,1.05394,0.05182,0.00803,0.93777,0.00238
44.60000,1.05394,0.04510,0.00853,0.94454,0.00183
44.70000,1.05394,0.04206,0.00796,0.94745,0.00253
44.80000,1.05394,0.04063,0.01004,0.94707,0.00226
44.90000,1.05394,0.03809,0.00694,0.95265,0.00233
45.00000,1.05394,0.04360,0.01019,0.94367,0.00254
45.10000,1.05394,0.04163,0.01080,0.94437,0.00320
45.20000,1.05394,0.04759,0.01277,0.93672,0.00292
45.30000,1.05394,0.04115,0.01015,0.94526,0.00344
45.40000,1.05394,0.04782,0.01085,0.93776,0.00357
45.50000,1.05394,0.04404,0.00986,0.94206,0.00404
45.60000,1.05394,0.04090,0.00944,0.94609,0.00357
45.70000,1.05394,0.03757,0.00739,0.95205,0.00300
45.80000,1.05394,0.04238,0.00709,0.94812,0.00241
45.90000,1.05394,0.05198,0.00832,0.93721,0.00248
46.00000,1.05394,0.03898,0.00466,0.95435,0.00201
46.10000,1.05394,0.05035,0.00688,0.94011,0.00267
46.20000,1.05394,0.04553,0.00611,0.94591,0.00245
46.30000,1.05394,0.04590,0.00765,0.94337,0.00307
46.40000,1.05394,0.04848,0.00603,0.94312,0.00238
46.50000,1.05394,0.04764,0.00846,0.94067,0.00323
46.60000,1.05394,0.05604,0.00894,0.93143,0.00359
46.70000,1.05394,0.05510,0.00922,0.93154,0.00413
46.80000,1.05394,0.07404,0.01098,0.90922,0.00576
46.90000,1.05394,0.06444,0.01125,0.91938,0.00492
47.00000,1.05394,0.06799,0.01244,0.91439,0.00518
47.10000,1.05394,0.06538,0.01406,0.91474,0.00582
47.20000,1.05394,0.06374,0.01348,0.91835,0.00444
47.30000,1.05394,0.05944,0.01119,0.92528,0.00410
47.40000,1.05394,0.05405,0.01128,0.93118,0.00350
47.50000,1.05394,0.05970,0.01248,0.92445,0.00337
47.60000,1.05394,0.05683,0.01202,0.92751,0.00364
47.70000,1.05394,0.05855,0.01169,0.92612,0.00364
47.80000,1.05394,0.05260,0.01080,0.93369,0.00291
47.90000,1.05394,0.04992,0.01092,0.93609,0.00307
48.00000,1.05394,0.04606,0.00834,0.94285,0.00274
48.10000,1.05394,0.04667,0.01019,0.94038,0.00276
48.20000,1.05394,0.05462,0.00912,0.93374,0.00252
48.30000,1.05394,0.06293,0.01386,0.91979,0.00341
48.40000,1.05394,0.05538,0.01083,0.93065,0.00314
48.50000,1.05394,0.05767,0.01504,0.92387,0.00342
48.60000,1.05394,0.05357,0.01093,0.93217,0.00333
48.70000,1.05394,0.05570,0.01243,0.92849,0.00339
48.80000,1.05394,0.05282,0.01403,0.92972,0.00343
48.90000,1.05394,0.06238,0.01671,0.91649,0.00442
49.00000,1.05394,0.05810,0.01710,0.92062,0.00418
49.10000,1.05394,0.06113,0.01470,0.92004,0.00413
49.20000,1.05394,0.06391,0.01563,0.91569,0.00477
49.30000,1.05394,0.06584,0.01310,0.91723,0.00384
49.40000,1.05394,0.06032,0.01406,0.92133,0.00429
49.50000,1.05394,0.07877,0.01238,0.90463,0.00423
49.60000,1.05394,0.06837,0.01344,0.91365,0.00454
49.70000,1.05394,0.07504,0.01401,0.90659,0.00436
49.80000,1.05394,0.07835,0.01368,0.90467,0.00331
49.90000,1.05394,0.05439,0.01069,0.93175,0.00317
50.00000,1.05394,0.06546,0.01246,0.91823,0.00385
50.10000,1.05394,0.06139,0.01054,0.92506,0.00301
50.20000,1.05394,0.05138,0.01138,0.93417,0.00306
50.30000,1.05394,0.05891,0.01059,0.92780,0.00270
50.40000,1.05394,0.05077,0.00697,0.94022,0.00204
50.50000,1.05394,0.04705,0.00958,0.94060,0.00277
50.60000,1.05394,0.03719,0.00736,0.95341,0.00204
50.70000,1.05394,0.04217,0.00789,0.94783,0.00211
50.80000,1.05394,0.04427,0.00762,0.94546,0.00265
50.90000,1.05394,0.04424,0.00708,0.94610,0.00258
51.00000,1.05394,0.04249,0.00701,0.94808,0.00241
51.10000,1.05394,0.04575,0.00774,0.94360,0.00290
51.20000,1.05394,0.05348,0.00867,0.93479,0.00307
51.30000,1.05394,0.04899,0.00773,0.94001,0.00327
51.40000,1.05394,0.04667,0.00766,0.94214,0.00352
51.50000,1.05394,0.04272,0.00821,0.94553,0.00354
51.60000,1.05394,0.04939,0.00946,0.93712,0.00403
51.70000,1.05394,0.04011,0.00725,0.94946,0.00318
51.80000,1.05394,0.05433,0.00980,0.93152,0.00435
51.90000,1.05394,0.04908,0.01298,0.93405,0.00388
52.00000,1.05394,0.06290,0.01312,0.91840,0.00559
52.10000,1.05394,0.05199,0.01081,0.93333,0.00387
52.20000,1.05394,0.05969,0.01269,0.92251,0.00512
52.30000,1.05394,0.06431,0.00994,0.92136,0.00438
52.40000,1.05394,0.07116,0.01227,0.91132,0.00525
52.50000,1.05394,0.06659,0.01167,0.91723,0.00452
52.60000,1.05394,0.06086,0.01248,0.92221,0.00445
52.70000,1.05394,0.06035,0.00917,0.92690,0.00358
52.80000,1.05394,0.05650,0.00885,0.93181,0.00283
52.90000,1.05394,0.06391,0.00928,0.92349,0.00333
53.00000,1.05394,0.05735,0.01027,0.92918,0.00320
53.10000,1.05394,0.05982,0.01347,0.92335,0.00337
53.20000,1.05394,0.04982,0.00911,0.93841,0.00266
53.30000,1.05394,0.05612,0.01384,0.92655,0.00349
53.40000,1.05394,0.05751,0.01164,0.92780,0.00305
53.50000,1.05394,0.06327,0.01555,0.91706,0.00412
53.60000,1.05394,0.06084,0.01350,0.92157,0.00409
53.70000,1.05394,0.07793,0.01735,0.89955,0.00517
53.80000,1.05394,0.06015,0.01847,0.91550,0.00589
53.90000,1.05394,0.08241,0.01714,0.89459,0.00586
54.00000,1.05394,0.06206,0.01123,0.92091,0.00579
54.10000,1.05394,0.06810,0.01502,0.91195,0.00494
54.20000,1.05394,0.05708,0.00955,0.92909,0.00427
54.30000,1.05394,0.07336,0.01156,0.91019,0.00489
54.40000,1.05394,0.05978,0.00846,0.92835,0.00341
54.50000,1.05394,0.05506,0.00824,0.93323,0.00348
54.60000,1.05394,0.05291,0.00686,0.93748,0.00275
54.70000,1.05394,0.04983,0.00758,0.93991,0.00268
54.80000,1.05394,0.04648,0.00505,0.94636,0.00211
54.90000,1.05394,0.04523,0.00802,0.94428,0.00247
55.00000,1.05394,0.05234,0.00756,0.93744,0.00267
55.10000,1.05394,0.04682,0.00871,0.94194,0.00254
55.20000,1.05394,0.04274,0.00765,0.94656,0.00305
55.30000,1.05394,0.05662,0.00987,0.92965,0.00386
55.40000,1.05394,0.04765,0.00785,0.94137,0.00313
55.50000,1.05394,0.04929,0.00802,0.93934,0.00335
55.60000,1.05394,0.05430,0.00844,0.93335,0.00392
55.70000,1.05394,0.04761,0.00833,0.93998,0.00408
55.80000,1.05394,0.05546,0.00912,0.93104,0.00438
55.90000,1.05394,0.05285,0.00732,0.93654,0.00330
56.00000,1.05394,0.05240,0.00815,0.93547,0.00397
56.10000,1.05394,0.05855,0.01044,0.92677,0.00424
56.20000,1.05394,0.04291,0.01006,0.94321,0.00382
56.30000,1.05394,0.05747,0.01214,0.92635,0.00403
56.40000,1.05394,0.05254,0.01337,0.92987,0.00422
56.50000,1.05394,0.05679,0.01557,0.92313,0.00450
56.60000,1.05394,0.05346,0.01612,0.92596,0.00445
56.70000,1.05394,0.04954,0.01384,0.93220,0.00441
56.80000,1.05394,0.05839,0.01845,0.91802,0.00514
56.90000,1.05394,0.07021,0.01380,0.91081,0.00518
57.00000,1.05394,0.06799,0.01672,0.91100,0.00429
57.10000,1.05394,0.07038,0.01259,0.91327,0.00377
57.20000,1.05394,0.06372,0.01283,0.91969,0.00375
57.30000,1.05394,0.05850,0.00973,0.92840,0.00338
57.40000,1.05394,0.06334,0.01103,0.92193,0.00369
57.50000,1.05394,0.06109,0.00911,0.92607,0.00373
57.60000,1.05394,0.05901,0.01142,0.92612,0.00345
57.70000,1.05394,0.05457,0.00730,0.93473,0.00340
57.80000,1.05394,0.06335,0.00981,0.92395,0.00290
57.90000,1.05394,0.04380,0.00693,0.94677,0.00250
58.00000,1.05394,0.04942,0.00659,0.94148,0.00251
58.10000,1.05394,0.03661,0.00590,0.95452,0.00297
58.20000,1.05394,0.04398,0.00680,0.94682,0.00240
58.30000,1.05394,0.04376,0.00856,0.94437,0.00331
58.40000,1.05394,0.04299,0.00652,0.94780,0.00268
58.50000,1.05394,0.03910,0.00639,0.95191,0.00261
58.60000,1.05394,0.04668,0.00637,0.94429,0.00266
58.70000,1.05394,0.04015,0.00717,0.94953,0.00315
58.80000,1.05394,0.04991,0.00829,0.93854,0.00326
58.90000,1.05394,0.04480,0.00823,0.94374,0.00323
59.00000,1.05394,0.05343,0.00856,0.93465,0.00336
59.10000,1.05394,0.05194,0.00920,0.93590,0.00297
59.20000,1.05394,0.04972,0.00767,0.93953,0.00308
59.30000,1.05394,0.05388,0.00899,0.93392,0.00321
59.40000,1.05394,0.05741,0.00998,0.92935,0.00326
59.50000,1.05394,0.06710,0.01087,0.91796,0.00407
59.60000,1.05394,0.06968,0.00980,0.91695,0.00358
59.70000,1.05394,0.07033,0.01124,0.91494,0.00349
59.80000,1.05394,0.07739,0.01100,0.90807,0.00354
59.90000,1.05394,0.05522,0.01140,0.92938,0.00400
60.00000,1.05394,0.06987,0.00973,0.91653,0.00387
60.10000,1.05394,0.06792,0.01489,0.91261,0.00459
60.20000,1.05394,0.06687,0.01001,0.92006,0.00306
60.30000,1.05394,0.05961,0.01192,0.92532,0.00316
60.40000,1.05394,0.05088,0.00843,0.93759,0.00309
60.50000,1.05394,0.05998,0.01067,0.92585,0.00350
60.60000,1.05394,0.04804,0.00780,0.94066,0.00350
60.70000,1.05394,0.05824,0.00922,0.92854,0.00400
60.80000,1.05394,0.05550,0.00963,0.93101,0.00386
60.90000,1.05394,0.05766,0.01122,0.92687,0.00425
61.00000,1.05394,0.04799,0.00780,0.94091,0.00330
61.10000,1.05394,0.05299,0.00780,0.93574,0.00348
61.20000,1.05394,0.05583,0.00895,0.93031,0.00492
61.30000,1.05394,0.05082,0.00968,0.93515,0.00435
61.40000,1.05394,0.04379,0.00848,0.94367,0.00407
61.50000,1.05394,0.04995,0.01050,0.93518,0.00437
61.60000,1.05394,0.05386,0.01002,0.93208,0.00404
61.70000,1.05394,0.03980,0.00919,0.94723,0.00379
61.80000,1.05394,0.03858,0.01047,0.94734,0.00360
61.90000,1.05394,0.04362,0.00852,0.94444,0.00342
62.00000,1.05394,0.05583,0.01634,0.92252,0.00531
62.10000,1.05394,0.05458,0.00944,0.93182,0.00416
62.20000,1.05394,0.05314,0.01297,0.92964,0.00425
62.30000,1.05394,0.05743,0.01021,0.92811,0.00425
62.40000,1.05394,0.07249,0.01309,0.91062,0.00379
62.50000,1.05394,0.06018,0.00991,0.92516,0.00475
62.60000,1.05394,0.05519,0.01007,0.93040,0.00434
62.70000,1.05394,0.06070,0.00800,0.92740,0.00390
62.80000,1.05394,0.05667,0.00911,0.93049,0.00373
62.90000,1.05394,0.05982,0.00882,0.92695,0.00441
63.00000,1.05394,0.05604,0.00831,0.93267,0.00298
63.10000,1.05394,0.04664,0.00919,0.94013,0.00403
63.20000,1.05394,0.05184,0.01073,0.93321,0.00421
63.30000,1.05394,0.06311,0.01198,0.91986,0.00505
63.40000,1.05393,0.05488,0.01221,0.92840,0.00451
63.50000,1.05394,0.07016,0.01180,0.91297,0.00506
63.60000,1.05394,0.06276,0.01622,0.91602,0.00499
63.70000,1.05394,0.07199,0.01276,0.90936,0.00590
63.80000,1.05394,0.07077,0.01545,0.90767,0.00611
63.90000,1.05393,0.08835,0.01260,0.89344,0.00561
64.00000,1.05394,0.08138,0.01207,0.90127,0.00527
64.10000,1.05394,0.07841,0.01069,0.90553,0.00537
64.20000,1.05394,0.08637,0.01359,0.89478,0.00526
64.30000,1.05393,0.07474,0.01233,0.90730,0.00564
64.40000,1.05393,0.06668,0.01137,0.91722,0.00474
64.50000,1.05394,0.05954,0.01189,0.92357,0.00501
64.60000,1.05394,0.06444,0.01005,0.92139,0.00412
64.70000,1.05394,0.04642,0.01013,0.93920,0.00425
64.80000,1.05393,0.06017,0.00900,0.92753,0.00330
64.90000,1.05393,0.04832,0.01043,0.93722,0.00404
65.00000,1.05394,0.05266,0.01137,0.93206,0.00391
65.10000,1.05394,0.05014,0.01233,0.93338,0.00415
65.20000,1.05394,0.05550,0.01145,0.92813,0.00491
65.30000,1.05393,0.05084,0.01181,0.93219,0.00516
65.40000,1.05393,0.05635,0.01124,0.92721,0.00520
65.50000,1.05394,0.05569,0.01025,0.92926,0.00480
65.60000,1.05394,0.04751,0.00991,0.93840,0.00418
65.70000,1.05394,0.05076,0.01167,0.93265,0.00492
65.80000,1.05393,0.04690,0.01168,0.93606,0.00537
65.90000,1.05393,0.04211,0.00995,0.94353,0.00441
66.00000,1.05394,0.05206,0.01170,0.93068,0.00557
66.10000,1.05394,0.04852,0.01049,0.93639,0.00460
66.20000,1.05394,0.06046,0.01271,0.92204,0.00479
66.30000,1.05393,0.04824,0.01017,0.93832,0.00327
66.40000,1.05393,0.07040,0.01697,0.90832,0.00431
66.50000,1.05394,0.07330,0.01151,0.91159,0.00359
66.60000,1.05394,0.08113,0.01704,0.89655,0.00528
66.70000,1.05394,0.07887,0.01256,0.90486,0.00372
66.80000,1.05393,0.09105,0.01968,0.88412,0.00516
66.90000,1.05393,0.08183,0.01461,0.89996,0.00360
67.00000,1.05394,0.08984,0.02311,0.88172,0.00533
67.10000,1.05394,0.09107,0.01587,0.88845,0.00461
67.20000,1.05394,0.07996,0.02061,0.89359,0.00585
67.30000,1.05393,0.06477,0.01424,0.91679,0.00420
67.40000,1.05393,0.07188,0.01720,0.90567,0.00525
67.50000,1.05394,0.07489,0.01655,0.90412,0.00445
67.60000,1.05394,0.05769,0.01344,0.92523,0.00364
67.70000,1.05394,0.06025,0.01576,0.92020,0.00378
67.80000,1.05393,0.06486,0.01255,0.91781,0.00478
67.90000,1.05393,0.09161,0.01785,0.88654,0.00399
68.00000,1.05394,0.06951,0.01313,0.91252,0.00484
68.10000,1.05394,0.07944,0.02495,0.89133,0.00428
68.20000,1.05394,0.08219,0.01624,0.89553,0.00603
68.30000,1.05393,0.08061,0.02216,0.89207,0.00516
68.40000,1.05393,0.07980,0.01959,0.89494,0.00567
68.50000,1.05394,0.08579,0.01665,0.89179,0.00578
68.60000,1.05394,0.08493,0.01313,0.89633,0.00562
68.70000,1.05394,0.07905,0.01292,0.90397,0.00405
68.80000,1.05393,0.07549,0.01244,0.90764,0.00444
68.90000,1.05393,0.09070,0.01185,0.89249,0.00496
69.00000,1.05394,0.09175,0.01376,0.89020,0.00429
69.10000,1.05394,0.08237,0.01320,0.89998,0.00444
69.20000,1.05394,0.06850,0.00994,0.91787,0.00369
69.30000,1.05393,0.08007,0.01039,0.90540,0.00414
69.40000,1.05393,0.06652,0.00937,0.91999,0.00412
69.50000,1.05394,0.08214,0.01100,0.90259,0.00428
69.60000,1.05394,0.07760,0.01155,0.90627,0.00458
69.70000,1.05394,0.09498,0.01468,0.88587,0.00447
69.80000,1.05393,0.07228,0.00935,0.91469,0.00368
69.90000,1.05393,0.07439,0.01460,0.90759,0.00342
70.00000,1.05394,0.07241,0.00929,0.91426,0.00404
70.10000,1.05394,0.07661,0.01375,0.90522,0.00443
70.20000,1.05394,0.07163,0.00992,0.91436,0.00409
70.30000,1.05393,0.06287,0.01221,0.92118,0.00374
70.40000,1.05393,0.07296,0.01180,0.91066,0.00457
70.50000,1.05394,0.05703,0.01033,0.92874,0.00391
70.60000,1.05394,0.06854,0.01227,0.91369,0.00550
70.70000,1.05394,0.06225,0.01145,0.92192,0.00439
70.80000,1.05393,0.06753,0.01165,0.91576,0.00506
70.90000,1.05393,0.07037,0.01292,0.91271,0.00399
71.00000,1.05394,0.07217,0.01397,0.90916,0.00470
71.10000,1.05394,0.07233,0.01397,0.90925,0.00445
71.20000,1.05394,0.08393,0.01409,0.89795,0.00402
71.30000,1.05393,0.09446,0.01591,0.88527,0.00436
71.40000,1.05393,0.07480,0.01298,0.90800,0.00422
71.50000,1.05394,0.07057,0.01160,0.91420,0.00363
71.60000,1.05394,0.06858,0.01188,0.91603,0.00351
71.70000,1.05394,0.07005,0.01525,0.91077,0.00394
71.80000,1.05393,0.06639,0.00798,0.92275,0.00288
71.90000,1.05393,0.07190,0.01251,0.91213,0.00346
72.00000,1.05394,0.06114,0.00795,0.92773,0.00318
72.10000,1.05394,0.07255,0.01090,0.91380,0.00274
72.20000,1.05394,0.07138,0.01151,0.91355,0.00356
72.30000,1.05393,0.07562,0.01196,0.90901,0.00342
72.40000,1.05393,0.07662,0.01139,0.90793,0.00406
72.50000,1.05394,0.11085,0.01862,0.86590,0.00463
72.60000,1.05394,0.08736,0.01320,0.89497,0.00447
72.70000,1.05394,0.11426,0.01856,0.86356,0.00361
72.80000,1.05393,0.09647,0.01615,0.88367,0.00371
72.90000,1.05393,0.11002,0.01920,0.86643,0.00435
73.00000,1.05394,0.08728,0.01388,0.89529,0.00355
73.10000,1.05394,0.10769,0.01468,0.87339,0.00424
73.20000,1.05394,0.08890,0.01057,0.89728,0.00325
73.30000,1.05393,0.09267,0.01249,0.89057,0.00427
73.40000,1.05393,0.07433,0.00992,0.91216,0.00359
73.50000,1.05394,0.09127,0.01031,0.89413,0.00428
73.60000,1.05394,0.11502,0.01268,0.86826,0.00405
73.70000,1.05394,0.15792,0.01143,0.82623,0.00441
73.80000,1.05393,0.10773,0.01098,0.87735,0.00394
73.90000,1.05393,0.14514,0.01076,0.83896,0.00514
74.00000,1.05394,0.13951,0.01220,0.84233,0.00596
74.10000,1.05394,0.15947,0.01496,0.81867,0.00690
74.20000,1.05394,0.15114,0.01115,0.83326,0.00444
74.30000,1.05393,0.12462,0.01126,0.85761,0.00651
74.40000,1.05393,0.11330,0.01178,0.86997,0.00495
74.50000,1.05394,0.11880,0.01284,0.86198,0.00638
74.60000,1.05394,0.11344,0.00902,0.87276,0.00478
74.70000,1.05394,0.07962,0.01163,0.90195,0.00681
74.80000,1.05393,0.06949,0.00897,0.91700,0.00455
74.90000,1.05393,0.06715,0.01095,0.91726,0.00465
75.00000,1.05394,0.06651,0.00889,0.92077,0.00383
75.10000,1.05394,0.09270,0.01089,0.89149,0.00491
75.20000,1.05394,0.06590,0.00834,0.92143,0.00433
75.30000,1.05393,0.08092,0.01315,0.90012,0.00581
75.40000,1.05393,0.06508,0.00996,0.91988,0.00509
75.50000,1.05394,0.07255,0.01284,0.90887,0.00575
75.60000,1.05394,0.07899,0.01063,0.90577,0.00461
75.70000,1.05394,0.07679,0.01523,0.90125,0.00673
75.80000,1.05393,0.06132,0.01219,0.92168,0.00481
75.90000,1.05393,0.06642,0.01362,0.91526,0.00471
76.00000,1.05394,0.07286,0.01428,0.90821,0.00464
76.10000,1.05394,0.07858,0.01997,0.89612,0.00533
76.20000,1.05394,0.06396,0.01277,0.91959,0.00367
76.30000,1.05393,0.07425,0.01657,0.90482,0.00436
76.40000,1.05393,0.07652,0.01377,0.90594,0.00377
76.50000,1.05394,0.09390,0.01375,0.88886,0.00349
76.60000,1.05394,0.07563,0.01346,0.90726,0.00365
76.70000,1.05394,0.08240,0.00971,0.90463,0.00325
76.80000,1.05393,0.08692,0.01484,0.89455,0.00368
76.90000,1.05393,0.08330,0.01170,0.90180,0.00320
77.00000,1.05394,0.05946,0.01024,0.92722,0.00308
77.10000,1.05394,0.06386,0.00774,0.92600,0.00240
77.20000,1.05394,0.06147,0.00911,0.92661,0.00281
77.30000,1.05393,0.05320,0.00762,0.93639,0.00279
77.40000,1.05393,0.06460,0.00829,0.92384,0.00327
77.50000,1.05394,0.05449,0.00995,0.93189,0.00367
77.60000,1.05394,0.05483,0.00832,0.93354,0.00331
77.70000,1.05394,0.06108,0.00906,0.92629,0.00357
77.80000,1.05393,0.05423,0.00881,0.93325,0.00371
77.90000,1.05393,0.07089,0.00956,0.91599,0.00355
78.00000,1.05394,0.05393,0.00953,0.93211,0.00443
78.10000,1.05394,0.06244,0.00984,0.92295,0.00477
78.20000,1.05394,0.07027,0.01089,0.91462,0.00421
78.30000,1.05393,0.06258,0.01089,0.92265,0.00388
78.40000,1.05393,0.06222,0.01050,0.92320,0.00407
78.50000,1.05394,0.06379,0.01315,0.91926,0.00380
78.60000,1.05394,0.06613,0.01170,0.91826,0.00391
78.70000,1.05394,0.06974,0.01189,0.91448,0.00388
78.80000,1.05393,0.07667,0.01213,0.90694,0.00427
78.90000,1.05393,0.07052,0.01403,0.91125,0.00420
79.00000,1.05394,0.08308,0.01152,0.90191,0.00350
79.10000,1.05394,0.06949,0.01317,0.91338,0.00396
79.20000,1.05394,0.07330,0.01020,0.91281,0.00370
79.30000,1.05393,0.06600,0.01418,0.91575,0.00407
79.40000,1.05393,0.07780,0.01044,0.90817,0.00359
79.50000,1.05394,0.06966,0.01085,0.91624,0.00325
79.60000,1.05394,0.07222,0.00817,0.91637,0.00324
79.70000,1.05394,0.06727,0.01119,0.91786,0.00368
79.80000,1.05393,0.06600,0.00678,0.92409,0.00313
79.90000,1.05393,0.07748,0.00748,0.91196,0.00308
80.00000,1.05394,0.07947,0.00751,0.90943,0.00359
80.10000,1.05394,0.06765,0.00844,0.92062,0.00329
80.20000,1.05394,0.08404,0.00915,0.90340,0.00342
80.30000,1.05393,0.07565,0.00713,0.91353,0.00369
80.40000,1.05393,0.07546,0.00805,0.91216,0.00433
80.50000,1.05394,0.06995,0.00747,0.91881,0.00377
80.60000,1.05394,0.07310,0.00833,0.91431,0.00426
80.70000,1.05394,0.06928,0.00941,0.91761,0.00370
80.80000,1.05393,0.08139,0.01094,0.90370,0.00397
80.90000,1.05393,0.06407,0.01116,0.92099,0.00377
81.00000,1.05394,0.06354,0.01020,0.92220,0.00407
81.10000,1.05394,0.08660,0.01748,0.89050,0.00543
81.20000,1.05394,0.07506,0.01251,0.90745,0.00499
81.30000,1.05393,0.07101,0.01635,0.90883,0.00381
81.40000,1.05393,0.08558,0.01386,0.89600,0.00455
81.50000,1.05394,0.08188,0.01550,0.89738,0.00524
81.60000,1.05394,0.07300,0.01652,0.90535,0.00513
81.70000,1.05394,0.08133,0.01645,0.89695,0.00527
81.80000,1.05393,0.07755,0.01749,0.89771,0.00725
81.90000,1.05393,0.08077,0.01842,0.89348,0.00733
82.00000,1.05394,0.08285,0.01880,0.89090,0.00744
82.10000,1.05394,0.05621,0.01209,0.92611,0.00558
82.20000,1.05394,0.06419,0.01263,0.91658,0.00660
82.30000,1.05393,0.06898,0.01376,0.91143,0.00583
82.40000,1.05393,0.06818,0.01183,0.91295,0.00705
82.50000,1.05394,0.04845,0.01050,0.93635,0.00471
82.60000,1.05394,0.07694,0.00952,0.90767,0.00587
82.70000,1.05394,0.05854,0.01144,0.92430,0.00572
82.80000,1.05393,0.06042,0.00629,0.92940,0.00389
82.90000,1.05393,0.05309,0.00684,0.93687,0.00320
83.00000,1.05394,0.05911,0.00607,0.93148,0.00334
83.10000,1.05394,0.06200,0.00899,0.92566,0.00334
83.20000,1.05394,0.08091,0.00991,0.90596,0.00322
83.30000,1.05393,0.06225,0.00839,0.92610,0.00326
83.40000,1.05393,0.08861,0.01384,0.89388,0.00367
83.50000,1.05394,0.08768,0.01212,0.89663,0.00357
83.60000,1.05394,0.08646,0.01855,0.89106,0.00394
83.70000,1.05394,0.06356,0.01165,0.92174,0.00305
83.80000,1.05393,0.09165,0.01991,0.88500,0.00344
83.90000,1.05393,0.07992,0.01995,0.89554,0.00459
84.00000,1.05394,0.11909,0.02477,0.85177,0.00437
84.10000,1.05394,0.09433,0.02575,0.87371,0.00622
84.20000,1.05394,0.12089,0.03041,0.84070,0.00800
84.30000,1.05393,0.10925,0.02838,0.85514,0.00724
84.40000,1.05393,0.11063,0.02049,0.86382,0.00506
84.50000,1.05394,0.09435,0.02153,0.87798,0.00614
84.60000,1.05394,0.16356,0.02777,0.80174,0.00694
84.70000,1.05394,0.14037,0.03117,0.82204,0.00643
84.80000,1.05393,0.14187,0.02333,0.82943,0.00537
84.90000,1.05393,0.12000,0.02019,0.85501,0.00479
85.00000,1.05394,0.11015,0.01796,0.86787,0.00401
85.10000,1.05394,0.10574,0.01646,0.87431,0.00349
85.20000,1.05394,0.09799,0.01620,0.88197,0.00385
85.30000,1.05393,0.10921,0.01656,0.86969,0.00454
85.40000,1.05393,0.09165,0.01657,0.88709,0.00469
85.50000,1.05394,0.08934,0.02213,0.88417,0.00436
85.60000,1.05394,0.09309,0.01725,0.88521,0.00445
85.70000,1.05394,0.08765,0.02058,0.88740,0.00436
85.80000,1.05393,0.08290,0.02027,0.89189,0.00494
85.90000,1.05393,0.10858,0.02123,0.86673,0.00346
86.00000,1.05394,0.07470,0.01817,0.90303,0.00411
86.10000,1.05394,0.08335,0.01768,0.89480,0.00417
86.20000,1.05394,0.08680,0.02541,0.88265,0.00514
86.30000,1.05393,0.08712,0.02096,0.88821,0.00371
86.40000,1.05393,0.07510,0.03331,0.88628,0.00531
86.50000,1.05394,0.11643,0.01883,0.85919,0.00555
86.60000,1.05394,0.13060,0.06322,0.79634,0.00984
86.70000,1.05394,0.12612,0.02692,0.83970,0.00727
86.80000,1.05393,0.13140,0.06569,0.78965,0.01326
86.90000,1.05393,0.12911,0.03392,0.82478,0.01219
87.00000,1.05394,0.12551,0.07153,0.79216,0.01079
87.10000,1.05394,0.14465,0.04601,0.79556,0.01378
87.20000,1.05394,0.14484,0.09204,0.74306,0.02006
87.30000,1.05393,0.18740,0.06492,0.72652,0.02115
87.40000,1.05393,0.15909,0.07376,0.74393,0.02322
87.50000,1.05394,0.13481,0.06332,0.77863,0.02323
87.60000,1.05394,0.14451,0.05024,0.78781,0.01744
87.70000,1.05394,0.11665,0.05882,0.80128,0.02326
87.80000,1.05393,0.15388,0.06828,0.75297,0.02487
87.90000,1.05393,0.20680,0.11466,0.64957,0.02897
88.00000,1.05394,0.16816,0.08036,0.72174,0.02974
88.10000,1.05394,0.16933,0.06398,0.74167,0.02502
88.20000,1.05394,0.17658,0.07069,0.72868,0.02405
88.30000,1.05393,0.16885,0.05533,0.75861,0.01721
88.40000,1.05393,0.15802,0.04587,0.78247,0.01364
88.50000,1.05394,0.17522,0.05095,0.75934,0.01449
88.60000,1.05394,0.17021,0.03979,0.77662,0.01338
88.70000,1.05394,0.12162,0.04585,0.82074,0.01179
88.80000,1.05393,0.14497,0.02763,0.81871,0.00869
88.90000,1.05393,0.10214,0.02778,0.86216,0.00791
89.00000,1.05394,0.13043,0.02864,0.83357,0.00736
89.10000,1.05394,0.08644,0.03114,0.87623,0.00620
89.20000,1.05394,0.09146,0.01681,0.88631,0.00542
89.30000,1.05393,0.06743,0.02200,0.90569,0.00488
89.40000,1.05393,0.08943,0.01710,0.88791,0.00555
89.50000,1.05394,0.06479,0.01972,0.91039,0.00509
89.60000,1.05394,0.06580,0.01454,0.91484,0.00482
89.70000,1.05394,0.06942,0.01455,0.91244,0.00359
89.80000,1.05393,0.06917,0.01279,0.91367,0.00438
89.90000,1.05393,0.06824,0.01706,0.91079,0.00391
90.00000,1.05394,0.06713,0.01376,0.91468,0.00443
90.10000,1.05394,0.07169,0.01829,0.90562,0.00439
90.20000,1.05394,0.06732,0.01583,0.91181,0.00504
90.30000,1.05393,0.07214,0.01628,0.90661,0.00497
90.40000,1.05393,0.06179,0.01370,0.92011,0.00440
90.50000,1.05394,0.07860,0.01645,0.90068,0.00426
90.60000,1.05394,0.06877,0.01763,0.90912,0.00448
90.70000,1.05394,0.08681,0.01505,0.89264,0.00550
90.80000,1.05393,0.08512,0.01502,0.89549,0.00438
90.90000,1.05393,0.09308,0.01418,0.88837,0.00437
91.00000,1.05394,0.08055,0.01187,0.90333,0.00425
91.10000,1.05394,0.08924,0.00928,0.89831,0.00318
91.20000,1.05394,0.07352,0.01123,0.91172,0.00353
91.30000,1.05393,0.08608,0.01001,0.90065,0.00326
91.40000,1.05393,0.08190,0.01445,0.89980,0.00385
91.50000,1.05394,0.09441,0.01539,0.88666,0.00353
91.60000,1.05394,0.08840,0.01566,0.89290,0.00304
91.70000,1.05394,0.08889,0.01524,0.89251,0.00336
91.80000,1.05393,0.11060,0.01645,0.86913,0.00382
91.90000,1.05393,0.10891,0.01483,0.87310,0.00316
92.00000,1.05394,0.11465,0.01622,0.86562,0.00350
92.10000,1.05394,0.12321,0.01583,0.85678,0.00417
92.20000,1.05394,0.12076,0.01281,0.86225,0.00418
92.30000,1.05393,0.13529,0.01379,0.84562,0.00531
92.40000,1.05393,0.11924,0.01096,0.86466,0.00514
92.50000,1.05394,0.12120,0.01310,0.86009,0.00561
92.60000,1.05394,0.15717,0.01131,0.82578,0.00573
92.70000,1.05394,0.13884,0.01988,0.83346,0.00781
92.80000,1.05393,0.15157,0.01970,0.82135,0.00737
92.90000,1.05393,0.12491,0.02592,0.84200,0.00717
93.00000,1.05394,0.14346,0.02449,0.82310,0.00896
93.10000,1.05394,0.11975,0.02838,0.84289,0.00899
93.20000,1.05394,0.13403,0.02760,0.83103,0.00733
93.30000,1.05393,0.11282,0.03518,0.84387,0.00813
93.40000,1.05393,0.12257,0.03521,0.83511,0.00710
93.50000,1.05394,0.11065,0.04467,0.83644,0.00824
93.60000,1.05394,0.09982,0.03310,0.86066,0.00641
93.70000,1.05394,0.08772,0.03390,0.87201,0.00637
93.80000,1.05393,0.09628,0.03285,0.86526,0.00562
93.90000,1.05393,0.08059,0.03247,0.88267,0.00427
94.00000,1.05394,0.07648,0.03126,0.88783,0.00444
94.10000,1.05394,0.07194,0.02755,0.89600,0.00450
94.20000,1.05394,0.08759,0.03513,0.87195,0.00532
94.30000,1.05393,0.07882,0.02417,0.89287,0.00414
94.40000,1.05393,0.10012,0.02792,0.86649,0.00547
94.50000,1.05394,0.07997,0.02102,0.89427,0.00474
94.60000,1.05394,0.08953,0.02404,0.88117,0.00526
94.70000,1.05394,0.11732,0.02143,0.85590,0.00536
94.80000,1.05393,0.11390,0.02695,0.85167,0.00749
94.90000,1.05393,0.11720,0.02952,0.84701,0.00628
95.00000,1.05394,0.11028,0.03410,0.84821,0.00741
95.10000,1.05394,0.10001,0.02676,0.86715,0.00607
95.20000,1.05394,0.10777,0.02399,0.86239,0.00586
95.30000,1.05393,0.08907,0.02159,0.88392,0.00543
95.40000,1.05393,0.09269,0.02374,0.87840,0.00517
95.50000,1.05394,0.07065,0.01965,0.90307,0.00662
95.60000,1.05394,0.07494,0.01843,0.90059,0.00605
95.70000,1.05394,0.06223,0.01604,0.91528,0.00646
95.80000,1.05393,0.06685,0.01373,0.91482,0.00460
95.90000,1.05393,0.05825,0.01293,0.92251,0.00631
96.00000,1.05394,0.06236,0.01609,0.91589,0.00566
96.10000,1.05394,0.08241,0.01140,0.89978,0.00641
96.20000,1.05394,0.05567,0.01167,0.92780,0.00486
96.30000,1.05393,0.06921,0.00885,0.91683,0.00511
96.40000,1.05393,0.06386,0.01072,0.92037,0.00505
96.50000,1.05394,0.07080,0.01231,0.91132,0.00557
96.60000,1.05394,0.08067,0.01373,0.90039,0.00520
96.70000,1.05394,0.09791,0.01785,0.87875,0.00549
96.80000,1.05393,0.09740,0.01647,0.88020,0.00594
96.90000,1.05393,0.10599,0.02152,0.86718,0.00531
97.00000,1.05394,0.09326,0.01382,0.88742,0.00549
97.10000,1.05394,0.11326,0.01615,0.86609,0.00449
97.20000,1.05394,0.10807,0.01194,0.87522,0.00477
97.30000,1.05393,0.15259,0.01305,0.83069,0.00367
97.40000,1.05393,0.11194,0.00795,0.87628,0.00383
97.50000,1.05394,0.19443,0.01107,0.78910,0.00541
97.60000,1.05394,0.28794,0.00735,0.69046,0.01425
97.70000,1.05394,0.32470,0.00601,0.63847,0.03083
97.80000,1.05393,0.32802,0.00574,0.56900,0.09723
97.90000,1.05393,0.50169,0.00490,0.36227,0.13115
98.00000,1.05394,0.50575,0.00456,0.30133,0.18835
98.10000,1.05394,0.57056,0.00376,0.17944,0.24625
98.20000,1.05394,0.52456,0.00338,0.13628,0.33578
98.30000,1.05393,0.58441,0.00180,0.07250,0.34129
98.40000,1.05393,0.59494,0.00119,0.05782,0.34606
98.50000,1.05394,0.77018,0.00084,0.03798,0.19100
98.60000,1.05394,0.83949,0.00109,0.03759,0.12183
98.70000,1.05394,0.91169,0.00072,0.03197,0.05562
98.80000,1.05393,0.93490,0.00071,0.02262,0.04177
98.90000,1.05393,0.95765,0.00055,0.01346,0.02834
99.00000,1.05394,0.97303,0.00040,0.00762,0.01895
99.10000,1.05394,0.97302,0.00043,0.00717,0.01938
99.20000,1.05394,0.97785,0.00047,0.00488,0.01681
99.30000,1.05393,0.98139,0.00040,0.00345,0.01475
99.40000,1.05393,0.97890,0.00045,0.00358,0.01707
99.50000,1.05394,0.97843,0.00041,0.00340,0.01776
99.60000,1.05394,0.97877,0.00043,0.00335,0.01744
99.70000,1.05394,0.97909,0.00043,0.00324,0.01725
99.80000,1.05393,0.98109,0.00041,0.00309,0.01542
99.90000,1.05393,0.98260,0.00039,0.00293,0.01408
100.00000,1.05394,0.98128,0.00041,0.00318,0.01512
100.10000,1.05394,0.98180,0.00041,0.00311,0.01468
100.20000,1.05394,0.98255,0.00042,0.00299,0.01404
100.30000,1.05393,0.98413,0.00038,0.00277,0.01272
100.40000,1.05393,0.98431,0.00039,0.00287,0.01244
100.50000,1.05394,0.98409,0.00040,0.00284,0.01267
100.60000,1.05394,0.98420,0.00040,0.00286,0.01254
100.70000,1.05394,0.98301,0.00043,0.00300,0.01357
100.80000,1.05393,0.98319,0.00041,0.00296,0.01345
100.90000,1.05393,0.98237,0.00043,0.00306,0.01415
101.00000,1.05394,0.98447,0.00041,0.00286,0.01226
101.10000,1.05394,0.98418,0.00038,0.00281,0.01263
101.20000,1.05394,0.98318,0.00038,0.00295,0.01350
101.30000,1.05393,0.98252,0.00040,0.00298,0.01410
101.40000,1.05393,0.98195,0.00044,0.00312,0.01450
101.50000,1.05394,0.98283,0.00041,0.00300,0.01376
101.60000,1.05394,0.98370,0.00036,0.00290,0.01304
101.70000,1.05394,0.98277,0.00034,0.00291,0.01397
101.80000,1.05393,0.98207,0.00035,0.00296,0.01462
101.90000,1.05393,0.98177,0.00033,0.00296,0.01494
102.00000,1.05394,0.98349,0.00033,0.00275,0.01342
102.10000,1.05394,0.98319,0.00033,0.00281,0.01366
102.20000,1.05394,0.98448,0.00035,0.00266,0.01251
102.30000,1.05393,0.98542,0.00032,0.00259,0.01167
102.40000,1.05393,0.98517,0.00033,0.00267,0.01183
102.50000,1.05394,0.98486,0.00033,0.00276,0.01205
102.60000,1.05394,0.98537,0.00033,0.00264,0.01167
