Time (seconds), Duration (seconds),pred_(unlabeled),pred_brushing_teeth,pred_hair_drying,pred_showering,pred_air,pred_plastic,pred_plastic_out,pred_wood,pred_wood_out
0.00000,1.02194,0.99865,0.00074,0.00006,0.00046,0.00002,0.00000,0.00000,0.00000,0.00007
0.14000,1.02194,0.99873,0.00050,0.00007,0.00061,0.00002,0.00000,0.00000,0.00000,0.00007
0.28000,1.02194,0.99852,0.00066,0.00008,0.00066,0.00002,0.00000,0.00000,0.00000,0.00006
0.42000,1.02194,0.99831,0.00088,0.00007,0.00065,0.00002,0.00000,0.00000,0.00000,0.00007
0.56000,1.02194,0.99561,0.00094,0.00020,0.00311,0.00003,0.00000,0.00001,0.00000,0.00010
0.70000,1.02194,0.99430,0.00119,0.00028,0.00411,0.00003,0.00000,0.00001,0.00000,0.00009
0.84000,1.02194,0.99641,0.00111,0.00022,0.00215,0.00002,0.00000,0.00001,0.00000,0.00008
0.98000,1.02194,0.98637,0.00177,0.00058,0.01114,0.00004,0.00000,0.00001,0.00000,0.00009
1.12000,1.02194,0.99078,0.00167,0.00044,0.00699,0.00003,0.00000,0.00001,0.00000,0.00009
1.26000,1.02194,0.99187,0.00135,0.00044,0.00621,0.00003,0.00000,0.00001,0.00000,0.00009
1.40000,1.02194,0.98545,0.00149,0.00066,0.01224,0.00005,0.00000,0.00001,0.00000,0.00010
1.54000,1.02194,0.99540,0.00165,0.00024,0.00256,0.00003,0.00000,0.00001,0.00000,0.00011
1.68000,1.02194,0.99477,0.00199,0.00031,0.00281,0.00003,0.00000,0.00001,0.00000,0.00009
1.82000,1.02194,0.99675,0.00083,0.00018,0.00211,0.00003,0.00000,0.00001,0.00000,0.00009
1.96000,1.02194,0.99830,0.00060,0.00009,0.00091,0.00002,0.00000,0.00000,0.00000,0.00008
2.10000,1.02194,0.99914,0.00032,0.00005,0.00041,0.00001,0.00000,0.00000,0.00000,0.00006
2.24000,1.02194,0.99923,0.00032,0.00004,0.00033,0.00001,0.00000,0.00000,0.00000,0.00006
2.38000,1.02194,0.99945,0.00018,0.00003,0.00027,0.00001,0.00000,0.00000,0.00000,0.00005
2.52000,1.02194,0.99931,0.00020,0.00004,0.00037,0.00002,0.00000,0.00000,0.00000,0.00005
2.66000,1.02194,0.99890,0.00047,0.00006,0.00049,0.00002,0.00000,0.00000,0.00000,0.00006
2.80000,1.02194,0.99316,0.00597,0.00017,0.00061,0.00002,0.00000,0.00000,0.00000,0.00007
2.94000,1.02194,0.93705,0.06083,0.00060,0.00138,0.00003,0.00000,0.00000,0.00000,0.00011
3.08000,1.02194,0.88516,0.11328,0.00031,0.00103,0.00002,0.00000,0.00001,0.00000,0.00019
3.22000,1.02194,0.24213,0.75661,0.00030,0.00089,0.00001,0.00000,0.00000,0.00001,0.00004
3.36000,1.02194,0.29663,0.70232,0.00001,0.00080,0.00000,0.00000,0.00002,0.00000,0.00021
3.50000,1.02194,0.32234,0.67667,0.00000,0.00052,0.00000,0.00000,0.00007,0.00000,0.00039
3.64000,1.02194,0.22191,0.77749,0.00000,0.00032,0.00000,0.00000,0.00004,0.00000,0.00024
3.78000,1.02194,0.03537,0.96455,0.00000,0.00006,0.00000,0.00000,0.00000,0.00000,0.00002
3.92000,1.02194,0.04177,0.95796,0.00000,0.00021,0.00000,0.00000,0.00001,0.00000,0.00004
4.06000,1.02194,0.01790,0.98181,0.00001,0.00027,0.00000,0.00000,0.00000,0.00000,0.00001
4.20000,1.02194,0.77767,0.22094,0.00000,0.00051,0.00000,0.00000,0.00010,0.00000,0.00077
4.34000,1.02194,0.60570,0.39375,0.00000,0.00013,0.00000,0.00000,0.00005,0.00000,0.00037
4.48000,1.02194,0.91015,0.08846,0.00000,0.00011,0.00000,0.00000,0.00016,0.00000,0.00112
4.62000,1.02194,0.96316,0.03552,0.00000,0.00026,0.00000,0.00000,0.00014,0.00000,0.00092
4.76000,1.02194,0.99733,0.00150,0.00000,0.00025,0.00000,0.00000,0.00010,0.00000,0.00082
4.90000,1.02194,0.99877,0.00070,0.00000,0.00019,0.00000,0.00000,0.00004,0.00000,0.00030
5.04000,1.02194,0.99964,0.00012,0.00000,0.00005,0.00000,0.00000,0.00001,0.00000,0.00017
5.18000,1.02194,0.99877,0.00082,0.00002,0.00031,0.00001,0.00000,0.00001,0.00000,0.00006
5.32000,1.02194,0.99972,0.00010,0.00001,0.00011,0.00001,0.00000,0.00000,0.00000,0.00004
5.46000,1.02194,0.99980,0.00009,0.00001,0.00006,0.00001,0.00000,0.00000,0.00000,0.00003
5.60000,1.02194,0.99980,0.00010,0.00001,0.00005,0.00001,0.00000,0.00000,0.00000,0.00004
5.74000,1.02194,0.99979,0.00010,0.00001,0.00005,0.00001,0.00000,0.00000,0.00000,0.00004
5.88000,1.02194,0.99983,0.00008,0.00001,0.00004,0.00001,0.00000,0.00000,0.00000,0.00004
6.02000,1.02194,0.99984,0.00007,0.00001,0.00005,0.00001,0.00000,0.00000,0.00000,0.00004
6.16000,1.02194,0.99980,0.00007,0.00001,0.00007,0.00001,0.00000,0.00000,0.00000,0.00004
6.30000,1.02194,0.99985,0.00005,0.00001,0.00006,0.00001,0.00000,0.00000,0.00000,0.00003
6.44000,1.02194,0.99984,0.00005,0.00001,0.00006,0.00001,0.00000,0.00000,0.00000,0.00003
6.58000,1.02194,0.99973,0.00013,0.00001,0.00008,0.00001,0.00000,0.00000,0.00000,0.00003
6.72000,1.02194,0.99950,0.00021,0.00001,0.00021,0.00001,0.00000,0.00000,0.00000,0.00005
6.86000,1.02194,0.99879,0.00011,0.00002,0.00099,0.00002,0.00000,0.00001,0.00000,0.00006
7.00000,1.02194,0.99896,0.00007,0.00002,0.00087,0.00001,0.00000,0.00001,0.00000,0.00006
7.14000,1.02194,0.99800,0.00026,0.00008,0.00161,0.00001,0.00000,0.00000,0.00000,0.00004
7.28000,1.02194,0.99820,0.00025,0.00006,0.00143,0.00001,0.00000,0.00000,0.00000,0.00005
7.42000,1.02194,0.99866,0.00019,0.00007,0.00102,0.00002,0.00000,0.00000,0.00000,0.00004
7.56000,1.02194,0.99749,0.00034,0.00028,0.00185,0.00000,0.00000,0.00000,0.00000,0.00004
7.70000,1.02194,0.99916,0.00054,0.00001,0.00009,0.00000,0.00000,0.00001,0.00000,0.00019
7.84000,1.02194,0.99906,0.00057,0.00000,0.00002,0.00000,0.00000,0.00002,0.00000,0.00033
7.98000,1.02194,0.99926,0.00044,0.00000,0.00001,0.00000,0.00000,0.00001,0.00000,0.00029
8.12000,1.02194,0.99958,0.00021,0.00000,0.00000,0.00000,0.00000,0.00001,0.00000,0.00020
8.26000,1.02194,0.99974,0.00018,0.00000,0.00001,0.00000,0.00000,0.00000,0.00000,0.00008
8.40000,1.02194,0.99983,0.00011,0.00000,0.00000,0.00000,0.00000,0.00000,0.00000,0.00004
8.54000,1.02194,0.99983,0.00007,0.00001,0.00004,0.00001,0.00000,0.00000,0.00000,0.00003
8.68000,1.02194,0.99976,0.00013,0.00001,0.00005,0.00001,0.00000,0.00000,0.00000,0.00004
8.82000,1.02194,0.99966,0.00018,0.00001,0.00009,0.00001,0.00000,0.00000,0.00000,0.00005
8.96000,1.02194,0.99963,0.00019,0.00001,0.00011,0.00001,0.00000,0.00000,0.00000,0.00005
9.10000,1.02194,0.99940,0.00034,0.00002,0.00017,0.00001,0.00000,0.00000,0.00000,0.00005
9.24000,1.02194,0.99913,0.00051,0.00003,0.00025,0.00001,0.00000,0.00000,0.00000,0.00006
9.38000,1.02194,0.99874,0.00087,0.00013,0.00020,0.00001,0.00000,0.00000,0.00000,0.00005
9.52000,1.02194,0.99976,0.00008,0.00001,0.00011,0.00000,0.00000,0.00000,0.00000,0.00004
9.66000,1.02194,0.99959,0.00011,0.00002,0.00018,0.00000,0.00000,0.00000,0.00000,0.00009
9.80000,1.02194,0.99963,0.00009,0.00001,0.00012,0.00000,0.00000,0.00001,0.00000,0.00015
9.94000,1.02194,0.99977,0.00008,0.00000,0.00004,0.00000,0.00000,0.00000,0.00000,0.00010
10.08000,1.02194,0.99986,0.00006,0.00000,0.00002,0.00000,0.00000,0.00000,0.00000,0.00005
10.22000,1.02194,0.99945,0.00014,0.00002,0.00033,0.00000,0.00000,0.00000,0.00000,0.00006
10.36000,1.02194,0.99965,0.00018,0.00001,0.00009,0.00001,0.00000,0.00000,0.00000,0.00005
10.50000,1.02194,0.99964,0.00020,0.00001,0.00009,0.00001,0.00000,0.00000,0.00000,0.00005
10.64000,1.02194,0.99956,0.00025,0.00002,0.00011,0.00001,0.00000,0.00000,0.00000,0.00005
10.78000,1.02194,0.99960,0.00021,0.00001,0.00011,0.00001,0.00000,0.00000,0.00000,0.00005
10.92000,1.02194,0.99942,0.00029,0.00002,0.00020,0.00001,0.00000,0.00000,0.00000,0.00005
11.06000,1.02194,0.99892,0.00065,0.00004,0.00031,0.00001,0.00000,0.00000,0.00000,0.00006
11.20000,1.02194,0.99351,0.00581,0.00013,0.00045,0.00002,0.00000,0.00000,0.00000,0.00007
11.34000,1.02194,0.98555,0.01180,0.00022,0.00226,0.00002,0.00000,0.00001,0.00000,0.00014
11.48000,1.02194,0.98941,0.00858,0.00017,0.00168,0.00002,0.00000,0.00001,0.00000,0.00014
11.62000,1.02194,0.99189,0.00644,0.00013,0.00138,0.00002,0.00000,0.00001,0.00000,0.00014
11.76000,1.02194,0.99496,0.00392,0.00010,0.00089,0.00001,0.00000,0.00001,0.00000,0.00011
11.90000,1.02194,0.99797,0.00159,0.00004,0.00030,0.00001,0.00000,0.00000,0.00000,0.00009
12.04000,1.02194,0.99930,0.00034,0.00002,0.00025,0.00001,0.00000,0.00000,0.00000,0.00006
12.18000,1.02194,0.99951,0.00010,0.00003,0.00030,0.00001,0.00000,0.00000,0.00000,0.00004
12.32000,1.02194,0.99962,0.00013,0.00002,0.00017,0.00001,0.00000,0.00000,0.00000,0.00004
12.46000,1.02194,0.99968,0.00013,0.00001,0.00012,0.00001,0.00000,0.00000,0.00000,0.00004
12.60000,1.02194,0.99973,0.00011,0.00001,0.00010,0.00001,0.00000,0.00000,0.00000,0.00004
12.74000,1.02194,0.99965,0.00015,0.00001,0.00013,0.00001,0.00000,0.00000,0.00000,0.00004
12.88000,1.02194,0.99967,0.00012,0.00001,0.00014,0.00001,0.00000,0.00000,0.00000,0.00005
13.02000,1.02194,0.99974,0.00008,0.00001,0.00012,0.00001,0.00000,0.00000,0.00000,0.00004
13.16000,1.02194,0.99946,0.00041,0.00002,0.00007,0.00001,0.00000,0.00000,0.00000,0.00003
13.30000,1.02194,0.99879,0.00108,0.00001,0.00006,0.00001,0.00000,0.00000,0.00000,0.00005
13.44000,1.02194,0.99836,0.00150,0.00001,0.00006,0.00001,0.00000,0.00000,0.00000,0.00007
13.58000,1.02194,0.99877,0.00112,0.00000,0.00003,0.00000,0.00000,0.00000,0.00000,0.00007
13.72000,1.02194,0.99801,0.00187,0.00001,0.00004,0.00000,0.00000,0.00000,0.00000,0.00007
13.86000,1.02194,0.99805,0.00181,0.00000,0.00004,0.00000,0.00000,0.00000,0.00000,0.00009
14.00000,1.02194,0.99861,0.00124,0.00001,0.00007,0.00001,0.00000,0.00000,0.00000,0.00007
14.14000,1.02194,0.99876,0.00081,0.00005,0.00031,0.00002,0.00000,0.00000,0.00000,0.00005
14.28000,1.02194,0.99555,0.00368,0.00008,0.00062,0.00002,0.00000,0.00000,0.00000,0.00006
14.42000,1.02194,0.98846,0.01060,0.00006,0.00072,0.00002,0.00000,0.00001,0.00000,0.00014
14.56000,1.02194,0.90584,0.09129,0.00059,0.00211,0.00004,0.00000,0.00001,0.00000,0.00013
14.70000,1.02194,0.94719,0.05014,0.00010,0.00231,0.00001,0.00000,0.00002,0.00000,0.00025
14.84000,1.02194,0.86803,0.13007,0.00010,0.00136,0.00001,0.00000,0.00002,0.00000,0.00040
14.98000,1.02194,0.99362,0.00346,0.00004,0.00242,0.00002,0.00000,0.00006,0.00000,0.00037
15.12000,1.02194,0.98531,0.00708,0.00026,0.00707,0.00005,0.00000,0.00004,0.00000,0.00018
15.26000,1.02194,0.99833,0.00000,0.00000,0.00149,0.00000,0.00000,0.00007,0.00000,0.00011
15.40000,1.02194,0.99891,0.00000,0.00000,0.00070,0.00000,0.00000,0.00018,0.00000,0.00020
15.54000,1.02194,0.99873,0.00002,0.00000,0.00080,0.00001,0.00000,0.00015,0.00000,0.00029
15.68000,1.02194,0.99132,0.00011,0.00002,0.00824,0.00001,0.00000,0.00008,0.00000,0.00021
15.82000,1.02194,0.98852,0.00003,0.00000,0.01123,0.00000,0.00000,0.00008,0.00000,0.00014
15.96000,1.02194,0.92024,0.00412,0.00129,0.07415,0.00008,0.00000,0.00003,0.00000,0.00008
16.10000,1.02194,0.95580,0.01944,0.00117,0.02345,0.00004,0.00000,0.00001,0.00000,0.00009
16.24000,1.02194,0.93220,0.06114,0.00072,0.00578,0.00003,0.00000,0.00001,0.00000,0.00013
16.38000,1.02194,0.76178,0.23665,0.00014,0.00121,0.00001,0.00000,0.00001,0.00000,0.00020
16.52000,1.02194,0.55676,0.44206,0.00007,0.00084,0.00000,0.00000,0.00001,0.00000,0.00027
16.66000,1.02194,0.29132,0.70700,0.00005,0.00139,0.00000,0.00000,0.00001,0.00000,0.00023
16.80000,1.02194,0.12388,0.87599,0.00001,0.00003,0.00000,0.00000,0.00000,0.00000,0.00009
16.94000,1.02194,0.20021,0.79955,0.00000,0.00001,0.00000,0.00000,0.00001,0.00000,0.00021
17.08000,1.02194,0.13131,0.86845,0.00004,0.00014,0.00000,0.00000,0.00000,0.00000,0.00005
17.22000,1.02194,0.89913,0.10004,0.00000,0.00025,0.00000,0.00000,0.00005,0.00000,0.00053
17.36000,1.02194,0.94096,0.05835,0.00000,0.00031,0.00000,0.00000,0.00004,0.00000,0.00034
17.50000,1.02194,0.99642,0.00290,0.00000,0.00017,0.00000,0.00000,0.00009,0.00000,0.00041
17.64000,1.02194,0.99882,0.00063,0.00000,0.00007,0.00000,0.00000,0.00007,0.00000,0.00041
17.78000,1.02194,0.99638,0.00011,0.00000,0.00136,0.00000,0.00000,0.00053,0.00000,0.00162
17.92000,1.02194,0.99404,0.00057,0.00001,0.00169,0.00016,0.00000,0.00111,0.00000,0.00241
18.06000,1.02194,0.98896,0.00013,0.00001,0.00233,0.00036,0.00000,0.00240,0.00000,0.00581
18.20000,1.02194,0.93725,0.00075,0.00069,0.01520,0.03243,0.00085,0.00451,0.00090,0.00743
18.34000,1.02194,0.87409,0.00210,0.00049,0.00997,0.07223,0.00273,0.00871,0.00492,0.02477
18.48000,1.02194,0.83876,0.00133,0.00077,0.03334,0.05849,0.00242,0.01768,0.00657,0.04063
18.62000,1.02194,0.04121,0.00189,0.00483,0.00436,0.17256,0.45660,0.00039,0.31727,0.00090
18.76000,1.02194,0.04343,0.00194,0.00518,0.00521,0.13066,0.45177,0.00042,0.36046,0.00092
18.90000,1.02194,0.03028,0.00153,0.00505,0.00309,0.08191,0.46547,0.00027,0.41184,0.00056
19.04000,1.02194,0.02774,0.00124,0.00506,0.00239,0.05920,0.45267,0.00025,0.45099,0.00046
19.18000,1.02194,0.02755,0.00104,0.00466,0.00202,0.04620,0.42954,0.00024,0.48831,0.00042
19.32000,1.02194,0.02632,0.00116,0.00577,0.00215,0.04581,0.44537,0.00024,0.47274,0.00042
19.46000,1.02194,0.03831,0.00144,0.00596,0.00318,0.06260,0.42435,0.00034,0.46321,0.00062
19.60000,1.02194,0.02502,0.00111,0.00563,0.00199,0.04681,0.45112,0.00021,0.46773,0.00037
19.74000,1.02194,0.48503,0.00335,0.00476,0.01875,0.10854,0.12283,0.00712,0.23870,0.01092
19.88000,1.02194,0.87553,0.00197,0.00104,0.02186,0.03042,0.00475,0.02127,0.01439,0.02876
20.02000,1.02194,0.96170,0.00050,0.00010,0.00238,0.00675,0.00014,0.00924,0.00063,0.01858
20.16000,1.02194,0.98698,0.00048,0.00010,0.00156,0.00296,0.00004,0.00186,0.00018,0.00585
20.30000,1.02194,0.98059,0.01446,0.00032,0.00128,0.00057,0.00002,0.00048,0.00016,0.00211
20.44000,1.02194,0.99573,0.00069,0.00000,0.00082,0.00003,0.00000,0.00047,0.00000,0.00226
20.58000,1.02194,0.99826,0.00060,0.00000,0.00043,0.00001,0.00000,0.00012,0.00000,0.00058
20.72000,1.02194,0.99929,0.00032,0.00000,0.00018,0.00000,0.00000,0.00002,0.00000,0.00018
20.86000,1.02194,0.99841,0.00126,0.00000,0.00017,0.00000,0.00000,0.00001,0.00000,0.00015
21.00000,1.02194,0.99861,0.00080,0.00000,0.00043,0.00000,0.00000,0.00001,0.00000,0.00014
21.14000,1.02194,0.99899,0.00044,0.00001,0.00047,0.00001,0.00000,0.00001,0.00000,0.00007
21.28000,1.02194,0.99680,0.00002,0.00000,0.00303,0.00001,0.00000,0.00002,0.00000,0.00012
21.42000,1.02194,0.99873,0.00012,0.00002,0.00043,0.00022,0.00000,0.00007,0.00000,0.00040
21.56000,1.02194,0.99742,0.00013,0.00001,0.00041,0.00018,0.00000,0.00031,0.00000,0.00154
21.70000,1.02194,0.99088,0.00019,0.00003,0.00120,0.00061,0.00001,0.00182,0.00006,0.00520
21.84000,1.02194,0.95820,0.00001,0.00000,0.00015,0.00002,0.00000,0.01761,0.00000,0.02402
21.98000,1.02194,0.87581,0.00001,0.00000,0.00014,0.00002,0.00000,0.05085,0.00000,0.07317
22.12000,1.02194,0.95720,0.00002,0.00000,0.00175,0.00005,0.00000,0.01578,0.00000,0.02520
22.26000,1.02194,0.97737,0.00100,0.00027,0.01274,0.00124,0.00004,0.00211,0.00022,0.00501
22.40000,1.02194,0.98982,0.00072,0.00014,0.00742,0.00029,0.00000,0.00035,0.00002,0.00123
22.54000,1.02194,0.98712,0.00030,0.00013,0.01163,0.00014,0.00000,0.00012,0.00000,0.00056
22.68000,1.02194,0.97404,0.00034,0.00043,0.02448,0.00014,0.00000,0.00009,0.00000,0.00048
22.82000,1.02194,0.95333,0.00038,0.00060,0.04407,0.00056,0.00000,0.00019,0.00001,0.00086
22.96000,1.02194,0.95755,0.00043,0.00145,0.03496,0.00313,0.00005,0.00050,0.00010,0.00182
23.10000,1.02194,0.93077,0.00052,0.00118,0.04260,0.01409,0.00038,0.00265,0.00091,0.00690
23.24000,1.02194,0.92982,0.00133,0.00035,0.01426,0.01869,0.00046,0.00965,0.00169,0.02376
23.38000,1.02194,0.85698,0.00094,0.00069,0.03290,0.03433,0.00162,0.02459,0.00558,0.04237
23.52000,1.02194,0.92052,0.00034,0.00003,0.00210,0.00762,0.00005,0.02411,0.00026,0.04496
23.66000,1.02194,0.94316,0.00154,0.00004,0.00175,0.00918,0.00017,0.01378,0.00073,0.02966
23.80000,1.02194,0.97236,0.00096,0.00004,0.00306,0.00404,0.00004,0.00517,0.00023,0.01411
23.94000,1.02194,0.98889,0.00204,0.00006,0.00266,0.00108,0.00001,0.00106,0.00008,0.00412
24.08000,1.02194,0.99337,0.00069,0.00003,0.00305,0.00033,0.00000,0.00044,0.00001,0.00209
24.22000,1.02194,0.98694,0.00103,0.00018,0.00845,0.00067,0.00000,0.00041,0.00003,0.00229
24.36000,1.02194,0.98637,0.00164,0.00037,0.00843,0.00065,0.00001,0.00043,0.00005,0.00205
24.50000,1.02194,0.98197,0.00196,0.00039,0.01042,0.00121,0.00003,0.00084,0.00012,0.00306
24.64000,1.02194,0.94723,0.00378,0.00180,0.02815,0.00583,0.00049,0.00337,0.00137,0.00798
24.78000,1.02194,0.95294,0.00010,0.00001,0.00108,0.00043,0.00000,0.01902,0.00000,0.02642
24.92000,1.02194,0.92458,0.00005,0.00000,0.00080,0.00015,0.00000,0.03096,0.00000,0.04345
25.06000,1.02194,0.98252,0.00079,0.00008,0.00176,0.00195,0.00003,0.00443,0.00018,0.00825
25.20000,1.02194,0.99411,0.00036,0.00003,0.00091,0.00087,0.00001,0.00087,0.00003,0.00282
25.34000,1.02194,0.99781,0.00018,0.00001,0.00058,0.00021,0.00000,0.00022,0.00000,0.00099
25.48000,1.02194,0.99850,0.00018,0.00001,0.00085,0.00007,0.00000,0.00006,0.00000,0.00033
25.62000,1.02194,0.99666,0.00057,0.00009,0.00222,0.00012,0.00000,0.00004,0.00000,0.00030
25.76000,1.02194,0.99318,0.00274,0.00043,0.00251,0.00073,0.00001,0.00005,0.00003,0.00032
25.90000,1.02194,0.99514,0.00138,0.00007,0.00131,0.00065,0.00000,0.00021,0.00002,0.00121
26.04000,1.02194,0.98579,0.00151,0.00010,0.00356,0.00257,0.00002,0.00126,0.00012,0.00507
26.18000,1.02194,0.94672,0.00462,0.00024,0.00468,0.01667,0.00040,0.00576,0.00144,0.01947
26.32000,1.02194,0.90777,0.00017,0.00000,0.00086,0.00036,0.00000,0.02620,0.00000,0.06464
26.46000,1.02194,0.90700,0.00022,0.00000,0.00148,0.00053,0.00000,0.02383,0.00000,0.06694
26.60000,1.02194,0.97924,0.00106,0.00003,0.00173,0.00331,0.00002,0.00343,0.00011,0.01106
26.74000,1.02194,0.99290,0.00110,0.00003,0.00106,0.00099,0.00000,0.00064,0.00002,0.00327
26.88000,1.02194,0.99518,0.00226,0.00003,0.00085,0.00031,0.00000,0.00018,0.00001,0.00119
27.02000,1.02194,0.99882,0.00016,0.00000,0.00029,0.00003,0.00000,0.00008,0.00000,0.00062
27.16000,1.02194,0.99648,0.00065,0.00005,0.00171,0.00015,0.00000,0.00012,0.00000,0.00084
27.30000,1.02194,0.99634,0.00038,0.00004,0.00132,0.00026,0.00000,0.00029,0.00001,0.00136
27.44000,1.02194,0.99227,0.00048,0.00003,0.00128,0.00058,0.00000,0.00121,0.00005,0.00410
27.58000,1.02194,0.97647,0.00076,0.00006,0.00186,0.00247,0.00006,0.00587,0.00040,0.01206
27.72000,1.02194,0.89613,0.00014,0.00000,0.00164,0.00040,0.00000,0.04163,0.00001,0.06005
27.86000,1.02194,0.88380,0.00025,0.00000,0.00071,0.00023,0.00000,0.04980,0.00001,0.06519
28.00000,1.02194,0.98013,0.00104,0.00007,0.00108,0.00170,0.00005,0.00525,0.00038,0.01029
28.14000,1.02194,0.99444,0.00053,0.00003,0.00056,0.00045,0.00000,0.00091,0.00003,0.00306
28.28000,1.02194,0.99803,0.00034,0.00002,0.00036,0.00024,0.00000,0.00016,0.00001,0.00084
28.42000,1.02194,0.99875,0.00021,0.00003,0.00058,0.00008,0.00000,0.00004,0.00000,0.00031
28.56000,1.02194,0.99758,0.00025,0.00013,0.00149,0.00010,0.00000,0.00005,0.00000,0.00040
28.70000,1.02194,0.99835,0.00016,0.00004,0.00067,0.00014,0.00000,0.00009,0.00000,0.00055
28.84000,1.02194,0.99375,0.00030,0.00005,0.00189,0.00056,0.00000,0.00068,0.00001,0.00277
28.98000,1.02194,0.97480,0.00080,0.00017,0.00432,0.00412,0.00003,0.00382,0.00011,0.01182
29.12000,1.02194,0.93680,0.00003,0.00000,0.00058,0.00029,0.00000,0.02142,0.00000,0.04088
29.26000,1.02194,0.85132,0.00003,0.00000,0.00181,0.00015,0.00000,0.05590,0.00000,0.09078
29.40000,1.02194,0.96368,0.00093,0.00005,0.00416,0.00501,0.00004,0.00845,0.00015,0.01752
29.54000,1.02194,0.98843,0.00037,0.00002,0.00235,0.00166,0.00000,0.00153,0.00002,0.00562
29.68000,1.02194,0.99697,0.00019,0.00001,0.00092,0.00046,0.00000,0.00024,0.00000,0.00121
29.82000,1.02194,0.99877,0.00014,0.00001,0.00070,0.00007,0.00000,0.00004,0.00000,0.00026
29.96000,1.02194,0.99883,0.00014,0.00007,0.00082,0.00004,0.00000,0.00001,0.00000,0.00009
30.10000,1.02194,0.99845,0.00012,0.00007,0.00128,0.00003,0.00000,0.00000,0.00000,0.00005
30.24000,1.02194,0.99907,0.00010,0.00005,0.00071,0.00002,0.00000,0.00000,0.00000,0.00004
30.38000,1.02194,0.99877,0.00010,0.00005,0.00100,0.00002,0.00000,0.00000,0.00000,0.00005
30.52000,1.02194,0.99882,0.00016,0.00007,0.00088,0.00002,0.00000,0.00000,0.00000,0.00005
30.66000,1.02194,0.99814,0.00023,0.00011,0.00143,0.00002,0.00000,0.00000,0.00000,0.00005
30.80000,1.02194,0.99798,0.00017,0.00011,0.00167,0.00002,0.00000,0.00000,0.00000,0.00004
30.94000,1.02194,0.99924,0.00006,0.00006,0.00052,0.00005,0.00000,0.00001,0.00000,0.00006
31.08000,1.02194,0.99829,0.00005,0.00003,0.00117,0.00008,0.00000,0.00005,0.00000,0.00034
31.22000,1.02194,0.99546,0.00013,0.00010,0.00234,0.00048,0.00000,0.00027,0.00001,0.00121
31.36000,1.02194,0.99164,0.00018,0.00005,0.00186,0.00079,0.00000,0.00114,0.00003,0.00431
31.50000,1.02194,0.97306,0.00033,0.00003,0.00201,0.00292,0.00002,0.00584,0.00013,0.01565
31.64000,1.02194,0.92329,0.00060,0.00006,0.00285,0.01025,0.00013,0.02009,0.00057,0.04216
31.78000,1.02194,0.81466,0.00135,0.00053,0.04869,0.04796,0.00315,0.02911,0.00847,0.04608
31.92000,1.02194,0.07025,0.00285,0.00538,0.00970,0.16591,0.41387,0.00092,0.32930,0.00181
32.06000,1.02193,0.04662,0.00239,0.00318,0.00608,0.19939,0.42713,0.00058,0.31325,0.00138
32.20000,1.02194,0.69648,0.00171,0.00044,0.04987,0.16764,0.00959,0.01801,0.01669,0.03956
32.34000,1.02194,0.90408,0.00016,0.00001,0.01528,0.00775,0.00002,0.03004,0.00009,0.04257
32.48000,1.02194,0.95004,0.00027,0.00004,0.00896,0.00914,0.00004,0.00982,0.00015,0.02154
32.62000,1.02194,0.97524,0.00020,0.00007,0.01210,0.00270,0.00001,0.00256,0.00004,0.00706
32.76000,1.02194,0.99754,0.00002,0.00001,0.00056,0.00013,0.00000,0.00038,0.00000,0.00137
32.90000,1.02193,0.99907,0.00000,0.00000,0.00038,0.00001,0.00000,0.00011,0.00000,0.00043
33.04000,1.02194,0.99954,0.00002,0.00001,0.00020,0.00002,0.00000,0.00003,0.00000,0.00018
33.18000,1.02194,0.99982,0.00001,0.00000,0.00007,0.00000,0.00000,0.00001,0.00000,0.00007
33.32000,1.02194,0.99946,0.00003,0.00001,0.00044,0.00000,0.00000,0.00000,0.00000,0.00006
33.46000,1.02194,0.99938,0.00008,0.00002,0.00045,0.00001,0.00000,0.00001,0.00000,0.00006
33.60000,1.02194,0.99853,0.00062,0.00006,0.00070,0.00002,0.00000,0.00001,0.00000,0.00007
33.74000,1.02193,0.99904,0.00013,0.00001,0.00064,0.00003,0.00000,0.00001,0.00000,0.00012
33.88000,1.02194,0.99820,0.00019,0.00005,0.00090,0.00021,0.00000,0.00005,0.00000,0.00040
34.02000,1.02194,0.99534,0.00025,0.00005,0.00210,0.00046,0.00000,0.00027,0.00001,0.00153
34.16000,1.02194,0.98266,0.00015,0.00004,0.00724,0.00170,0.00000,0.00187,0.00002,0.00631
34.30000,1.02194,0.95666,0.00040,0.00004,0.00604,0.00714,0.00002,0.00747,0.00011,0.02212
34.44000,1.02194,0.88144,0.00031,0.00001,0.00516,0.01825,0.00005,0.02479,0.00017,0.06982
34.58000,1.02193,0.79515,0.00060,0.00010,0.05270,0.07299,0.00113,0.02393,0.00240,0.05100
34.72000,1.02193,0.15542,0.00311,0.00210,0.02381,0.50052,0.18636,0.00230,0.11972,0.00665
34.86000,1.02194,0.07421,0.00219,0.00184,0.01059,0.50383,0.27956,0.00083,0.12450,0.00244
35.00000,1.02194,0.07519,0.00264,0.00221,0.01241,0.50378,0.27819,0.00091,0.12198,0.00268
35.14000,1.02194,0.06246,0.00219,0.00185,0.01018,0.51983,0.28205,0.00068,0.11871,0.00206
35.28000,1.02194,0.06644,0.00257,0.00198,0.00995,0.46160,0.30033,0.00078,0.15405,0.00230
35.42000,1.02194,0.04767,0.00216,0.00244,0.00578,0.31618,0.40542,0.00049,0.21855,0.00132
35.56000,1.02193,0.07133,0.00249,0.00300,0.00812,0.25976,0.38008,0.00077,0.27256,0.00189
35.70000,1.02194,0.06914,0.00261,0.00431,0.00935,0.26113,0.40466,0.00071,0.24642,0.00167
35.84000,1.02194,0.10921,0.00289,0.00397,0.01484,0.33928,0.33319,0.00116,0.19262,0.00285
35.98000,1.02194,0.06507,0.00227,0.00318,0.00812,0.28799,0.40180,0.00064,0.22937,0.00155
36.12000,1.02194,0.06404,0.00220,0.00313,0.00785,0.28457,0.40306,0.00065,0.23294,0.00157
36.26000,1.02194,0.05792,0.00229,0.00267,0.00786,0.36254,0.37695,0.00063,0.18751,0.00163
36.40000,1.02193,0.05556,0.00231,0.00237,0.00796,0.42471,0.34191,0.00058,0.16295,0.00166
36.54000,1.02194,0.08084,0.00226,0.00221,0.01139,0.50033,0.27999,0.00085,0.11968,0.00246
36.68000,1.02194,0.08067,0.00199,0.00197,0.01104,0.52788,0.25539,0.00082,0.11771,0.00253
36.82000,1.02194,0.75241,0.00126,0.00023,0.01780,0.17317,0.00416,0.01317,0.00542,0.03238
36.96000,1.02194,0.63471,0.00672,0.00240,0.06808,0.19998,0.03938,0.00729,0.02594,0.01552
37.10000,1.02194,0.96930,0.00011,0.00000,0.00395,0.00078,0.00000,0.00789,0.00000,0.01795
37.24000,1.02193,0.98905,0.00011,0.00000,0.00113,0.00018,0.00000,0.00243,0.00000,0.00710
37.38000,1.02194,0.99654,0.00017,0.00000,0.00054,0.00006,0.00000,0.00052,0.00000,0.00216
37.52000,1.02194,0.99637,0.00029,0.00002,0.00209,0.00010,0.00000,0.00016,0.00000,0.00097
37.66000,1.02194,0.99856,0.00013,0.00001,0.00102,0.00001,0.00000,0.00003,0.00000,0.00023
37.80000,1.02194,0.99449,0.00126,0.00040,0.00368,0.00004,0.00000,0.00001,0.00000,0.00012
37.94000,1.02194,0.99901,0.00006,0.00002,0.00079,0.00001,0.00000,0.00001,0.00000,0.00011
38.08000,1.02193,0.99844,0.00003,0.00001,0.00108,0.00002,0.00000,0.00006,0.00000,0.00036
38.22000,1.02193,0.99770,0.00003,0.00000,0.00072,0.00005,0.00000,0.00027,0.00000,0.00123
38.36000,1.02194,0.99137,0.00011,0.00001,0.00193,0.00033,0.00000,0.00116,0.00000,0.00510
38.50000,1.02194,0.96994,0.00005,0.00001,0.00980,0.00175,0.00000,0.00414,0.00000,0.01431
38.64000,1.02194,0.88321,0.00012,0.00007,0.00829,0.06736,0.00019,0.01168,0.00017,0.02891
38.78000,1.02194,0.75341,0.00076,0.00020,0.02663,0.14812,0.00123,0.01757,0.00160,0.05049
38.92000,1.02194,0.05818,0.00161,0.00133,0.00731,0.60707,0.23576,0.00068,0.08615,0.00192
39.06000,1.02193,0.05682,0.00168,0.00141,0.00651,0.57300,0.26092,0.00055,0.09741,0.00169
39.20000,1.02194,0.06055,0.00193,0.00192,0.00688,0.47886,0.31501,0.00057,0.13263,0.00165
39.34000,1.02194,0.06511,0.00215,0.00278,0.00735,0.38998,0.36071,0.00062,0.16960,0.00168
39.48000,1.02194,0.88941,0.00190,0.00012,0.00793,0.05125,0.00071,0.01297,0.00166,0.03405
39.62000,1.02194,0.93557,0.00416,0.00010,0.00473,0.01937,0.00029,0.00877,0.00099,0.02600
39.76000,1.02194,0.97798,0.00089,0.00005,0.00337,0.00412,0.00002,0.00307,0.00010,0.01040
39.90000,1.02193,0.98608,0.00632,0.00038,0.00308,0.00176,0.00004,0.00030,0.00018,0.00187
40.04000,1.02194,0.99060,0.00503,0.00008,0.00269,0.00024,0.00000,0.00015,0.00001,0.00121
40.18000,1.02194,0.98999,0.00773,0.00009,0.00149,0.00006,0.00000,0.00005,0.00000,0.00060
40.32000,1.02194,0.99728,0.00176,0.00006,0.00057,0.00002,0.00000,0.00002,0.00000,0.00029
40.46000,1.02194,0.99685,0.00103,0.00002,0.00073,0.00003,0.00000,0.00010,0.00000,0.00125
40.60000,1.02194,0.99447,0.00125,0.00004,0.00091,0.00012,0.00000,0.00041,0.00001,0.00278
40.74000,1.02193,0.98465,0.00159,0.00007,0.00295,0.00044,0.00000,0.00214,0.00006,0.00809
40.88000,1.02194,0.97276,0.00056,0.00005,0.00155,0.00309,0.00004,0.00614,0.00032,0.01550
41.02000,1.02194,0.93383,0.00067,0.00007,0.00226,0.00697,0.00019,0.01919,0.00117,0.03564
41.16000,1.02194,0.86626,0.00098,0.00057,0.02875,0.02468,0.00306,0.02811,0.01200,0.03559
41.30000,1.02194,0.03860,0.00154,0.00743,0.00333,0.04644,0.42123,0.00042,0.48037,0.00064
41.44000,1.02194,0.03304,0.00157,0.00566,0.00301,0.05868,0.43392,0.00038,0.46306,0.00067
41.58000,1.02193,0.84118,0.00153,0.00082,0.01662,0.05647,0.01043,0.01689,0.03018,0.02589
41.72000,1.02193,0.92220,0.00286,0.00027,0.00628,0.01756,0.00143,0.01666,0.00503,0.02769
41.86000,1.02194,0.95654,0.00280,0.00009,0.00516,0.00552,0.00012,0.00875,0.00067,0.02034
42.00000,1.02194,0.98469,0.00185,0.00007,0.00340,0.00164,0.00002,0.00196,0.00010,0.00628
42.14000,1.02194,0.99370,0.00121,0.00004,0.00214,0.00041,0.00000,0.00044,0.00002,0.00203
42.28000,1.02194,0.99761,0.00070,0.00003,0.00077,0.00012,0.00000,0.00010,0.00000,0.00067
42.42000,1.02194,0.99898,0.00031,0.00003,0.00043,0.00005,0.00000,0.00002,0.00000,0.00019
42.56000,1.02193,0.99920,0.00010,0.00002,0.00056,0.00002,0.00000,0.00001,0.00000,0.00009
42.70000,1.02194,0.99878,0.00005,0.00001,0.00082,0.00004,0.00000,0.00003,0.00000,0.00027
42.84000,1.02194,0.99818,0.00006,0.00001,0.00079,0.00021,0.00000,0.00010,0.00000,0.00066
42.98000,1.02194,0.99330,0.00015,0.00002,0.00177,0.00195,0.00000,0.00041,0.00001,0.00241
43.12000,1.02194,0.96566,0.00033,0.00004,0.00281,0.02006,0.00004,0.00212,0.00006,0.00888
43.26000,1.02194,0.81991,0.00088,0.00009,0.00608,0.13893,0.00095,0.00745,0.00099,0.02471
43.40000,1.02193,0.78159,0.00053,0.00008,0.03566,0.11610,0.00053,0.01789,0.00073,0.04689
43.54000,1.02194,0.04923,0.00100,0.00049,0.00544,0.76267,0.13868,0.00043,0.04059,0.00148
43.68000,1.02194,0.55305,0.00062,0.00005,0.01642,0.38700,0.00238,0.00946,0.00185,0.02916
43.82000,1.02194,0.84041,0.00198,0.00004,0.00717,0.10391,0.00045,0.01069,0.00064,0.03471
43.96000,1.02194,0.94058,0.00170,0.00003,0.00373,0.03160,0.00010,0.00418,0.00026,0.01782
44.10000,1.02194,0.98462,0.00082,0.00003,0.00236,0.00589,0.00001,0.00098,0.00004,0.00524
44.24000,1.02193,0.99416,0.00008,0.00001,0.00169,0.00065,0.00000,0.00050,0.00000,0.00291
44.38000,1.02194,0.99113,0.00010,0.00002,0.00457,0.00103,0.00000,0.00068,0.00001,0.00246
44.52000,1.02194,0.99308,0.00007,0.00001,0.00169,0.00090,0.00000,0.00090,0.00001,0.00333
44.66000,1.02194,0.99180,0.00007,0.00000,0.00128,0.00085,0.00000,0.00118,0.00000,0.00482
44.80000,1.02194,0.96543,0.00015,0.00001,0.00385,0.00571,0.00001,0.00576,0.00003,0.01905
44.94000,1.02194,0.90576,0.00024,0.00002,0.01385,0.02293,0.00010,0.01851,0.00027,0.03831
45.08000,1.02193,0.81481,0.00122,0.00021,0.01476,0.08937,0.00236,0.02410,0.00467,0.04850
45.22000,1.02193,0.05541,0.00232,0.00324,0.00643,0.18320,0.41402,0.00066,0.33323,0.00149
45.36000,1.02194,0.04224,0.00205,0.00321,0.00476,0.14144,0.43633,0.00047,0.36844,0.00104
45.50000,1.02194,0.05496,0.00217,0.00297,0.00563,0.15309,0.38829,0.00059,0.39091,0.00139
45.64000,1.02194,0.03105,0.00149,0.00294,0.00321,0.08977,0.43028,0.00033,0.44022,0.00070
45.78000,1.02194,0.04221,0.00175,0.00289,0.00440,0.12658,0.43141,0.00047,0.38925,0.00104
45.92000,1.02194,0.06501,0.00220,0.00263,0.00742,0.23244,0.39085,0.00083,0.29665,0.00196
46.06000,1.02193,0.05858,0.00209,0.00194,0.00796,0.38657,0.34955,0.00079,0.19042,0.00208
46.20000,1.02194,0.05441,0.00166,0.00127,0.00694,0.54024,0.27680,0.00066,0.11605,0.00196
46.34000,1.02194,0.05337,0.00143,0.00108,0.00601,0.58157,0.25023,0.00060,0.10385,0.00186
46.48000,1.02194,0.05057,0.00133,0.00092,0.00507,0.59475,0.24413,0.00056,0.10097,0.00171
46.62000,1.02194,0.76008,0.00060,0.00006,0.01278,0.16699,0.00120,0.01619,0.00146,0.04064
46.76000,1.02194,0.87315,0.00215,0.00005,0.00515,0.06759,0.00050,0.01307,0.00083,0.03752
46.90000,1.02193,0.95083,0.00217,0.00003,0.00289,0.01694,0.00007,0.00543,0.00022,0.02142
47.04000,1.02194,0.97887,0.00138,0.00005,0.00489,0.00456,0.00002,0.00176,0.00008,0.00841
47.18000,1.02194,0.99559,0.00028,0.00002,0.00198,0.00024,0.00000,0.00035,0.00000,0.00155
47.32000,1.02194,0.99599,0.00029,0.00005,0.00303,0.00011,0.00000,0.00010,0.00000,0.00044
47.46000,1.02194,0.98725,0.00013,0.00012,0.01200,0.00006,0.00000,0.00009,0.00000,0.00035
47.60000,1.02194,0.97625,0.00020,0.00024,0.02259,0.00019,0.00000,0.00012,0.00000,0.00042
47.74000,1.02193,0.98384,0.00003,0.00001,0.01445,0.00021,0.00000,0.00043,0.00000,0.00103
47.88000,1.02194,0.96176,0.00002,0.00001,0.03069,0.00209,0.00000,0.00215,0.00000,0.00327
48.02000,1.02194,0.91905,0.00039,0.00004,0.04726,0.01669,0.00004,0.00525,0.00007,0.01123
48.16000,1.02194,0.69799,0.00056,0.00010,0.08802,0.17274,0.00106,0.01349,0.00092,0.02511
48.30000,1.02194,0.83703,0.00008,0.00000,0.02232,0.05668,0.00004,0.02389,0.00007,0.05988
48.44000,1.02194,0.57299,0.00141,0.00025,0.07812,0.31628,0.00683,0.00509,0.00336,0.01568
48.58000,1.02193,0.91616,0.00005,0.00000,0.03862,0.00985,0.00000,0.01155,0.00001,0.02375
48.72000,1.02193,0.98973,0.00005,0.00000,0.00597,0.00022,0.00000,0.00173,0.00000,0.00228
48.86000,1.02194,0.98274,0.00020,0.00000,0.01210,0.00010,0.00000,0.00196,0.00000,0.00290
49.00000,1.02194,0.98373,0.00061,0.00000,0.01319,0.00007,0.00000,0.00074,0.00000,0.00166
49.14000,1.02194,0.99408,0.00015,0.00000,0.00468,0.00001,0.00000,0.00031,0.00000,0.00077
49.28000,1.02194,0.99457,0.00038,0.00000,0.00484,0.00000,0.00000,0.00005,0.00000,0.00016
49.42000,1.02194,0.99648,0.00033,0.00000,0.00302,0.00000,0.00000,0.00002,0.00000,0.00013
49.56000,1.02193,0.99776,0.00156,0.00004,0.00053,0.00002,0.00000,0.00001,0.00000,0.00009
49.70000,1.02194,0.99951,0.00023,0.00002,0.00016,0.00001,0.00000,0.00000,0.00000,0.00006
49.84000,1.02194,0.99930,0.00019,0.00003,0.00040,0.00002,0.00000,0.00000,0.00000,0.00005
49.98000,1.02194,0.99897,0.00037,0.00004,0.00055,0.00002,0.00000,0.00000,0.00000,0.00006
50.12000,1.02194,0.99871,0.00044,0.00004,0.00072,0.00002,0.00000,0.00001,0.00000,0.00006
50.26000,1.02194,0.99859,0.00047,0.00005,0.00080,0.00002,0.00000,0.00001,0.00000,0.00006
