Time (seconds), Duration (seconds),pred_(unlabeled),pred_brushing_teeth,pred_hair_drying,pred_showering
0.00000,1.05394,0.99197,0.00023,0.00197,0.00583
0.10000,1.05394,0.99108,0.00022,0.00207,0.00662
0.20000,1.05394,0.98876,0.00025,0.00244,0.00855
0.30000,1.05394,0.98839,0.00025,0.00251,0.00884
0.40000,1.05394,0.98824,0.00026,0.00249,0.00901
0.50000,1.05394,0.98826,0.00024,0.00244,0.00906
0.60000,1.05394,0.98824,0.00025,0.00244,0.00906
0.70000,1.05394,0.98807,0.00024,0.00249,0.00919
0.80000,1.05394,0.98832,0.00024,0.00238,0.00907
0.90000,1.05394,0.98727,0.00027,0.00262,0.00985
1.00000,1.05394,0.98765,0.00024,0.00248,0.00963
1.10000,1.05394,0.98869,0.00023,0.00229,0.00879
1.20000,1.05394,0.98874,0.00024,0.00233,0.00868
1.30000,1.05394,0.98863,0.00024,0.00239,0.00874
1.40000,1.05394,0.98865,0.00023,0.00232,0.00881
1.50000,1.05394,0.98849,0.00023,0.00231,0.00897
1.60000,1.05394,0.98775,0.00025,0.00249,0.00951
1.70000,1.05394,0.98679,0.00027,0.00259,0.01035
1.80000,1.05394,0.98664,0.00026,0.00255,0.01055
1.90000,1.05394,0.98696,0.00026,0.00254,0.01024
2.00000,1.05394,0.98739,0.00026,0.00247,0.00988
2.10000,1.05394,0.98704,0.00026,0.00254,0.01016
2.20000,1.05394,0.98641,0.00026,0.00265,0.01068
2.30000,1.05394,0.98690,0.00027,0.00264,0.01020
2.40000,1.05394,0.98764,0.00025,0.00250,0.00961
2.50000,1.05394,0.98851,0.00023,0.00232,0.00894
2.60000,1.05394,0.98887,0.00023,0.00239,0.00851
2.70000,1.05394,0.99066,0.00020,0.00205,0.00709
2.80000,1.05394,0.99098,0.00020,0.00202,0.00681
2.90000,1.05394,0.99087,0.00020,0.00210,0.00682
3.00000,1.05394,0.99126,0.00021,0.00206,0.00648
3.10000,1.05394,0.98921,0.00027,0.00233,0.00818
3.20000,1.05394,0.98793,0.00030,0.00230,0.00947
3.30000,1.05394,0.98679,0.00032,0.00255,0.01034
3.40000,1.05394,0.98737,0.00031,0.00237,0.00995
3.50000,1.05394,0.98771,0.00031,0.00232,0.00966
3.60000,1.05394,0.98610,0.00032,0.00249,0.01110
3.70000,1.05394,0.98404,0.00035,0.00278,0.01283
3.80000,1.05394,0.98067,0.00046,0.00323,0.01563
3.90000,1.05394,0.96143,0.00104,0.00501,0.03252
4.00000,1.05394,0.94185,0.00160,0.00583,0.05073
4.10000,1.05394,0.95557,0.00130,0.00417,0.03896
4.20000,1.05394,0.95874,0.00114,0.00414,0.03599
4.30000,1.05394,0.95097,0.00115,0.00422,0.04366
4.40000,1.05394,0.94863,0.00147,0.00484,0.04506
4.50000,1.05394,0.94664,0.00146,0.00444,0.04746
4.60000,1.05394,0.94466,0.00165,0.00513,0.04857
4.70000,1.05394,0.94100,0.00184,0.00522,0.05194
4.80000,1.05394,0.94474,0.00194,0.00707,0.04624
4.90000,1.05394,0.97209,0.00083,0.00471,0.02237
5.00000,1.05394,0.98130,0.00045,0.00355,0.01470
5.10000,1.05394,0.98332,0.00042,0.00317,0.01308
5.20000,1.05394,0.98602,0.00034,0.00277,0.01088
5.30000,1.05394,0.98833,0.00028,0.00238,0.00901
5.40000,1.05394,0.98832,0.00026,0.00244,0.00898
5.50000,1.05394,0.98882,0.00024,0.00230,0.00864
5.60000,1.05394,0.99021,0.00022,0.00209,0.00748
5.70000,1.05394,0.98992,0.00023,0.00219,0.00766
5.80000,1.05394,0.99001,0.00023,0.00221,0.00755
5.90000,1.05394,0.99041,0.00023,0.00212,0.00723
6.00000,1.05394,0.98912,0.00027,0.00232,0.00830
6.10000,1.05394,0.98896,0.00029,0.00238,0.00837
6.20000,1.05394,0.98789,0.00041,0.00270,0.00900
6.30000,1.05394,0.98335,0.00056,0.00330,0.01278
6.40000,1.05394,0.97642,0.00081,0.00425,0.01853
6.50000,1.05394,0.95381,0.00106,0.00526,0.03986
6.60000,1.05394,0.86000,0.00169,0.00923,0.12908
6.70000,1.05394,0.75988,0.00158,0.01050,0.22805
6.80000,1.05394,0.66673,0.00198,0.02562,0.30567
6.90000,1.05394,0.56314,0.00362,0.04434,0.38890
7.00000,1.05394,0.56408,0.00329,0.07646,0.35618
7.10000,1.05394,0.45363,0.00338,0.14534,0.39766
7.20000,1.05394,0.34062,0.00397,0.26846,0.38696
7.30000,1.05394,0.36340,0.00381,0.42656,0.20623
7.40000,1.05394,0.29817,0.00250,0.56642,0.13290
7.50000,1.05394,0.10658,0.00246,0.86062,0.03035
7.60000,1.05394,0.14349,0.00370,0.82505,0.02776
7.70000,1.05394,0.10322,0.00401,0.88041,0.01236
7.80000,1.05394,0.07520,0.00485,0.90773,0.01223
7.90000,1.05394,0.05068,0.00440,0.93437,0.01055
8.00000,1.05394,0.05098,0.00543,0.93398,0.00961
8.10000,1.05394,0.04464,0.00636,0.94087,0.00812
8.20000,1.05394,0.03571,0.00720,0.94743,0.00966
8.30000,1.05394,0.05042,0.00612,0.93038,0.01307
8.40000,1.05394,0.04985,0.01116,0.92115,0.01784
8.50000,1.05394,0.04209,0.00653,0.94095,0.01044
8.60000,1.05394,0.04822,0.00758,0.93389,0.01030
8.70000,1.05394,0.05532,0.00648,0.92933,0.00887
8.80000,1.05394,0.06053,0.00678,0.92361,0.00909
8.90000,1.05394,0.08935,0.00739,0.89368,0.00957
9.00000,1.05394,0.08653,0.00972,0.89243,0.01131
9.10000,1.05394,0.07954,0.00890,0.90251,0.00906
9.20000,1.05394,0.08043,0.00814,0.90305,0.00838
9.30000,1.05394,0.07962,0.00940,0.90433,0.00666
9.40000,1.05394,0.07722,0.00825,0.90860,0.00593
9.50000,1.05394,0.06416,0.00681,0.92437,0.00466
9.60000,1.05394,0.06059,0.00471,0.93135,0.00336
9.70000,1.05394,0.06361,0.00439,0.92852,0.00348
9.80000,1.05394,0.07118,0.00485,0.92018,0.00379
9.90000,1.05394,0.05555,0.00484,0.93580,0.00381
10.00000,1.05394,0.05396,0.00398,0.93820,0.00387
10.10000,1.05394,0.06967,0.00388,0.92205,0.00440
10.20000,1.05394,0.06521,0.00422,0.92496,0.00561
10.30000,1.05394,0.07183,0.00511,0.91626,0.00679
10.40000,1.05394,0.08041,0.00537,0.90546,0.00876
10.50000,1.05394,0.15319,0.01320,0.82090,0.01271
10.60000,1.05394,0.15867,0.01650,0.80217,0.02266
10.70000,1.05394,0.20587,0.03410,0.72824,0.03179
10.80000,1.05394,0.24235,0.04285,0.67628,0.03851
10.90000,1.05394,0.26743,0.04944,0.65488,0.02826
11.00000,1.05394,0.29719,0.03747,0.64603,0.01932
11.10000,1.05394,0.22782,0.05926,0.68615,0.02677
11.20000,1.05394,0.27986,0.06084,0.63506,0.02424
11.30000,1.05394,0.28144,0.08454,0.61064,0.02337
11.40000,1.05394,0.26755,0.06998,0.63856,0.02391
11.50000,1.05394,0.21576,0.03575,0.73070,0.01780
11.60000,1.05394,0.15686,0.02123,0.81300,0.00890
11.70000,1.05394,0.10321,0.01049,0.87971,0.00659
11.80000,1.05394,0.07555,0.00651,0.91305,0.00489
11.90000,1.05394,0.08165,0.00618,0.90645,0.00571
12.00000,1.05394,0.08949,0.00635,0.89940,0.00475
12.10000,1.05394,0.08671,0.00375,0.90610,0.00344
12.20000,1.05394,0.07409,0.00293,0.92007,0.00291
12.30000,1.05394,0.06321,0.00198,0.93228,0.00253
12.40000,1.05394,0.08239,0.00326,0.91159,0.00276
12.50000,1.05394,0.07132,0.00284,0.92309,0.00275
12.60000,1.05394,0.07852,0.00386,0.91462,0.00300
12.70000,1.05394,0.07139,0.00303,0.92211,0.00347
12.80000,1.05394,0.07774,0.00343,0.91628,0.00255
12.90000,1.05394,0.09112,0.00407,0.90112,0.00368
13.00000,1.05394,0.06874,0.00535,0.92259,0.00332
13.10000,1.05394,0.08479,0.00543,0.90555,0.00423
13.20000,1.05394,0.08444,0.00619,0.90502,0.00436
13.30000,1.05394,0.09693,0.00587,0.89277,0.00443
13.40000,1.05394,0.08478,0.00634,0.90456,0.00431
13.50000,1.05394,0.10643,0.00983,0.87749,0.00625
13.60000,1.05394,0.12528,0.01541,0.85225,0.00707
13.70000,1.05394,0.14536,0.01226,0.83621,0.00617
13.80000,1.05394,0.12847,0.02007,0.84313,0.00834
13.90000,1.05394,0.11999,0.02244,0.85014,0.00743
14.00000,1.05394,0.19284,0.02963,0.76974,0.00779
14.10000,1.05394,0.18698,0.03862,0.76766,0.00674
14.20000,1.05394,0.19673,0.05192,0.74247,0.00888
14.30000,1.05394,0.21935,0.06972,0.70331,0.00762
14.40000,1.05394,0.17525,0.05208,0.76321,0.00946
14.50000,1.05394,0.17358,0.04028,0.78056,0.00559
14.60000,1.05394,0.13844,0.02381,0.83230,0.00545
14.70000,1.05394,0.14981,0.02709,0.81794,0.00515
14.80000,1.05394,0.18177,0.02775,0.78476,0.00572
14.90000,1.05394,0.21016,0.03559,0.74643,0.00782
15.00000,1.05394,0.12086,0.02017,0.85138,0.00759
15.10000,1.05394,0.15615,0.02017,0.81609,0.00759
15.20000,1.05394,0.10596,0.01499,0.86967,0.00938
15.30000,1.05394,0.11618,0.01824,0.85663,0.00894
15.40000,1.05394,0.09928,0.01738,0.87474,0.00860
15.50000,1.05394,0.12112,0.02612,0.84017,0.01260
15.60000,1.05394,0.10821,0.02063,0.85948,0.01167
15.70000,1.05394,0.11811,0.02057,0.85043,0.01090
15.80000,1.05394,0.08047,0.01410,0.89472,0.01071
15.90000,1.05394,0.07841,0.01289,0.89945,0.00925
16.00000,1.05394,0.07270,0.01393,0.90470,0.00867
16.10000,1.05394,0.06197,0.01141,0.91826,0.00837
16.20000,1.05394,0.06336,0.01272,0.91654,0.00738
16.30000,1.05394,0.07490,0.01491,0.90196,0.00823
16.40000,1.05394,0.07038,0.01493,0.90579,0.00890
16.50000,1.05394,0.06698,0.01130,0.91127,0.01045
16.60000,1.05394,0.06094,0.01450,0.91510,0.00946
16.70000,1.05394,0.05426,0.01054,0.92654,0.00866
16.80000,1.05394,0.05640,0.00871,0.92869,0.00620
16.90000,1.05394,0.05398,0.00903,0.93113,0.00586
17.00000,1.05394,0.05019,0.00878,0.93506,0.00597
17.10000,1.05394,0.04393,0.00752,0.94305,0.00551
17.20000,1.05394,0.04770,0.00532,0.94207,0.00490
17.30000,1.05394,0.04107,0.00488,0.95049,0.00356
17.40000,1.05394,0.04846,0.00463,0.94330,0.00361
17.50000,1.05394,0.04192,0.00368,0.95124,0.00316
17.60000,1.05394,0.05144,0.00402,0.94077,0.00377
17.70000,1.05394,0.04987,0.00360,0.94230,0.00422
17.80000,1.05394,0.04432,0.00447,0.94575,0.00546
17.90000,1.05394,0.04141,0.00378,0.94946,0.00535
18.00000,1.05394,0.04378,0.00439,0.94611,0.00572
18.10000,1.05394,0.04601,0.00457,0.94304,0.00638
18.20000,1.05394,0.04660,0.00524,0.94140,0.00676
18.30000,1.05394,0.04691,0.00478,0.94154,0.00678
18.40000,1.05394,0.04375,0.00505,0.94450,0.00670
18.50000,1.05394,0.05452,0.00426,0.93385,0.00737
18.60000,1.05394,0.04520,0.00517,0.94206,0.00758
18.70000,1.05394,0.05314,0.00466,0.93652,0.00568
18.80000,1.05394,0.04349,0.00406,0.94710,0.00536
18.90000,1.05394,0.04752,0.00363,0.94370,0.00515
19.00000,1.05394,0.04569,0.00445,0.94423,0.00563
19.10000,1.05394,0.05345,0.00374,0.93784,0.00497
19.20000,1.05394,0.06360,0.00355,0.92738,0.00547
19.30000,1.05394,0.05351,0.00281,0.93845,0.00523
19.40000,1.05394,0.06173,0.00345,0.92825,0.00656
19.50000,1.05394,0.05389,0.00306,0.93735,0.00570
19.60000,1.05394,0.05860,0.00339,0.93268,0.00533
19.70000,1.05394,0.06010,0.00286,0.93133,0.00571
19.80000,1.05394,0.05926,0.00263,0.93259,0.00552
19.90000,1.05394,0.05999,0.00309,0.93035,0.00657
20.00000,1.05394,0.06593,0.00331,0.92497,0.00579
20.10000,1.05394,0.06810,0.00475,0.92036,0.00679
20.20000,1.05394,0.06643,0.00486,0.92226,0.00645
20.30000,1.05394,0.05473,0.00470,0.93427,0.00630
20.40000,1.05394,0.05509,0.00418,0.93489,0.00584
20.50000,1.05394,0.06122,0.00453,0.92826,0.00600
20.60000,1.05394,0.06009,0.00352,0.93137,0.00501
20.70000,1.05394,0.05066,0.00290,0.94309,0.00334
20.80000,1.05394,0.05307,0.00267,0.94055,0.00371
20.90000,1.05394,0.05474,0.00304,0.93815,0.00406
21.00000,1.05394,0.05951,0.00319,0.93347,0.00383
21.10000,1.05394,0.06824,0.00291,0.92464,0.00420
21.20000,1.05394,0.05648,0.00328,0.93609,0.00415
21.30000,1.05394,0.07434,0.00253,0.91892,0.00422
21.40000,1.05394,0.05213,0.00310,0.94124,0.00352
21.50000,1.05394,0.05518,0.00324,0.93823,0.00335
21.60000,1.05394,0.05703,0.00365,0.93546,0.00385
21.70000,1.05394,0.07611,0.00372,0.91584,0.00432
21.80000,1.05394,0.05784,0.00318,0.93503,0.00394
21.90000,1.05394,0.05216,0.00292,0.94153,0.00339
22.00000,1.05394,0.04744,0.00275,0.94679,0.00302
22.10000,1.05394,0.04273,0.00324,0.95069,0.00334
22.20000,1.05394,0.04352,0.00347,0.95006,0.00295
22.30000,1.05394,0.04116,0.00333,0.95230,0.00322
22.40000,1.05394,0.04676,0.00346,0.94610,0.00367
22.50000,1.05394,0.04391,0.00447,0.94732,0.00431
22.60000,1.05394,0.04195,0.00436,0.94933,0.00436
22.70000,1.05394,0.03706,0.00504,0.95340,0.00450
22.80000,1.05394,0.04125,0.00592,0.94706,0.00577
22.90000,1.05394,0.04593,0.00816,0.93878,0.00713
23.00000,1.05394,0.04553,0.00774,0.93869,0.00804
23.10000,1.05394,0.04489,0.00861,0.93873,0.00777
23.20000,1.05394,0.04513,0.00888,0.93750,0.00849
23.30000,1.05394,0.04718,0.00843,0.93687,0.00753
23.40000,1.05394,0.04451,0.00925,0.93764,0.00860
23.50000,1.05394,0.04601,0.01051,0.93456,0.00892
23.60000,1.05394,0.04512,0.01308,0.93125,0.01054
23.70000,1.05394,0.04535,0.01191,0.93205,0.01068
23.80000,1.05394,0.03487,0.01011,0.94564,0.00938
23.90000,1.05394,0.04358,0.01066,0.93606,0.00970
24.00000,1.05394,0.04230,0.01113,0.93650,0.01007
24.10000,1.05394,0.04708,0.01028,0.93076,0.01189
24.20000,1.05394,0.04375,0.01452,0.93018,0.01155
24.30000,1.05394,0.04303,0.01032,0.93629,0.01036
24.40000,1.05394,0.04137,0.01227,0.93674,0.00961
24.50000,1.05394,0.03470,0.00710,0.94988,0.00831
24.60000,1.05394,0.03481,0.00852,0.94864,0.00802
24.70000,1.05394,0.03216,0.00676,0.95333,0.00776
24.80000,1.05394,0.02898,0.00911,0.95379,0.00812
24.90000,1.05394,0.02727,0.00755,0.95610,0.00908
25.00000,1.05394,0.02824,0.00852,0.95437,0.00886
25.10000,1.05394,0.02699,0.00878,0.95643,0.00781
25.20000,1.05394,0.02762,0.00708,0.95753,0.00776
25.30000,1.05394,0.02592,0.00653,0.96029,0.00727
25.40000,1.05394,0.02432,0.00786,0.95917,0.00865
25.50000,1.05394,0.02927,0.00912,0.95252,0.00908
25.60000,1.05394,0.02872,0.00815,0.95352,0.00961
25.70000,1.05394,0.03305,0.00786,0.94886,0.01023
25.80000,1.05394,0.02673,0.00721,0.95669,0.00937
25.90000,1.05394,0.03062,0.00756,0.95093,0.01088
26.00000,1.05394,0.03319,0.00743,0.94949,0.00989
26.10000,1.05394,0.03103,0.00744,0.94979,0.01174
26.20000,1.05394,0.03666,0.00800,0.94563,0.00972
26.30000,1.05394,0.02932,0.00686,0.95448,0.00934
26.40000,1.05394,0.03116,0.00782,0.95102,0.01000
26.50000,1.05394,0.02993,0.00665,0.95553,0.00789
26.60000,1.05394,0.03488,0.00854,0.94746,0.00912
26.70000,1.05394,0.02868,0.00812,0.95408,0.00913
26.80000,1.05394,0.03060,0.00767,0.95334,0.00839
26.90000,1.05394,0.02615,0.00611,0.96040,0.00734
27.00000,1.05394,0.02752,0.00785,0.95749,0.00713
27.10000,1.05394,0.02573,0.00631,0.96031,0.00765
27.20000,1.05394,0.03273,0.00671,0.95296,0.00760
27.30000,1.05394,0.02951,0.00629,0.95667,0.00753
27.40000,1.05394,0.03073,0.00709,0.95168,0.01050
27.50000,1.05394,0.03337,0.00746,0.94966,0.00950
27.60000,1.05394,0.03808,0.00741,0.94651,0.00799
27.70000,1.05394,0.03076,0.00574,0.95476,0.00873
27.80000,1.05394,0.03489,0.00912,0.94511,0.01088
27.90000,1.05394,0.03192,0.00721,0.95147,0.00941
28.00000,1.05394,0.03612,0.00798,0.94711,0.00879
28.10000,1.05394,0.03411,0.00739,0.94968,0.00882
28.20000,1.05394,0.03467,0.00940,0.94739,0.00855
28.30000,1.05394,0.02734,0.00650,0.95966,0.00650
28.40000,1.05394,0.02768,0.00653,0.95887,0.00691
28.50000,1.05394,0.02852,0.00570,0.95897,0.00681
28.60000,1.05394,0.02908,0.00809,0.95514,0.00770
28.70000,1.05394,0.02536,0.00554,0.96105,0.00804
28.80000,1.05394,0.02525,0.00603,0.96036,0.00836
28.90000,1.05394,0.02734,0.00420,0.96108,0.00738
29.00000,1.05394,0.02929,0.00497,0.95850,0.00724
29.10000,1.05394,0.02372,0.00453,0.96358,0.00818
29.20000,1.05394,0.02573,0.00482,0.96150,0.00795
29.30000,1.05394,0.03014,0.00476,0.95648,0.00862
29.40000,1.05394,0.03147,0.00565,0.95289,0.01000
29.50000,1.05394,0.02462,0.00458,0.96208,0.00873
29.60000,1.05394,0.03007,0.00555,0.95566,0.00871
29.70000,1.05394,0.03007,0.00501,0.95820,0.00672
29.80000,1.05394,0.03313,0.00673,0.95394,0.00621
29.90000,1.05394,0.02469,0.00483,0.96387,0.00661
30.00000,1.05394,0.02997,0.00599,0.95784,0.00620
30.10000,1.05394,0.02667,0.00507,0.96157,0.00669
30.20000,1.05394,0.03551,0.00643,0.95165,0.00641
30.30000,1.05394,0.02814,0.00634,0.95806,0.00747
30.40000,1.05394,0.03363,0.00725,0.95328,0.00584
30.50000,1.05394,0.03294,0.00713,0.95243,0.00749
30.60000,1.05394,0.03805,0.00902,0.94486,0.00808
30.70000,1.05394,0.03421,0.00789,0.95080,0.00709
30.80000,1.05394,0.03365,0.00812,0.94968,0.00856
30.90000,1.05394,0.03761,0.00705,0.94652,0.00883
31.00000,1.05394,0.03896,0.00792,0.94528,0.00784
31.10000,1.05394,0.03902,0.00709,0.94431,0.00958
31.20000,1.05394,0.03384,0.00685,0.95173,0.00758
31.30000,1.05394,0.04106,0.00666,0.94495,0.00733
31.40000,1.05394,0.03573,0.00652,0.95130,0.00645
31.50000,1.05394,0.03478,0.00644,0.95167,0.00711
31.60000,1.05394,0.03665,0.00562,0.95132,0.00641
31.70000,1.05394,0.03467,0.00651,0.95171,0.00711
31.80000,1.05394,0.03929,0.00674,0.94814,0.00582
31.90000,1.05394,0.03232,0.00716,0.95451,0.00601
32.00000,1.05394,0.02692,0.00558,0.96165,0.00584
32.10000,1.05394,0.02861,0.00552,0.95945,0.00642
32.20000,1.05394,0.02998,0.00557,0.95889,0.00556
32.30000,1.05394,0.02929,0.00558,0.95889,0.00625
32.40000,1.05394,0.02987,0.00629,0.95785,0.00599
32.50000,1.05394,0.03546,0.00743,0.94992,0.00719
32.60000,1.05394,0.02721,0.00472,0.96279,0.00528
32.70000,1.05394,0.02993,0.00650,0.95660,0.00697
32.80000,1.05394,0.03191,0.00604,0.95385,0.00820
32.90000,1.05394,0.03081,0.00696,0.95399,0.00825
33.00000,1.05394,0.02885,0.00631,0.95720,0.00763
33.10000,1.05394,0.02544,0.00724,0.95939,0.00794
33.20000,1.05394,0.02993,0.00791,0.95256,0.00959
33.30000,1.05394,0.02884,0.00695,0.95474,0.00947
33.40000,1.05394,0.03079,0.00710,0.95241,0.00971
33.50000,1.05394,0.03583,0.00903,0.94317,0.01197
33.60000,1.05394,0.03921,0.00977,0.94046,0.01056
33.70000,1.05394,0.04131,0.01067,0.93718,0.01084
33.80000,1.05394,0.03325,0.00943,0.94634,0.01098
33.90000,1.05394,0.04553,0.01287,0.92691,0.01470
34.00000,1.05394,0.04038,0.01099,0.93789,0.01074
34.10000,1.05394,0.03607,0.01038,0.94261,0.01094
34.20000,1.05394,0.03430,0.00893,0.94771,0.00907
34.30000,1.05394,0.03964,0.01243,0.93647,0.01146
34.40000,1.05394,0.03144,0.00867,0.95151,0.00838
34.50000,1.05394,0.03032,0.01012,0.95213,0.00744
34.60000,1.05394,0.03255,0.00664,0.95459,0.00621
34.70000,1.05394,0.02614,0.00699,0.96058,0.00629
34.80000,1.05394,0.03098,0.00727,0.95600,0.00575
34.90000,1.05394,0.02622,0.00749,0.96068,0.00560
35.00000,1.05394,0.02776,0.00665,0.95903,0.00656
35.10000,1.05394,0.02691,0.00638,0.96102,0.00569
35.20000,1.05394,0.03312,0.00654,0.95429,0.00605
35.30000,1.05394,0.02544,0.00522,0.96396,0.00538
35.40000,1.05394,0.02617,0.00565,0.96220,0.00598
35.50000,1.05394,0.02762,0.00601,0.96028,0.00609
35.60000,1.05394,0.02844,0.00577,0.96023,0.00555
35.70000,1.05394,0.02839,0.00632,0.95804,0.00725
35.80000,1.05394,0.02642,0.00498,0.96165,0.00695
35.90000,1.05394,0.02611,0.00551,0.95993,0.00844
36.00000,1.05394,0.02743,0.00648,0.95683,0.00926
36.10000,1.05394,0.02714,0.00579,0.95839,0.00867
36.20000,1.05394,0.02549,0.00540,0.96058,0.00853
36.30000,1.05394,0.02644,0.00590,0.96051,0.00715
36.40000,1.05394,0.03111,0.00736,0.95226,0.00927
36.50000,1.05394,0.02836,0.00585,0.95841,0.00739
36.60000,1.05394,0.03225,0.00931,0.95184,0.00660
36.70000,1.05394,0.02952,0.00705,0.95698,0.00645
36.80000,1.05394,0.02584,0.00984,0.95678,0.00753
36.90000,1.05394,0.03191,0.00828,0.95205,0.00776
37.00000,1.05394,0.02666,0.00927,0.95747,0.00660
37.10000,1.05394,0.02597,0.00791,0.96077,0.00535
37.20000,1.05394,0.02557,0.00851,0.95970,0.00623
37.30000,1.05394,0.02836,0.00858,0.95540,0.00765
37.40000,1.05394,0.02743,0.01014,0.95397,0.00846
37.50000,1.05394,0.02964,0.00937,0.95241,0.00858
37.60000,1.05394,0.02872,0.00766,0.95578,0.00785
37.70000,1.05394,0.03462,0.00842,0.94960,0.00736
37.80000,1.05394,0.02848,0.00734,0.95682,0.00737
37.90000,1.05394,0.02914,0.00896,0.95437,0.00752
38.00000,1.05394,0.03141,0.00658,0.95558,0.00644
38.10000,1.05394,0.02967,0.00777,0.95484,0.00772
38.20000,1.05394,0.03009,0.00642,0.95698,0.00651
38.30000,1.05394,0.02689,0.00643,0.96027,0.00641
38.40000,1.05394,0.02926,0.00687,0.95655,0.00732
38.50000,1.05394,0.02640,0.00634,0.95855,0.00871
38.60000,1.05394,0.03002,0.00699,0.95440,0.00858
38.70000,1.05394,0.02646,0.00723,0.95507,0.01124
38.80000,1.05394,0.02993,0.00819,0.95227,0.00960
38.90000,1.05394,0.02640,0.00633,0.95788,0.00939
39.00000,1.05394,0.02957,0.00668,0.95531,0.00844
39.10000,1.05394,0.02508,0.00575,0.96090,0.00827
39.20000,1.05394,0.02714,0.00657,0.95885,0.00745
39.30000,1.05394,0.03503,0.00636,0.95261,0.00601
39.40000,1.05394,0.02723,0.00624,0.96061,0.00593
39.50000,1.05394,0.02651,0.00545,0.96287,0.00517
39.60000,1.05394,0.02428,0.00610,0.96422,0.00540
39.70000,1.05394,0.02832,0.00683,0.95949,0.00536
39.80000,1.05394,0.03067,0.00626,0.95793,0.00515
39.90000,1.05394,0.03531,0.00959,0.94835,0.00676
40.00000,1.05394,0.03243,0.01000,0.94969,0.00788
40.10000,1.05394,0.03506,0.01129,0.94635,0.00730
40.20000,1.05394,0.03259,0.01052,0.94868,0.00821
40.30000,1.05394,0.03778,0.01415,0.94030,0.00776
40.40000,1.05394,0.02791,0.00823,0.95673,0.00713
40.50000,1.05394,0.02830,0.00870,0.95643,0.00657
40.60000,1.05394,0.02998,0.00668,0.95731,0.00603
40.70000,1.05394,0.02630,0.00827,0.95784,0.00759
40.80000,1.05394,0.02598,0.00580,0.96156,0.00666
40.90000,1.05394,0.02477,0.00588,0.96202,0.00734
41.00000,1.05394,0.02916,0.00657,0.95689,0.00737
41.10000,1.05394,0.02775,0.00666,0.95782,0.00777
41.20000,1.05394,0.02501,0.00610,0.95978,0.00911
41.30000,1.05394,0.02549,0.00803,0.95470,0.01178
41.40000,1.05394,0.03288,0.00974,0.94477,0.01261
41.50000,1.05394,0.02864,0.00763,0.95253,0.01120
41.60000,1.05394,0.02998,0.00944,0.95012,0.01046
41.70000,1.05394,0.02630,0.00737,0.95674,0.00959
41.80000,1.05394,0.03544,0.01168,0.94248,0.01040
41.90000,1.05394,0.03537,0.01116,0.93940,0.01407
42.00000,1.05394,0.04186,0.01275,0.93286,0.01253
42.10000,1.05394,0.03563,0.01015,0.94370,0.01053
42.20000,1.05394,0.04178,0.01425,0.93263,0.01134
42.30000,1.05394,0.03184,0.00767,0.95125,0.00925
42.40000,1.05394,0.04155,0.01266,0.93644,0.00934
42.50000,1.05394,0.03291,0.00836,0.95101,0.00772
42.60000,1.05394,0.03886,0.01237,0.93929,0.00949
42.70000,1.05394,0.03157,0.00919,0.94908,0.01017
42.80000,1.05394,0.03218,0.00836,0.95112,0.00835
42.90000,1.05394,0.02653,0.00833,0.95837,0.00677
43.00000,1.05394,0.02493,0.00773,0.95943,0.00792
43.10000,1.05394,0.02130,0.00850,0.96240,0.00780
43.20000,1.05394,0.02221,0.00707,0.96316,0.00756
43.30000,1.05394,0.02452,0.00803,0.96058,0.00687
43.40000,1.05394,0.02871,0.00810,0.95440,0.00879
43.50000,1.05394,0.03082,0.00943,0.95024,0.00951
43.60000,1.05394,0.03748,0.01058,0.94127,0.01067
43.70000,1.05394,0.03295,0.00904,0.94717,0.01084
43.80000,1.05394,0.03531,0.00937,0.94227,0.01305
43.90000,1.05394,0.02819,0.00809,0.95143,0.01229
44.00000,1.05394,0.03755,0.00836,0.94044,0.01364
44.10000,1.05394,0.04424,0.00998,0.93459,0.01119
44.20000,1.05394,0.03399,0.00825,0.94717,0.01059
44.30000,1.05394,0.02661,0.00691,0.95831,0.00817
44.40000,1.05394,0.02877,0.00637,0.95778,0.00707
44.50000,1.05394,0.02248,0.00437,0.96799,0.00516
44.60000,1.05394,0.02403,0.00364,0.96605,0.00628
44.70000,1.05394,0.02756,0.00392,0.96205,0.00647
44.80000,1.05394,0.02456,0.00470,0.96466,0.00607
44.90000,1.05394,0.02841,0.00360,0.96214,0.00585
45.00000,1.05394,0.02891,0.00468,0.96003,0.00638
45.10000,1.05394,0.02232,0.00354,0.96842,0.00572
45.20000,1.05394,0.02761,0.00435,0.96128,0.00676
45.30000,1.05394,0.03081,0.00361,0.95728,0.00831
45.40000,1.05394,0.02898,0.00520,0.95519,0.01063
45.50000,1.05394,0.03222,0.00481,0.95311,0.00986
45.60000,1.05394,0.03349,0.00698,0.94735,0.01218
45.70000,1.05394,0.02829,0.00549,0.95641,0.00981
45.80000,1.05394,0.03481,0.00761,0.94660,0.01099
45.90000,1.05394,0.03009,0.00693,0.95325,0.00972
46.00000,1.05394,0.03182,0.00800,0.94826,0.01192
46.10000,1.05394,0.03153,0.01268,0.94216,0.01362
46.20000,1.05394,0.02651,0.00793,0.95755,0.00801
46.30000,1.05394,0.02716,0.00992,0.95442,0.00851
46.40000,1.05394,0.02395,0.00711,0.96299,0.00595
46.50000,1.05394,0.02342,0.00860,0.96154,0.00644
46.60000,1.05394,0.02174,0.00603,0.96747,0.00476
46.70000,1.05394,0.03036,0.00667,0.95803,0.00493
46.80000,1.05394,0.02200,0.00490,0.96810,0.00499
46.90000,1.05394,0.02332,0.00489,0.96665,0.00514
47.00000,1.05394,0.02439,0.00636,0.96448,0.00477
47.10000,1.05394,0.02684,0.00612,0.96063,0.00641
47.20000,1.05394,0.02487,0.00612,0.96357,0.00545
47.30000,1.05394,0.02161,0.00405,0.96853,0.00582
47.40000,1.05394,0.02336,0.00528,0.96504,0.00633
47.50000,1.05394,0.02221,0.00436,0.96716,0.00627
47.60000,1.05394,0.02289,0.00525,0.96473,0.00713
47.70000,1.05394,0.02039,0.00497,0.96791,0.00674
47.80000,1.05394,0.02755,0.00591,0.95943,0.00711
47.90000,1.05394,0.02337,0.00509,0.96519,0.00635
48.00000,1.05394,0.02914,0.00661,0.95511,0.00914
48.10000,1.05394,0.02441,0.00464,0.96306,0.00789
48.20000,1.05394,0.02893,0.00460,0.96003,0.00643
48.30000,1.05394,0.02823,0.00565,0.95882,0.00730
48.40000,1.05394,0.03225,0.00659,0.95346,0.00771
48.50000,1.05394,0.03624,0.00717,0.94953,0.00706
48.60000,1.05394,0.03929,0.00987,0.94026,0.01059
48.70000,1.05394,0.04372,0.00930,0.93672,0.01026
48.80000,1.05394,0.03760,0.00771,0.94524,0.00945
48.90000,1.05394,0.03392,0.00793,0.94867,0.00949
49.00000,1.05394,0.04092,0.00953,0.94141,0.00815
49.10000,1.05394,0.04166,0.01088,0.93698,0.01049
49.20000,1.05394,0.04152,0.00923,0.93910,0.01014
49.30000,1.05394,0.03664,0.00949,0.94444,0.00943
49.40000,1.05394,0.04428,0.00810,0.93937,0.00826
49.50000,1.05394,0.03875,0.00807,0.94365,0.00953
49.60000,1.05394,0.03963,0.00886,0.94185,0.00965
49.70000,1.05394,0.03474,0.00829,0.94561,0.01136
49.80000,1.05394,0.03148,0.00684,0.95202,0.00965
49.90000,1.05394,0.03062,0.00707,0.95220,0.01010
50.00000,1.05394,0.02589,0.00669,0.95685,0.01057
50.10000,1.05394,0.02688,0.00645,0.95549,0.01117
50.20000,1.05394,0.02673,0.00751,0.95500,0.01076
50.30000,1.05394,0.03772,0.00815,0.94094,0.01319
50.40000,1.05394,0.02914,0.00898,0.94926,0.01262
50.50000,1.05394,0.03556,0.00938,0.94236,0.01270
50.60000,1.05394,0.03334,0.00996,0.94603,0.01067
50.70000,1.05394,0.03672,0.00861,0.94319,0.01149
50.80000,1.05394,0.03028,0.00821,0.95185,0.00966
50.90000,1.05394,0.03589,0.00791,0.94506,0.01113
51.00000,1.05394,0.02565,0.00720,0.95653,0.01062
51.10000,1.05394,0.03245,0.00848,0.94852,0.01055
51.20000,1.05394,0.02320,0.00461,0.96380,0.00838
51.30000,1.05394,0.02976,0.00612,0.95551,0.00861
51.40000,1.05394,0.02487,0.00558,0.96049,0.00907
51.50000,1.05394,0.02934,0.00637,0.95520,0.00908
51.60000,1.05394,0.02577,0.00617,0.95800,0.01006
51.70000,1.05394,0.03034,0.00760,0.95186,0.01019
51.80000,1.05394,0.02555,0.00824,0.95713,0.00908
51.90000,1.05394,0.02940,0.00740,0.95540,0.00779
52.00000,1.05394,0.02658,0.00830,0.95707,0.00806
52.10000,1.05394,0.03003,0.00815,0.95365,0.00817
52.20000,1.05394,0.02949,0.00874,0.95419,0.00757
52.30000,1.05394,0.03044,0.00792,0.95408,0.00756
52.40000,1.05394,0.02934,0.00886,0.95364,0.00817
52.50000,1.05394,0.02973,0.00925,0.95212,0.00891
52.60000,1.05394,0.03158,0.00829,0.95157,0.00855
52.70000,1.05394,0.03185,0.01076,0.94490,0.01249
52.80000,1.05394,0.03099,0.00824,0.95161,0.00915
52.90000,1.05394,0.03077,0.00959,0.94767,0.01198
53.00000,1.05394,0.03335,0.00870,0.94863,0.00932
53.10000,1.05394,0.02656,0.00871,0.95292,0.01181
53.20000,1.05394,0.03593,0.01229,0.93937,0.01242
53.30000,1.05394,0.02754,0.00958,0.95118,0.01170
53.40000,1.05394,0.04089,0.01224,0.93425,0.01262
53.50000,1.05394,0.02889,0.00825,0.95196,0.01090
53.60000,1.05394,0.03010,0.00847,0.95152,0.00990
53.70000,1.05394,0.02416,0.00690,0.96046,0.00848
53.80000,1.05394,0.02507,0.00727,0.95931,0.00835
53.90000,1.05394,0.02560,0.00827,0.95765,0.00848
54.00000,1.05394,0.02581,0.00677,0.95993,0.00749
54.10000,1.05394,0.02599,0.00637,0.95997,0.00767
54.20000,1.05394,0.02574,0.00727,0.96016,0.00684
54.30000,1.05394,0.02395,0.00658,0.96296,0.00650
54.40000,1.05394,0.02135,0.00528,0.96825,0.00512
54.50000,1.05394,0.02465,0.00607,0.96144,0.00784
54.60000,1.05394,0.02907,0.00719,0.95777,0.00597
54.70000,1.05394,0.02841,0.00691,0.95642,0.00826
54.80000,1.05394,0.03072,0.00794,0.95335,0.00799
54.90000,1.05394,0.03054,0.00785,0.95266,0.00894
55.00000,1.05394,0.03148,0.00791,0.95293,0.00767
55.10000,1.05394,0.02817,0.00790,0.95382,0.01011
55.20000,1.05394,0.03458,0.01049,0.94579,0.00914
55.30000,1.05394,0.03596,0.01083,0.94449,0.00872
55.40000,1.05394,0.03183,0.00987,0.95040,0.00790
55.50000,1.05394,0.02662,0.00850,0.95803,0.00685
55.60000,1.05394,0.02540,0.00797,0.95916,0.00747
55.70000,1.05394,0.02164,0.00719,0.96422,0.00696
55.80000,1.05394,0.02489,0.00929,0.95935,0.00647
55.90000,1.05394,0.02394,0.00715,0.96226,0.00664
56.00000,1.05394,0.02405,0.00878,0.95969,0.00747
56.10000,1.05394,0.02001,0.00588,0.96873,0.00538
56.20000,1.05394,0.02275,0.00754,0.96342,0.00629
56.30000,1.05394,0.01822,0.00573,0.96991,0.00614
56.40000,1.05394,0.02355,0.00919,0.95797,0.00929
56.50000,1.05394,0.02206,0.00686,0.96372,0.00736
56.60000,1.05394,0.02218,0.00970,0.95841,0.00971
56.70000,1.05394,0.02174,0.00637,0.96476,0.00712
56.80000,1.05394,0.02498,0.00816,0.95836,0.00850
56.90000,1.05394,0.02589,0.00727,0.96043,0.00640
57.00000,1.05394,0.02740,0.00937,0.95469,0.00854
57.10000,1.05394,0.03002,0.00925,0.95245,0.00828
57.20000,1.05394,0.02887,0.01101,0.95046,0.00966
57.30000,1.05394,0.02861,0.00873,0.95461,0.00804
57.40000,1.05394,0.03612,0.01103,0.94386,0.00900
57.50000,1.05394,0.03233,0.01188,0.94718,0.00861
57.60000,1.05394,0.03241,0.00997,0.94875,0.00887
57.70000,1.05394,0.02544,0.00852,0.95893,0.00711
57.80000,1.05394,0.03081,0.00896,0.95328,0.00695
57.90000,1.05394,0.02564,0.00646,0.96268,0.00522
58.00000,1.05394,0.02593,0.00698,0.96133,0.00577
58.10000,1.05394,0.02334,0.00510,0.96672,0.00485
58.20000,1.05394,0.02821,0.00657,0.96058,0.00465
58.30000,1.05394,0.02447,0.00537,0.96635,0.00380
58.40000,1.05394,0.02297,0.00549,0.96672,0.00483
58.50000,1.05394,0.03284,0.00650,0.95569,0.00497
58.60000,1.05394,0.02595,0.00634,0.96241,0.00530
58.70000,1.05394,0.02436,0.00699,0.96312,0.00554
58.80000,1.05394,0.02921,0.00717,0.95748,0.00614
58.90000,1.05394,0.02812,0.00818,0.95723,0.00647
59.00000,1.05394,0.02991,0.00728,0.95772,0.00509
59.10000,1.05394,0.02776,0.00831,0.95718,0.00675
59.20000,1.05394,0.02953,0.00986,0.95344,0.00718
59.30000,1.05394,0.02477,0.00907,0.95711,0.00905
59.40000,1.05394,0.03238,0.01061,0.94948,0.00753
59.50000,1.05394,0.03163,0.00971,0.95014,0.00852
59.60000,1.05394,0.03473,0.00968,0.94695,0.00864
59.70000,1.05394,0.03602,0.01066,0.94530,0.00801
59.80000,1.05394,0.03060,0.00877,0.94776,0.01287
59.90000,1.05394,0.04259,0.00954,0.93499,0.01289
60.00000,1.05394,0.03808,0.00897,0.94040,0.01256
60.10000,1.05394,0.03713,0.00993,0.94055,0.01238
60.20000,1.05394,0.03385,0.00813,0.94547,0.01255
60.30000,1.05394,0.03360,0.00595,0.95127,0.00917
60.40000,1.05394,0.03238,0.00603,0.95215,0.00943
60.50000,1.05394,0.03141,0.00701,0.95329,0.00829
60.60000,1.05394,0.03069,0.00684,0.95478,0.00770
60.70000,1.05394,0.02722,0.00765,0.95713,0.00800
60.80000,1.05394,0.02518,0.00644,0.96258,0.00580
60.90000,1.05394,0.02798,0.00589,0.95936,0.00677
61.00000,1.05394,0.03115,0.00694,0.95496,0.00694
61.10000,1.05394,0.03314,0.00714,0.95048,0.00924
61.20000,1.05394,0.03101,0.00976,0.95177,0.00747
61.30000,1.05394,0.02784,0.00662,0.95794,0.00760
61.40000,1.05394,0.02953,0.00871,0.95384,0.00791
61.50000,1.05394,0.03525,0.00771,0.94754,0.00950
61.60000,1.05394,0.03185,0.00859,0.95032,0.00924
61.70000,1.05394,0.02788,0.00774,0.95584,0.00854
61.80000,1.05394,0.03111,0.00806,0.95124,0.00959
61.90000,1.05394,0.02143,0.00519,0.96551,0.00787
62.00000,1.05394,0.02730,0.00694,0.95741,0.00835
62.10000,1.05394,0.02164,0.00531,0.96457,0.00847
62.20000,1.05394,0.02485,0.00556,0.96145,0.00814
62.30000,1.05394,0.02618,0.00679,0.95787,0.00917
62.40000,1.05394,0.03545,0.00732,0.94620,0.01103
62.50000,1.05394,0.02720,0.00620,0.95707,0.00953
62.60000,1.05394,0.02753,0.00576,0.95838,0.00832
62.70000,1.05394,0.03017,0.00724,0.95202,0.01057
62.80000,1.05394,0.03745,0.00943,0.94287,0.01025
62.90000,1.05394,0.03150,0.00916,0.94913,0.01021
63.00000,1.05394,0.02475,0.00629,0.95893,0.01003
63.10000,1.05394,0.02793,0.00702,0.95551,0.00954
63.20000,1.05394,0.02158,0.00635,0.96092,0.01114
63.30000,1.05394,0.02391,0.00617,0.95937,0.01055
63.40000,1.05393,0.02461,0.00594,0.95498,0.01447
63.50000,1.05394,0.02594,0.00613,0.95434,0.01358
63.60000,1.05394,0.02617,0.00688,0.95254,0.01441
63.70000,1.05394,0.03092,0.00748,0.94980,0.01180
63.80000,1.05394,0.03019,0.00665,0.95238,0.01079
63.90000,1.05393,0.03081,0.00750,0.95105,0.01064
64.00000,1.05394,0.03473,0.00830,0.94565,0.01132
64.10000,1.05394,0.03906,0.00991,0.93941,0.01161
64.20000,1.05394,0.03855,0.01029,0.94141,0.00975
64.30000,1.05393,0.03814,0.00842,0.94252,0.01092
64.40000,1.05393,0.03559,0.00937,0.94659,0.00846
64.50000,1.05394,0.03528,0.00743,0.94848,0.00880
64.60000,1.05394,0.03648,0.00813,0.94690,0.00849
64.70000,1.05394,0.03473,0.00732,0.94849,0.00945
64.80000,1.05393,0.03557,0.00855,0.94538,0.01050
64.90000,1.05393,0.03436,0.00755,0.94720,0.01090
65.00000,1.05394,0.03785,0.00771,0.94525,0.00920
65.10000,1.05394,0.03637,0.00731,0.94702,0.00930
65.20000,1.05394,0.03249,0.00664,0.95140,0.00947
65.30000,1.05393,0.03201,0.00846,0.94914,0.01040
65.40000,1.05393,0.02976,0.00773,0.95227,0.01024
65.50000,1.05394,0.03436,0.00879,0.94688,0.00998
65.60000,1.05394,0.02902,0.00668,0.95575,0.00854
65.70000,1.05394,0.02898,0.00731,0.95322,0.01049
65.80000,1.05393,0.03437,0.00849,0.94565,0.01149
65.90000,1.05393,0.03348,0.00804,0.94674,0.01174
66.00000,1.05394,0.03746,0.00893,0.94208,0.01153
66.10000,1.05394,0.03242,0.00807,0.94789,0.01162
66.20000,1.05394,0.03649,0.00867,0.94283,0.01201
66.30000,1.05393,0.04087,0.00933,0.93816,0.01163
66.40000,1.05393,0.03735,0.01037,0.94243,0.00985
66.50000,1.05394,0.03687,0.00901,0.94530,0.00881
66.60000,1.05394,0.03808,0.00926,0.94299,0.00967
66.70000,1.05394,0.03249,0.00641,0.95457,0.00654
66.80000,1.05393,0.03098,0.00941,0.95089,0.00872
66.90000,1.05393,0.02708,0.00749,0.95874,0.00669
67.00000,1.05394,0.03016,0.00807,0.95449,0.00729
67.10000,1.05394,0.02924,0.00683,0.95606,0.00787
67.20000,1.05394,0.02993,0.00832,0.95353,0.00821
67.30000,1.05393,0.02612,0.00704,0.95807,0.00877
67.40000,1.05393,0.02977,0.00675,0.95556,0.00792
67.50000,1.05394,0.02819,0.00819,0.95322,0.01040
67.60000,1.05394,0.03292,0.00702,0.95126,0.00880
67.70000,1.05394,0.03088,0.00732,0.95158,0.01021
67.80000,1.05393,0.03330,0.00800,0.94837,0.01033
67.90000,1.05393,0.03278,0.00856,0.94588,0.01278
68.00000,1.05394,0.04010,0.01016,0.93848,0.01127
68.10000,1.05394,0.03859,0.01020,0.93608,0.01513
68.20000,1.05394,0.03562,0.00989,0.94255,0.01195
68.30000,1.05393,0.03361,0.00986,0.94054,0.01598
68.40000,1.05393,0.03600,0.00941,0.94133,0.01326
68.50000,1.05394,0.03564,0.00996,0.93752,0.01688
68.60000,1.05394,0.03447,0.00804,0.94553,0.01195
68.70000,1.05394,0.04273,0.00950,0.93655,0.01122
68.80000,1.05393,0.02814,0.00712,0.95458,0.01015
68.90000,1.05393,0.03593,0.00861,0.94381,0.01164
69.00000,1.05394,0.02824,0.00642,0.95448,0.01086
69.10000,1.05394,0.03232,0.00712,0.95140,0.00916
69.20000,1.05394,0.02654,0.00500,0.95975,0.00871
69.30000,1.05393,0.02885,0.00710,0.95676,0.00729
69.40000,1.05393,0.03234,0.00644,0.95225,0.00897
69.50000,1.05394,0.03352,0.01149,0.94707,0.00793
69.60000,1.05394,0.02682,0.00561,0.95991,0.00767
69.70000,1.05394,0.02760,0.00733,0.95827,0.00680
69.80000,1.05393,0.02703,0.00596,0.95861,0.00840
69.90000,1.05393,0.02793,0.00932,0.95457,0.00818
70.00000,1.05394,0.02607,0.00680,0.96010,0.00703
70.10000,1.05394,0.02620,0.00807,0.95727,0.00846
70.20000,1.05394,0.02324,0.00654,0.96464,0.00558
70.30000,1.05393,0.02822,0.00860,0.95524,0.00794
70.40000,1.05393,0.02417,0.00629,0.96340,0.00614
70.50000,1.05394,0.02927,0.00825,0.95436,0.00812
70.60000,1.05394,0.03352,0.00759,0.95133,0.00756
70.70000,1.05394,0.03210,0.00993,0.94817,0.00980
70.80000,1.05393,0.03369,0.00856,0.95086,0.00689
70.90000,1.05393,0.02784,0.00812,0.95722,0.00682
71.00000,1.05394,0.03489,0.00880,0.95019,0.00612
71.10000,1.05394,0.02517,0.00669,0.96173,0.00640
71.20000,1.05394,0.02871,0.00815,0.95559,0.00756
71.30000,1.05393,0.02320,0.00720,0.96311,0.00649
71.40000,1.05393,0.02370,0.00749,0.96046,0.00835
71.50000,1.05394,0.02580,0.00674,0.96066,0.00680
71.60000,1.05394,0.02701,0.00773,0.95674,0.00852
71.70000,1.05394,0.02549,0.00754,0.95985,0.00712
71.80000,1.05393,0.02847,0.00531,0.95930,0.00691
71.90000,1.05393,0.03065,0.00508,0.95736,0.00692
72.00000,1.05394,0.03684,0.00497,0.94930,0.00889
72.10000,1.05394,0.02749,0.00389,0.96247,0.00616
72.20000,1.05394,0.04152,0.00503,0.94500,0.00846
72.30000,1.05393,0.04485,0.00549,0.94338,0.00628
72.40000,1.05393,0.04583,0.00610,0.94000,0.00807
72.50000,1.05394,0.02884,0.00463,0.96090,0.00563
72.60000,1.05394,0.03898,0.00438,0.95119,0.00544
72.70000,1.05394,0.04394,0.00489,0.94343,0.00774
72.80000,1.05393,0.02963,0.00569,0.95835,0.00633
72.90000,1.05393,0.03721,0.00691,0.94858,0.00730
73.00000,1.05394,0.03129,0.00862,0.95231,0.00779
73.10000,1.05394,0.02843,0.00730,0.95651,0.00776
73.20000,1.05394,0.02789,0.00649,0.95836,0.00725
73.30000,1.05393,0.02743,0.00686,0.95868,0.00703
73.40000,1.05393,0.02838,0.00748,0.95785,0.00629
73.50000,1.05394,0.02491,0.00504,0.96433,0.00572
73.60000,1.05394,0.02375,0.00662,0.96427,0.00537
73.70000,1.05394,0.01932,0.00435,0.97161,0.00473
73.80000,1.05393,0.02716,0.00769,0.95929,0.00586
73.90000,1.05393,0.01391,0.00327,0.97723,0.00560
74.00000,1.05394,0.02190,0.00684,0.96511,0.00615
74.10000,1.05394,0.01950,0.00439,0.97009,0.00602
74.20000,1.05394,0.02103,0.00703,0.96609,0.00585
74.30000,1.05393,0.01565,0.00359,0.97548,0.00527
74.40000,1.05393,0.02268,0.00844,0.96274,0.00615
74.50000,1.05394,0.01953,0.00677,0.96724,0.00646
74.60000,1.05394,0.02101,0.00729,0.96509,0.00661
74.70000,1.05394,0.01828,0.00582,0.97083,0.00507
74.80000,1.05393,0.02373,0.00707,0.96360,0.00560
74.90000,1.05393,0.01692,0.00512,0.97316,0.00481
75.00000,1.05394,0.01966,0.00619,0.96852,0.00563
75.10000,1.05394,0.01554,0.00534,0.97384,0.00528
75.20000,1.05394,0.02404,0.00639,0.96331,0.00626
75.30000,1.05393,0.02271,0.00550,0.96639,0.00541
75.40000,1.05393,0.02140,0.00612,0.96611,0.00637
75.50000,1.05394,0.02295,0.00555,0.96644,0.00506
75.60000,1.05394,0.02354,0.00514,0.96541,0.00590
75.70000,1.05394,0.02845,0.00627,0.95901,0.00627
75.80000,1.05393,0.02698,0.00686,0.96045,0.00571
75.90000,1.05393,0.02880,0.00727,0.95851,0.00541
76.00000,1.05394,0.02903,0.00596,0.95916,0.00584
76.10000,1.05394,0.03355,0.00702,0.95279,0.00664
76.20000,1.05394,0.02729,0.00506,0.96232,0.00534
76.30000,1.05393,0.03015,0.00574,0.95816,0.00596
76.40000,1.05393,0.02589,0.00519,0.96233,0.00660
76.50000,1.05394,0.02869,0.00654,0.95981,0.00496
76.60000,1.05394,0.02544,0.00638,0.96242,0.00576
76.70000,1.05394,0.02939,0.00620,0.95920,0.00522
76.80000,1.05393,0.02632,0.00533,0.96236,0.00598
76.90000,1.05393,0.03261,0.00744,0.95462,0.00533
77.00000,1.05394,0.02319,0.00627,0.96489,0.00565
77.10000,1.05394,0.03253,0.00704,0.95523,0.00520
77.20000,1.05394,0.02389,0.00616,0.96454,0.00541
77.30000,1.05393,0.02991,0.00698,0.95798,0.00514
77.40000,1.05393,0.02462,0.00522,0.96445,0.00571
77.50000,1.05394,0.02727,0.00559,0.96176,0.00538
77.60000,1.05394,0.02630,0.00613,0.96065,0.00692
77.70000,1.05394,0.02911,0.00631,0.95913,0.00545
77.80000,1.05393,0.02815,0.00679,0.95790,0.00717
77.90000,1.05393,0.02360,0.00597,0.96244,0.00799
78.00000,1.05394,0.03445,0.00903,0.94767,0.00886
78.10000,1.05394,0.02705,0.00714,0.95839,0.00741
78.20000,1.05394,0.02994,0.00926,0.95139,0.00941
78.30000,1.05393,0.02851,0.00839,0.95338,0.00971
78.40000,1.05393,0.02826,0.00844,0.95499,0.00832
78.50000,1.05394,0.02830,0.00728,0.95691,0.00751
78.60000,1.05394,0.02834,0.00813,0.95530,0.00824
78.70000,1.05394,0.03281,0.00818,0.95011,0.00891
78.80000,1.05393,0.02201,0.00619,0.96533,0.00646
78.90000,1.05393,0.02748,0.00670,0.95817,0.00766
79.00000,1.05394,0.02236,0.00596,0.96532,0.00636
79.10000,1.05394,0.02739,0.00644,0.95978,0.00639
79.20000,1.05394,0.01964,0.00493,0.96992,0.00551
79.30000,1.05393,0.02529,0.00772,0.96073,0.00625
79.40000,1.05393,0.02091,0.00686,0.96598,0.00625
79.50000,1.05394,0.02905,0.00756,0.95765,0.00573
79.60000,1.05394,0.02629,0.00962,0.95681,0.00729
79.70000,1.05394,0.02784,0.00980,0.95446,0.00790
79.80000,1.05393,0.02312,0.00897,0.96113,0.00677
79.90000,1.05393,0.02778,0.00972,0.95486,0.00763
80.00000,1.05394,0.02339,0.00906,0.96021,0.00734
80.10000,1.05394,0.02550,0.00746,0.96020,0.00683
80.20000,1.05394,0.02261,0.00656,0.96367,0.00716
80.30000,1.05393,0.02800,0.00800,0.95712,0.00689
80.40000,1.05393,0.02654,0.00884,0.95778,0.00684
80.50000,1.05394,0.02275,0.00703,0.96339,0.00682
80.60000,1.05394,0.02306,0.00653,0.96468,0.00573
80.70000,1.05394,0.02225,0.00901,0.96151,0.00723
80.80000,1.05393,0.02570,0.00860,0.95916,0.00654
80.90000,1.05393,0.02190,0.00791,0.96382,0.00637
81.00000,1.05394,0.02574,0.00856,0.95983,0.00587
81.10000,1.05394,0.02233,0.00905,0.96212,0.00650
81.20000,1.05394,0.02759,0.00921,0.95667,0.00653
81.30000,1.05393,0.02117,0.00879,0.96286,0.00719
81.40000,1.05393,0.02316,0.00856,0.96115,0.00713
81.50000,1.05394,0.02113,0.00693,0.96402,0.00793
81.60000,1.05394,0.01969,0.00665,0.96734,0.00633
81.70000,1.05394,0.01905,0.00650,0.96734,0.00712
81.80000,1.05393,0.02127,0.00765,0.96391,0.00718
81.90000,1.05393,0.02059,0.00767,0.96427,0.00747
82.00000,1.05394,0.02309,0.00820,0.96200,0.00671
82.10000,1.05394,0.02342,0.00760,0.96197,0.00702
82.20000,1.05394,0.02572,0.00912,0.95774,0.00743
82.30000,1.05393,0.02243,0.00796,0.96308,0.00653
82.40000,1.05393,0.02467,0.00903,0.95905,0.00725
82.50000,1.05394,0.02757,0.00917,0.95624,0.00702
82.60000,1.05394,0.03081,0.01050,0.94996,0.00872
82.70000,1.05394,0.03118,0.01006,0.95168,0.00708
82.80000,1.05393,0.02539,0.00900,0.95750,0.00811
82.90000,1.05393,0.02930,0.00846,0.95466,0.00758
83.00000,1.05394,0.03146,0.00817,0.95243,0.00794
83.10000,1.05394,0.03034,0.00913,0.95386,0.00667
83.20000,1.05394,0.02821,0.00663,0.95904,0.00612
83.30000,1.05393,0.03919,0.00900,0.94541,0.00641
83.40000,1.05393,0.02728,0.00535,0.96171,0.00566
83.50000,1.05394,0.02855,0.00719,0.95879,0.00547
83.60000,1.05394,0.02537,0.00481,0.96464,0.00519
83.70000,1.05394,0.02722,0.00752,0.95835,0.00691
83.80000,1.05393,0.02860,0.00602,0.95883,0.00655
83.90000,1.05393,0.02202,0.00615,0.96577,0.00606
84.00000,1.05394,0.02494,0.00579,0.96368,0.00559
84.10000,1.05394,0.02289,0.00589,0.96515,0.00607
84.20000,1.05394,0.02889,0.00773,0.95650,0.00688
84.30000,1.05393,0.02565,0.00645,0.96100,0.00690
84.40000,1.05393,0.02380,0.00640,0.96325,0.00655
84.50000,1.05394,0.02590,0.00752,0.95925,0.00733
84.60000,1.05394,0.02708,0.00789,0.95817,0.00686
84.70000,1.05394,0.02543,0.00706,0.96161,0.00590
84.80000,1.05393,0.02442,0.00672,0.96345,0.00541
84.90000,1.05393,0.02349,0.00630,0.96538,0.00483
85.00000,1.05394,0.02362,0.00626,0.96485,0.00528
85.10000,1.05394,0.02192,0.00552,0.96758,0.00498
85.20000,1.05394,0.02773,0.00746,0.95816,0.00665
85.30000,1.05393,0.03228,0.00817,0.95274,0.00682
85.40000,1.05393,0.02817,0.00817,0.95595,0.00771
85.50000,1.05394,0.03779,0.00814,0.94603,0.00804
85.60000,1.05394,0.03347,0.00947,0.94796,0.00910
85.70000,1.05394,0.04178,0.01001,0.93716,0.01105
85.80000,1.05393,0.04188,0.01108,0.93563,0.01141
85.90000,1.05393,0.04851,0.01560,0.92026,0.01563
86.00000,1.05394,0.04089,0.01359,0.93132,0.01420
86.10000,1.05394,0.03804,0.01222,0.93585,0.01390
86.20000,1.05394,0.03392,0.00997,0.94512,0.01099
86.30000,1.05393,0.03129,0.00797,0.94849,0.01224
86.40000,1.05393,0.02863,0.00864,0.95328,0.00945
86.50000,1.05394,0.02679,0.00693,0.95640,0.00989
86.60000,1.05394,0.02560,0.00689,0.96050,0.00701
86.70000,1.05394,0.02511,0.00587,0.96009,0.00893
86.80000,1.05393,0.02558,0.00691,0.96127,0.00624
86.90000,1.05393,0.02478,0.00665,0.96111,0.00746
87.00000,1.05394,0.02954,0.00865,0.95552,0.00630
87.10000,1.05394,0.02599,0.00603,0.96271,0.00527
87.20000,1.05394,0.03372,0.01066,0.94995,0.00567
87.30000,1.05393,0.03109,0.00782,0.95565,0.00543
87.40000,1.05393,0.03292,0.00918,0.95232,0.00559
87.50000,1.05394,0.03151,0.00767,0.95555,0.00527
87.60000,1.05394,0.03909,0.01152,0.94341,0.00598
87.70000,1.05394,0.03570,0.00861,0.95010,0.00559
87.80000,1.05393,0.03820,0.00886,0.94660,0.00633
87.90000,1.05393,0.03286,0.00808,0.95338,0.00568
88.00000,1.05394,0.03406,0.00849,0.95140,0.00605
88.10000,1.05394,0.04145,0.00978,0.94074,0.00802
88.20000,1.05394,0.03870,0.00994,0.94067,0.01069
88.30000,1.05393,0.03504,0.00969,0.94646,0.00881
88.40000,1.05393,0.03049,0.00686,0.95395,0.00871
88.50000,1.05394,0.02542,0.00720,0.95966,0.00773
88.60000,1.05394,0.02350,0.00478,0.96528,0.00643
88.70000,1.05394,0.03139,0.00818,0.95151,0.00892
88.80000,1.05393,0.02624,0.00535,0.96129,0.00712
88.90000,1.05393,0.02903,0.00759,0.95545,0.00793
89.00000,1.05394,0.02986,0.00555,0.95942,0.00518
89.10000,1.05394,0.02910,0.00710,0.95777,0.00603
89.20000,1.05394,0.02540,0.00646,0.96274,0.00540
89.30000,1.05393,0.03538,0.00768,0.95001,0.00693
89.40000,1.05393,0.02922,0.00857,0.95493,0.00728
89.50000,1.05394,0.03244,0.00731,0.95299,0.00727
89.60000,1.05394,0.02691,0.00977,0.95639,0.00694
89.70000,1.05394,0.02992,0.00817,0.95468,0.00722
89.80000,1.05393,0.02698,0.00865,0.95547,0.00890
89.90000,1.05393,0.02846,0.00857,0.95432,0.00865
90.00000,1.05394,0.02698,0.00688,0.95744,0.00870
90.10000,1.05394,0.02237,0.00590,0.96428,0.00745
90.20000,1.05394,0.02482,0.00519,0.96331,0.00668
90.30000,1.05393,0.02459,0.00516,0.96503,0.00523
90.40000,1.05393,0.02515,0.00492,0.96333,0.00660
90.50000,1.05394,0.02445,0.00554,0.96325,0.00676
90.60000,1.05394,0.02712,0.00545,0.96065,0.00677
90.70000,1.05394,0.02672,0.00681,0.96042,0.00604
90.80000,1.05393,0.03209,0.00581,0.95615,0.00595
90.90000,1.05393,0.03044,0.00698,0.95698,0.00559
91.00000,1.05394,0.02956,0.00755,0.95530,0.00759
91.10000,1.05394,0.02743,0.00644,0.95981,0.00631
91.20000,1.05394,0.03344,0.00748,0.95221,0.00687
91.30000,1.05393,0.02698,0.00598,0.96159,0.00546
91.40000,1.05393,0.02794,0.00702,0.95957,0.00547
91.50000,1.05394,0.02384,0.00521,0.96632,0.00463
91.60000,1.05394,0.03055,0.00594,0.95842,0.00509
91.70000,1.05394,0.03181,0.00726,0.95506,0.00587
91.80000,1.05393,0.02409,0.00672,0.96331,0.00588
91.90000,1.05393,0.02838,0.00671,0.95881,0.00609
92.00000,1.05394,0.03707,0.01029,0.94553,0.00712
92.10000,1.05394,0.03222,0.00802,0.95387,0.00589
92.20000,1.05394,0.03152,0.00988,0.95238,0.00623
92.30000,1.05393,0.03653,0.00719,0.94809,0.00819
92.40000,1.05393,0.04985,0.01023,0.93234,0.00759
92.50000,1.05394,0.03508,0.00885,0.94656,0.00951
92.60000,1.05394,0.03895,0.00886,0.94463,0.00756
92.70000,1.05394,0.03439,0.00744,0.94929,0.00888
92.80000,1.05393,0.04309,0.00852,0.94148,0.00692
92.90000,1.05393,0.03656,0.00707,0.95010,0.00628
93.00000,1.05394,0.03647,0.00772,0.94939,0.00642
93.10000,1.05394,0.03844,0.00824,0.94446,0.00885
93.20000,1.05394,0.03706,0.00773,0.94925,0.00596
93.30000,1.05393,0.02989,0.00857,0.95485,0.00669
93.40000,1.05393,0.02803,0.00788,0.95821,0.00589
93.50000,1.05394,0.03305,0.00960,0.95044,0.00691
93.60000,1.05394,0.03288,0.00916,0.95168,0.00628
93.70000,1.05394,0.03144,0.00806,0.95484,0.00566
93.80000,1.05393,0.03361,0.00961,0.94961,0.00718
93.90000,1.05393,0.03284,0.00821,0.95262,0.00632
94.00000,1.05394,0.03457,0.01029,0.94809,0.00705
94.10000,1.05394,0.02838,0.00782,0.95789,0.00591
94.20000,1.05394,0.03222,0.00934,0.95171,0.00674
94.30000,1.05393,0.03093,0.00872,0.95346,0.00689
94.40000,1.05393,0.03547,0.00944,0.94835,0.00674
94.50000,1.05394,0.03016,0.00983,0.95291,0.00710
94.60000,1.05394,0.03266,0.00967,0.95084,0.00682
94.70000,1.05394,0.02534,0.00800,0.95783,0.00883
94.80000,1.05393,0.03292,0.00979,0.94885,0.00843
94.90000,1.05393,0.02978,0.00976,0.95149,0.00897
95.00000,1.05394,0.03610,0.01406,0.93782,0.01201
95.10000,1.05394,0.03148,0.01064,0.94808,0.00980
95.20000,1.05394,0.04807,0.01484,0.92782,0.00926
95.30000,1.05393,0.03344,0.01249,0.94546,0.00862
95.40000,1.05393,0.03922,0.01523,0.93657,0.00898
95.50000,1.05394,0.03508,0.01223,0.94609,0.00660
95.60000,1.05394,0.04463,0.01492,0.93264,0.00781
95.70000,1.05394,0.03287,0.01289,0.94862,0.00563
95.80000,1.05393,0.03549,0.01479,0.94381,0.00590
95.90000,1.05393,0.02741,0.00918,0.95918,0.00422
96.00000,1.05394,0.02844,0.00749,0.95953,0.00454
96.10000,1.05394,0.02611,0.00729,0.96128,0.00532
96.20000,1.05394,0.02349,0.00682,0.96463,0.00505
96.30000,1.05393,0.02784,0.00606,0.96179,0.00431
96.40000,1.05393,0.03318,0.00713,0.95455,0.00515
96.50000,1.05394,0.02950,0.00711,0.95769,0.00569
96.60000,1.05394,0.03061,0.00672,0.95692,0.00574
96.70000,1.05394,0.03113,0.00642,0.95581,0.00664
96.80000,1.05393,0.02853,0.00633,0.95782,0.00732
96.90000,1.05393,0.03031,0.00726,0.95340,0.00903
97.00000,1.05394,0.02733,0.00788,0.95645,0.00835
97.10000,1.05394,0.02735,0.00807,0.95638,0.00820
97.20000,1.05394,0.02665,0.00750,0.95683,0.00903
97.30000,1.05393,0.02686,0.00697,0.95878,0.00739
97.40000,1.05393,0.02817,0.00597,0.95888,0.00698
97.50000,1.05394,0.02254,0.00648,0.96477,0.00621
97.60000,1.05394,0.02638,0.00691,0.95985,0.00686
97.70000,1.05394,0.02206,0.00621,0.96621,0.00553
97.80000,1.05393,0.02643,0.00649,0.96112,0.00596
97.90000,1.05393,0.02302,0.00559,0.96686,0.00453
98.00000,1.05394,0.02477,0.00573,0.96524,0.00426
98.10000,1.05394,0.02787,0.00492,0.96304,0.00417
98.20000,1.05394,0.02599,0.00539,0.96389,0.00473
98.30000,1.05393,0.02616,0.00530,0.96364,0.00491
98.40000,1.05393,0.02990,0.00438,0.96099,0.00473
98.50000,1.05394,0.04292,0.00774,0.94355,0.00579
98.60000,1.05394,0.04520,0.00738,0.94338,0.00403
98.70000,1.05394,0.04776,0.00572,0.94154,0.00498
98.80000,1.05393,0.04712,0.00395,0.94531,0.00362
98.90000,1.05393,0.06353,0.00369,0.92734,0.00543
99.00000,1.05394,0.06536,0.00341,0.92689,0.00435
99.10000,1.05394,0.06298,0.00252,0.93059,0.00392
99.20000,1.05394,0.05214,0.00327,0.94071,0.00388
99.30000,1.05393,0.05752,0.00247,0.93526,0.00475
99.40000,1.05393,0.03208,0.00258,0.96187,0.00346
99.50000,1.05394,0.02778,0.00167,0.96718,0.00337
99.60000,1.05394,0.02242,0.00213,0.97157,0.00389
99.70000,1.05394,0.01864,0.00245,0.97354,0.00537
99.80000,1.05393,0.01484,0.00243,0.97888,0.00385
99.90000,1.05393,0.01406,0.00253,0.97888,0.00453
100.00000,1.05394,0.00802,0.00178,0.98801,0.00219
100.10000,1.05394,0.00742,0.00244,0.98696,0.00318
100.20000,1.05394,0.00571,0.00138,0.99066,0.00225
100.30000,1.05393,0.00437,0.00103,0.99201,0.00259
100.40000,1.05393,0.00192,0.00040,0.99597,0.00170
100.50000,1.05394,0.00266,0.00043,0.99533,0.00158
100.60000,1.05394,0.00145,0.00023,0.99734,0.00098
100.70000,1.05394,0.00159,0.00025,0.99696,0.00119
100.80000,1.05393,0.00095,0.00013,0.99802,0.00090
100.90000,1.05393,0.00130,0.00019,0.99764,0.00087
101.00000,1.05394,0.00083,0.00011,0.99811,0.00095
101.10000,1.05394,0.00107,0.00019,0.99719,0.00155
101.20000,1.05394,0.00087,0.00014,0.99800,0.00099
101.30000,1.05393,0.00067,0.00020,0.99836,0.00077
101.40000,1.05393,0.00078,0.00016,0.99826,0.00079
101.50000,1.05394,0.00076,0.00023,0.99816,0.00085
101.60000,1.05394,0.00066,0.00028,0.99813,0.00094
101.70000,1.05394,0.00077,0.00037,0.99751,0.00135
101.80000,1.05393,0.00040,0.00014,0.99896,0.00050
101.90000,1.05393,0.00052,0.00027,0.99838,0.00083
102.00000,1.05394,0.00065,0.00030,0.99799,0.00106
102.10000,1.05394,0.00114,0.00050,0.99688,0.00149
102.20000,1.05394,0.00080,0.00029,0.99770,0.00120
102.30000,1.05393,0.00126,0.00038,0.99686,0.00149
102.40000,1.05393,0.00146,0.00039,0.99595,0.00221
102.50000,1.05394,0.00106,0.00035,0.99684,0.00175
102.60000,1.05394,0.00105,0.00039,0.99641,0.00215
102.70000,1.05394,0.00094,0.00037,0.99704,0.00165
102.80000,1.05393,0.00148,0.00045,0.99614,0.00193
102.90000,1.05393,0.00087,0.00027,0.99763,0.00123
103.00000,1.05394,0.00121,0.00037,0.99740,0.00102
103.10000,1.05394,0.00098,0.00036,0.99764,0.00102
103.20000,1.05394,0.00091,0.00028,0.99780,0.00101
103.30000,1.05393,0.00068,0.00030,0.99815,0.00086
103.40000,1.05393,0.00094,0.00036,0.99767,0.00103
103.50000,1.05394,0.00074,0.00032,0.99790,0.00104
103.60000,1.05394,0.00089,0.00034,0.99783,0.00094
103.70000,1.05394,0.00089,0.00035,0.99741,0.00135
103.80000,1.05393,0.00110,0.00052,0.99708,0.00130
103.90000,1.05393,0.00094,0.00049,0.99651,0.00205
104.00000,1.05394,0.00071,0.00035,0.99776,0.00118
104.10000,1.05394,0.00051,0.00038,0.99767,0.00145
104.20000,1.05394,0.00062,0.00042,0.99755,0.00141
104.30000,1.05393,0.00072,0.00039,0.99709,0.00180
104.40000,1.05393,0.00054,0.00035,0.99787,0.00124
104.50000,1.05394,0.00042,0.00024,0.99850,0.00083
104.60000,1.05394,0.00080,0.00034,0.99746,0.00140
104.70000,1.05394,0.00098,0.00038,0.99714,0.00149
104.80000,1.05393,0.00130,0.00029,0.99730,0.00112
104.90000,1.05393,0.00259,0.00039,0.99567,0.00135
105.00000,1.05394,0.00594,0.00035,0.99210,0.00161
105.10000,1.05394,0.00661,0.00041,0.99126,0.00172
105.20000,1.05394,0.02004,0.00050,0.97785,0.00161
105.30000,1.05393,0.01515,0.00068,0.98269,0.00149
105.40000,1.05393,0.03486,0.00089,0.96243,0.00182
105.50000,1.05394,0.03605,0.00144,0.96041,0.00210
105.60000,1.05394,0.06404,0.00147,0.93172,0.00277
105.70000,1.05394,0.04762,0.00157,0.94873,0.00208
105.80000,1.05393,0.05946,0.00179,0.93591,0.00284
105.90000,1.05393,0.04355,0.00110,0.95383,0.00153
106.00000,1.05394,0.04412,0.00097,0.95311,0.00180
106.10000,1.05394,0.05225,0.00074,0.94561,0.00140
106.20000,1.05394,0.05910,0.00062,0.93835,0.00193
106.30000,1.05393,0.06752,0.00079,0.92909,0.00259
106.40000,1.05393,0.09842,0.00076,0.89753,0.00328
106.50000,1.05394,0.13310,0.00103,0.86102,0.00485
106.60000,1.05394,0.18303,0.00146,0.80827,0.00724
106.70000,1.05394,0.22926,0.00220,0.74997,0.01857
106.80000,1.05393,0.34862,0.00190,0.61674,0.03274
106.90000,1.05393,0.39073,0.00265,0.54545,0.06116
107.00000,1.05394,0.48373,0.00356,0.43227,0.08043
107.10000,1.05394,0.52770,0.00427,0.35429,0.11374
107.20000,1.05394,0.65695,0.00446,0.21340,0.12519
107.30000,1.05393,0.70746,0.00308,0.17969,0.10976
107.40000,1.05393,0.82081,0.00145,0.09049,0.08726
107.50000,1.05394,0.87790,0.00111,0.06332,0.05767
107.60000,1.05394,0.87654,0.00109,0.05310,0.06927
107.70000,1.05394,0.91048,0.00095,0.03686,0.05171
107.80000,1.05393,0.94505,0.00088,0.02260,0.03148
107.90000,1.05393,0.96097,0.00058,0.01286,0.02559
108.00000,1.05394,0.95460,0.00076,0.01294,0.03170
