Time (seconds), Duration (seconds),pred_(unlabeled),pred_brushing_teeth,pred_hair_drying,pred_showering,pred_air,pred_plastic,pred_plastic_out,pred_wood,pred_wood_out
0.00000,1.02194,0.98539,0.01168,0.00062,0.00220,0.00002,0.00000,0.00001,0.00000,0.00008
0.14000,1.02194,0.94303,0.02746,0.00481,0.02453,0.00004,0.00000,0.00001,0.00000,0.00012
0.28000,1.02194,0.89768,0.02739,0.03204,0.04278,0.00003,0.00000,0.00000,0.00001,0.00007
0.42000,1.02194,0.80046,0.02070,0.12670,0.05205,0.00002,0.00000,0.00000,0.00001,0.00005
0.56000,1.02194,0.73558,0.01961,0.20844,0.03630,0.00001,0.00000,0.00000,0.00001,0.00005
0.70000,1.02194,0.44472,0.01581,0.52838,0.01105,0.00001,0.00000,0.00000,0.00001,0.00003
0.84000,1.02194,0.33918,0.00382,0.64038,0.01659,0.00000,0.00000,0.00000,0.00000,0.00002
0.98000,1.02194,0.07615,0.00043,0.89761,0.02579,0.00000,0.00000,0.00000,0.00000,0.00001
1.12000,1.02194,0.02623,0.00023,0.96660,0.00693,0.00000,0.00000,0.00000,0.00000,0.00000
1.26000,1.02194,0.00765,0.00014,0.98936,0.00285,0.00000,0.00000,0.00000,0.00000,0.00000
1.40000,1.02194,0.01412,0.00017,0.98135,0.00436,0.00000,0.00000,0.00000,0.00000,0.00000
1.54000,1.02194,0.00579,0.00024,0.99255,0.00141,0.00000,0.00000,0.00000,0.00000,0.00000
1.68000,1.02194,0.00356,0.00023,0.99550,0.00070,0.00000,0.00000,0.00000,0.00000,0.00000
1.82000,1.02194,0.00560,0.00032,0.99345,0.00062,0.00000,0.00000,0.00000,0.00000,0.00000
1.96000,1.02194,0.00417,0.00028,0.99497,0.00058,0.00000,0.00000,0.00000,0.00000,0.00000
2.10000,1.02194,0.00599,0.00047,0.99322,0.00033,0.00000,0.00000,0.00000,0.00000,0.00000
2.24000,1.02194,0.00497,0.00066,0.99415,0.00022,0.00000,0.00000,0.00000,0.00000,0.00000
2.38000,1.02194,0.00499,0.00122,0.99357,0.00022,0.00000,0.00000,0.00000,0.00000,0.00000
2.52000,1.02194,0.00656,0.00240,0.99055,0.00049,0.00000,0.00000,0.00000,0.00000,0.00000
2.66000,1.02194,0.00699,0.00145,0.99083,0.00073,0.00000,0.00000,0.00000,0.00000,0.00000
2.80000,1.02194,0.00847,0.00206,0.98828,0.00119,0.00000,0.00000,0.00000,0.00000,0.00000
2.94000,1.02194,0.00897,0.00266,0.98671,0.00166,0.00000,0.00000,0.00000,0.00000,0.00000
3.08000,1.02194,0.00639,0.00306,0.98777,0.00277,0.00000,0.00000,0.00000,0.00000,0.00000
3.22000,1.02194,0.00587,0.00250,0.98878,0.00285,0.00000,0.00001,0.00000,0.00000,0.00000
3.36000,1.02194,0.00736,0.00161,0.98747,0.00353,0.00000,0.00001,0.00000,0.00000,0.00000
3.50000,1.02194,0.00671,0.00103,0.98968,0.00256,0.00000,0.00001,0.00000,0.00000,0.00000
3.64000,1.02194,0.00384,0.00078,0.99417,0.00120,0.00000,0.00001,0.00000,0.00000,0.00000
3.78000,1.02194,0.00500,0.00086,0.99285,0.00128,0.00000,0.00000,0.00000,0.00000,0.00000
3.92000,1.02194,0.00428,0.00067,0.99393,0.00111,0.00000,0.00000,0.00000,0.00000,0.00000
4.06000,1.02194,0.00275,0.00048,0.99601,0.00077,0.00000,0.00000,0.00000,0.00000,0.00000
4.20000,1.02194,0.00348,0.00054,0.99498,0.00099,0.00000,0.00000,0.00000,0.00000,0.00000
4.34000,1.02194,0.00434,0.00051,0.99391,0.00124,0.00000,0.00000,0.00000,0.00000,0.00000
4.48000,1.02194,0.00546,0.00055,0.99243,0.00156,0.00000,0.00000,0.00000,0.00000,0.00000
4.62000,1.02194,0.00428,0.00058,0.99360,0.00154,0.00000,0.00000,0.00000,0.00000,0.00000
4.76000,1.02194,0.00432,0.00065,0.99352,0.00150,0.00000,0.00000,0.00000,0.00000,0.00000
4.90000,1.02194,0.00552,0.00065,0.99191,0.00191,0.00000,0.00000,0.00000,0.00000,0.00000
5.04000,1.02194,0.00598,0.00065,0.99100,0.00236,0.00000,0.00000,0.00000,0.00000,0.00000
5.18000,1.02194,0.00511,0.00068,0.99176,0.00244,0.00000,0.00000,0.00000,0.00000,0.00000
5.32000,1.02194,0.00503,0.00062,0.99215,0.00219,0.00000,0.00000,0.00000,0.00000,0.00000
5.46000,1.02194,0.00605,0.00074,0.99094,0.00226,0.00000,0.00000,0.00000,0.00000,0.00000
5.60000,1.02194,0.00421,0.00065,0.99357,0.00156,0.00000,0.00000,0.00000,0.00000,0.00000
5.74000,1.02194,0.00385,0.00064,0.99422,0.00129,0.00000,0.00000,0.00000,0.00000,0.00000
5.88000,1.02194,0.00559,0.00112,0.99214,0.00115,0.00000,0.00000,0.00000,0.00000,0.00000
6.02000,1.02194,0.00269,0.00052,0.99614,0.00065,0.00000,0.00000,0.00000,0.00000,0.00000
6.16000,1.02194,0.00566,0.00060,0.99210,0.00164,0.00000,0.00000,0.00000,0.00000,0.00000
6.30000,1.02194,0.00463,0.00063,0.99359,0.00115,0.00000,0.00000,0.00000,0.00000,0.00000
6.44000,1.02194,0.00338,0.00052,0.99533,0.00077,0.00000,0.00000,0.00000,0.00000,0.00000
6.58000,1.02194,0.00442,0.00063,0.99394,0.00101,0.00000,0.00000,0.00000,0.00000,0.00000
6.72000,1.02194,0.00445,0.00068,0.99390,0.00097,0.00000,0.00000,0.00000,0.00000,0.00000
6.86000,1.02194,0.00520,0.00086,0.99282,0.00111,0.00000,0.00000,0.00000,0.00000,0.00000
7.00000,1.02194,0.00258,0.00059,0.99627,0.00055,0.00000,0.00000,0.00000,0.00000,0.00000
7.14000,1.02194,0.00435,0.00076,0.99416,0.00073,0.00000,0.00000,0.00000,0.00000,0.00000
7.28000,1.02194,0.00413,0.00072,0.99434,0.00081,0.00000,0.00000,0.00000,0.00000,0.00000
7.42000,1.02194,0.00537,0.00077,0.99273,0.00113,0.00000,0.00000,0.00000,0.00000,0.00000
7.56000,1.02194,0.00346,0.00060,0.99519,0.00074,0.00000,0.00000,0.00000,0.00000,0.00000
7.70000,1.02194,0.00380,0.00061,0.99472,0.00086,0.00000,0.00000,0.00000,0.00000,0.00000
7.84000,1.02194,0.00332,0.00066,0.99530,0.00071,0.00000,0.00000,0.00000,0.00000,0.00000
7.98000,1.02194,0.00392,0.00073,0.99465,0.00071,0.00000,0.00000,0.00000,0.00000,0.00000
8.12000,1.02194,0.00360,0.00066,0.99495,0.00078,0.00000,0.00000,0.00000,0.00000,0.00000
8.26000,1.02194,0.00430,0.00069,0.99411,0.00090,0.00000,0.00000,0.00000,0.00000,0.00000
8.40000,1.02194,0.00387,0.00068,0.99460,0.00084,0.00000,0.00000,0.00000,0.00000,0.00000
8.54000,1.02194,0.00308,0.00062,0.99568,0.00061,0.00000,0.00000,0.00000,0.00000,0.00000
8.68000,1.02194,0.00291,0.00063,0.99596,0.00050,0.00000,0.00000,0.00000,0.00000,0.00000
8.82000,1.02194,0.00385,0.00065,0.99482,0.00068,0.00000,0.00000,0.00000,0.00000,0.00000
8.96000,1.02194,0.00405,0.00070,0.99440,0.00084,0.00000,0.00000,0.00000,0.00000,0.00000
9.10000,1.02194,0.00453,0.00073,0.99376,0.00097,0.00000,0.00000,0.00000,0.00000,0.00000
9.24000,1.02194,0.00446,0.00082,0.99373,0.00097,0.00000,0.00000,0.00000,0.00000,0.00000
9.38000,1.02194,0.00369,0.00071,0.99483,0.00077,0.00000,0.00000,0.00000,0.00000,0.00000
9.52000,1.02194,0.00472,0.00087,0.99337,0.00104,0.00000,0.00000,0.00000,0.00000,0.00000
9.66000,1.02194,0.00373,0.00075,0.99467,0.00083,0.00000,0.00001,0.00000,0.00000,0.00000
9.80000,1.02194,0.00792,0.00112,0.98939,0.00157,0.00000,0.00000,0.00000,0.00000,0.00000
9.94000,1.02194,0.00323,0.00065,0.99554,0.00058,0.00000,0.00000,0.00000,0.00000,0.00000
10.08000,1.02194,0.00363,0.00063,0.99511,0.00062,0.00000,0.00000,0.00000,0.00000,0.00000
10.22000,1.02194,0.00261,0.00058,0.99634,0.00047,0.00000,0.00000,0.00000,0.00000,0.00000
10.36000,1.02194,0.00410,0.00073,0.99432,0.00084,0.00000,0.00000,0.00000,0.00000,0.00000
10.50000,1.02194,0.00495,0.00084,0.99318,0.00102,0.00000,0.00000,0.00000,0.00000,0.00000
10.64000,1.02194,0.00322,0.00070,0.99547,0.00061,0.00000,0.00000,0.00000,0.00000,0.00000
10.78000,1.02194,0.00412,0.00068,0.99446,0.00073,0.00000,0.00000,0.00000,0.00000,0.00000
10.92000,1.02194,0.00156,0.00049,0.99770,0.00024,0.00000,0.00000,0.00000,0.00000,0.00000
11.06000,1.02194,0.00261,0.00056,0.99650,0.00032,0.00000,0.00000,0.00000,0.00000,0.00000
11.20000,1.02194,0.00469,0.00088,0.99399,0.00044,0.00000,0.00000,0.00000,0.00000,0.00000
11.34000,1.02194,0.00281,0.00058,0.99630,0.00030,0.00000,0.00000,0.00000,0.00000,0.00000
11.48000,1.02194,0.00362,0.00063,0.99529,0.00045,0.00000,0.00000,0.00000,0.00000,0.00000
11.62000,1.02194,0.00271,0.00056,0.99641,0.00031,0.00000,0.00000,0.00000,0.00000,0.00000
11.76000,1.02194,0.00293,0.00068,0.99604,0.00034,0.00000,0.00000,0.00000,0.00000,0.00000
11.90000,1.02194,0.00352,0.00070,0.99522,0.00055,0.00000,0.00000,0.00000,0.00000,0.00000
12.04000,1.02194,0.00269,0.00060,0.99622,0.00049,0.00000,0.00000,0.00000,0.00000,0.00000
12.18000,1.02194,0.00336,0.00071,0.99529,0.00064,0.00000,0.00000,0.00000,0.00000,0.00000
12.32000,1.02194,0.00460,0.00082,0.99356,0.00101,0.00000,0.00000,0.00000,0.00000,0.00000
12.46000,1.02194,0.00336,0.00071,0.99517,0.00075,0.00000,0.00000,0.00000,0.00000,0.00000
12.60000,1.02194,0.00405,0.00077,0.99421,0.00095,0.00000,0.00000,0.00000,0.00000,0.00000
12.74000,1.02194,0.00425,0.00082,0.99394,0.00098,0.00000,0.00000,0.00000,0.00000,0.00000
12.88000,1.02194,0.00364,0.00095,0.99463,0.00078,0.00000,0.00000,0.00000,0.00000,0.00000
13.02000,1.02194,0.00339,0.00067,0.99516,0.00077,0.00000,0.00000,0.00000,0.00000,0.00000
13.16000,1.02194,0.00407,0.00070,0.99434,0.00088,0.00000,0.00000,0.00000,0.00000,0.00000
13.30000,1.02194,0.00588,0.00119,0.99219,0.00074,0.00000,0.00000,0.00000,0.00000,0.00000
13.44000,1.02194,0.00314,0.00079,0.99553,0.00053,0.00000,0.00000,0.00000,0.00000,0.00000
13.58000,1.02194,0.00280,0.00057,0.99623,0.00039,0.00000,0.00000,0.00000,0.00000,0.00000
13.72000,1.02194,0.00283,0.00066,0.99614,0.00036,0.00000,0.00000,0.00000,0.00000,0.00000
13.86000,1.02194,0.00380,0.00067,0.99505,0.00048,0.00000,0.00000,0.00000,0.00000,0.00000
14.00000,1.02194,0.00339,0.00071,0.99549,0.00040,0.00000,0.00000,0.00000,0.00000,0.00000
14.14000,1.02194,0.00188,0.00053,0.99737,0.00021,0.00000,0.00000,0.00000,0.00000,0.00000
14.28000,1.02194,0.00251,0.00061,0.99662,0.00026,0.00000,0.00000,0.00000,0.00000,0.00000
14.42000,1.02194,0.00309,0.00073,0.99590,0.00028,0.00000,0.00000,0.00000,0.00000,0.00000
14.56000,1.02194,0.00319,0.00096,0.99565,0.00019,0.00000,0.00000,0.00000,0.00000,0.00000
14.70000,1.02194,0.00183,0.00042,0.99759,0.00016,0.00000,0.00000,0.00000,0.00000,0.00000
14.84000,1.02194,0.00309,0.00047,0.99617,0.00027,0.00000,0.00000,0.00000,0.00000,0.00000
14.98000,1.02194,0.00203,0.00044,0.99734,0.00018,0.00000,0.00000,0.00000,0.00000,0.00000
15.12000,1.02194,0.00257,0.00057,0.99666,0.00019,0.00000,0.00000,0.00000,0.00000,0.00000
15.26000,1.02194,0.00194,0.00047,0.99741,0.00017,0.00000,0.00000,0.00000,0.00000,0.00000
15.40000,1.02194,0.00154,0.00045,0.99787,0.00013,0.00000,0.00000,0.00000,0.00000,0.00000
15.54000,1.02194,0.00326,0.00073,0.99572,0.00029,0.00000,0.00000,0.00000,0.00000,0.00000
15.68000,1.02194,0.00267,0.00059,0.99656,0.00017,0.00000,0.00000,0.00000,0.00000,0.00000
15.82000,1.02194,0.00253,0.00048,0.99679,0.00019,0.00000,0.00000,0.00000,0.00000,0.00000
15.96000,1.02194,0.00236,0.00047,0.99695,0.00021,0.00000,0.00000,0.00000,0.00000,0.00000
16.10000,1.02194,0.00332,0.00072,0.99569,0.00028,0.00000,0.00000,0.00000,0.00000,0.00000
16.24000,1.02194,0.00303,0.00082,0.99592,0.00023,0.00000,0.00000,0.00000,0.00000,0.00000
16.38000,1.02194,0.00262,0.00062,0.99646,0.00029,0.00000,0.00000,0.00000,0.00000,0.00000
16.52000,1.02194,0.00254,0.00054,0.99661,0.00031,0.00000,0.00000,0.00000,0.00000,0.00000
16.66000,1.02194,0.00309,0.00061,0.99603,0.00026,0.00000,0.00000,0.00000,0.00000,0.00000
16.80000,1.02194,0.00216,0.00044,0.99719,0.00021,0.00000,0.00000,0.00000,0.00000,0.00000
16.94000,1.02194,0.00465,0.00097,0.99417,0.00021,0.00000,0.00000,0.00000,0.00000,0.00000
17.08000,1.02194,0.00228,0.00055,0.99699,0.00018,0.00000,0.00000,0.00000,0.00000,0.00000
17.22000,1.02194,0.00205,0.00044,0.99735,0.00016,0.00000,0.00000,0.00000,0.00000,0.00000
17.36000,1.02194,0.00339,0.00064,0.99571,0.00025,0.00000,0.00000,0.00000,0.00000,0.00000
17.50000,1.02194,0.00263,0.00059,0.99655,0.00022,0.00000,0.00000,0.00000,0.00000,0.00000
17.64000,1.02194,0.00252,0.00060,0.99664,0.00024,0.00000,0.00000,0.00000,0.00000,0.00000
17.78000,1.02194,0.00310,0.00072,0.99584,0.00033,0.00000,0.00000,0.00000,0.00000,0.00000
17.92000,1.02194,0.00254,0.00063,0.99656,0.00026,0.00000,0.00000,0.00000,0.00000,0.00000
18.06000,1.02194,0.00373,0.00071,0.99515,0.00040,0.00000,0.00000,0.00000,0.00000,0.00000
18.20000,1.02194,0.00242,0.00063,0.99670,0.00025,0.00000,0.00000,0.00000,0.00000,0.00000
18.34000,1.02194,0.00282,0.00059,0.99629,0.00030,0.00000,0.00000,0.00000,0.00000,0.00000
18.48000,1.02194,0.00530,0.00137,0.99308,0.00025,0.00000,0.00000,0.00000,0.00000,0.00000
18.62000,1.02194,0.00242,0.00057,0.99682,0.00018,0.00000,0.00000,0.00000,0.00000,0.00000
18.76000,1.02194,0.00256,0.00067,0.99659,0.00018,0.00000,0.00000,0.00000,0.00000,0.00000
18.90000,1.02194,0.00306,0.00055,0.99611,0.00027,0.00000,0.00000,0.00000,0.00000,0.00000
19.04000,1.02194,0.00278,0.00057,0.99638,0.00026,0.00000,0.00000,0.00000,0.00000,0.00000
19.18000,1.02194,0.00312,0.00065,0.99590,0.00033,0.00000,0.00000,0.00000,0.00000,0.00000
19.32000,1.02194,0.00286,0.00080,0.99601,0.00033,0.00000,0.00000,0.00000,0.00000,0.00000
19.46000,1.02194,0.00275,0.00063,0.99627,0.00035,0.00000,0.00000,0.00000,0.00000,0.00000
19.60000,1.02194,0.00256,0.00070,0.99640,0.00033,0.00000,0.00000,0.00000,0.00000,0.00000
19.74000,1.02194,0.00409,0.00077,0.99461,0.00053,0.00000,0.00001,0.00000,0.00000,0.00000
19.88000,1.02194,0.00259,0.00072,0.99637,0.00032,0.00000,0.00001,0.00000,0.00000,0.00000
20.02000,1.02194,0.00319,0.00064,0.99580,0.00036,0.00000,0.00000,0.00000,0.00000,0.00000
20.16000,1.02194,0.00284,0.00077,0.99613,0.00026,0.00000,0.00000,0.00000,0.00000,0.00000
20.30000,1.02194,0.00317,0.00089,0.99576,0.00018,0.00000,0.00000,0.00000,0.00000,0.00000
20.44000,1.02194,0.00312,0.00060,0.99600,0.00028,0.00000,0.00000,0.00000,0.00000,0.00000
20.58000,1.02194,0.00421,0.00124,0.99438,0.00017,0.00000,0.00000,0.00000,0.00000,0.00000
20.72000,1.02194,0.00573,0.00161,0.99252,0.00014,0.00000,0.00000,0.00000,0.00000,0.00000
20.86000,1.02194,0.00284,0.00065,0.99638,0.00013,0.00000,0.00000,0.00000,0.00000,0.00000
21.00000,1.02194,0.00384,0.00070,0.99531,0.00014,0.00000,0.00000,0.00000,0.00000,0.00000
21.14000,1.02194,0.00327,0.00066,0.99590,0.00016,0.00000,0.00000,0.00000,0.00000,0.00000
21.28000,1.02194,0.00362,0.00064,0.99553,0.00021,0.00000,0.00000,0.00000,0.00000,0.00000
21.42000,1.02194,0.00482,0.00112,0.99377,0.00028,0.00000,0.00000,0.00000,0.00000,0.00000
21.56000,1.02194,0.00240,0.00061,0.99673,0.00026,0.00000,0.00000,0.00000,0.00000,0.00000
21.70000,1.02194,0.00250,0.00054,0.99664,0.00032,0.00000,0.00000,0.00000,0.00000,0.00000
21.84000,1.02194,0.00322,0.00075,0.99559,0.00043,0.00000,0.00000,0.00000,0.00000,0.00000
21.98000,1.02194,0.00239,0.00070,0.99658,0.00033,0.00000,0.00000,0.00000,0.00000,0.00000
22.12000,1.02194,0.00444,0.00128,0.99398,0.00030,0.00000,0.00000,0.00000,0.00000,0.00000
22.26000,1.02194,0.00259,0.00080,0.99644,0.00016,0.00000,0.00000,0.00000,0.00000,0.00000
22.40000,1.02194,0.00431,0.00059,0.99475,0.00035,0.00000,0.00000,0.00000,0.00000,0.00000
22.54000,1.02194,0.00340,0.00058,0.99574,0.00028,0.00000,0.00000,0.00000,0.00000,0.00000
22.68000,1.02194,0.00316,0.00056,0.99603,0.00025,0.00000,0.00000,0.00000,0.00000,0.00000
22.82000,1.02194,0.00324,0.00063,0.99589,0.00024,0.00000,0.00000,0.00000,0.00000,0.00000
22.96000,1.02194,0.00282,0.00071,0.99620,0.00026,0.00000,0.00000,0.00000,0.00000,0.00000
23.10000,1.02194,0.00394,0.00082,0.99467,0.00057,0.00000,0.00000,0.00000,0.00000,0.00000
23.24000,1.02194,0.00566,0.00089,0.99248,0.00096,0.00000,0.00000,0.00000,0.00000,0.00000
23.38000,1.02194,0.00324,0.00080,0.99540,0.00054,0.00000,0.00001,0.00000,0.00000,0.00000
23.52000,1.02194,0.00474,0.00100,0.99348,0.00078,0.00000,0.00001,0.00000,0.00000,0.00000
23.66000,1.02194,0.00550,0.00092,0.99258,0.00099,0.00000,0.00001,0.00000,0.00000,0.00000
23.80000,1.02194,0.00430,0.00121,0.99365,0.00081,0.00000,0.00001,0.00000,0.00000,0.00000
23.94000,1.02194,0.00426,0.00088,0.99417,0.00068,0.00000,0.00001,0.00000,0.00000,0.00000
24.08000,1.02194,0.00509,0.00081,0.99324,0.00085,0.00000,0.00001,0.00000,0.00000,0.00000
24.22000,1.02194,0.00283,0.00067,0.99608,0.00041,0.00000,0.00000,0.00000,0.00000,0.00000
24.36000,1.02194,0.00319,0.00073,0.99557,0.00050,0.00000,0.00001,0.00000,0.00000,0.00000
24.50000,1.02194,0.00355,0.00076,0.99513,0.00055,0.00000,0.00001,0.00000,0.00000,0.00000
24.64000,1.02194,0.00259,0.00071,0.99637,0.00033,0.00000,0.00000,0.00000,0.00000,0.00000
24.78000,1.02194,0.00236,0.00072,0.99672,0.00020,0.00000,0.00000,0.00000,0.00000,0.00000
24.92000,1.02194,0.00156,0.00040,0.99791,0.00013,0.00000,0.00000,0.00000,0.00000,0.00000
25.06000,1.02194,0.00267,0.00050,0.99661,0.00022,0.00000,0.00000,0.00000,0.00000,0.00000
25.20000,1.02194,0.00258,0.00053,0.99669,0.00020,0.00000,0.00000,0.00000,0.00000,0.00000
25.34000,1.02194,0.00339,0.00066,0.99572,0.00022,0.00000,0.00000,0.00000,0.00000,0.00000
25.48000,1.02194,0.00224,0.00053,0.99707,0.00016,0.00000,0.00000,0.00000,0.00000,0.00000
25.62000,1.02194,0.00191,0.00050,0.99742,0.00017,0.00000,0.00000,0.00000,0.00000,0.00000
25.76000,1.02194,0.00205,0.00055,0.99719,0.00021,0.00000,0.00000,0.00000,0.00000,0.00000
25.90000,1.02194,0.00280,0.00059,0.99630,0.00030,0.00000,0.00000,0.00000,0.00000,0.00000
26.04000,1.02194,0.00265,0.00062,0.99642,0.00030,0.00000,0.00000,0.00000,0.00000,0.00000
26.18000,1.02194,0.00472,0.00143,0.99352,0.00031,0.00000,0.00000,0.00000,0.00000,0.00000
26.32000,1.02194,0.00394,0.00076,0.99484,0.00046,0.00000,0.00000,0.00000,0.00000,0.00000
26.46000,1.02194,0.00432,0.00096,0.99429,0.00043,0.00000,0.00000,0.00000,0.00000,0.00000
26.60000,1.02194,0.00249,0.00065,0.99661,0.00024,0.00000,0.00000,0.00000,0.00000,0.00000
26.74000,1.02194,0.00372,0.00081,0.99522,0.00024,0.00000,0.00000,0.00000,0.00000,0.00000
26.88000,1.02194,0.00391,0.00074,0.99502,0.00032,0.00000,0.00000,0.00000,0.00000,0.00000
27.02000,1.02194,0.00254,0.00050,0.99673,0.00022,0.00000,0.00000,0.00000,0.00000,0.00000
27.16000,1.02194,0.00294,0.00056,0.99622,0.00028,0.00000,0.00000,0.00000,0.00000,0.00000
27.30000,1.02194,0.00225,0.00052,0.99702,0.00020,0.00000,0.00000,0.00000,0.00000,0.00000
27.44000,1.02194,0.00348,0.00066,0.99549,0.00036,0.00000,0.00000,0.00000,0.00000,0.00000
27.58000,1.02194,0.00450,0.00079,0.99415,0.00055,0.00000,0.00000,0.00000,0.00000,0.00000
27.72000,1.02194,0.00916,0.00118,0.98817,0.00148,0.00000,0.00001,0.00000,0.00001,0.00000
27.86000,1.02194,0.00378,0.00088,0.99465,0.00067,0.00000,0.00001,0.00000,0.00001,0.00000
28.00000,1.02194,0.00664,0.00111,0.99105,0.00118,0.00000,0.00001,0.00000,0.00001,0.00000
28.14000,1.02194,0.00597,0.00113,0.99176,0.00112,0.00000,0.00001,0.00000,0.00001,0.00000
28.28000,1.02194,0.00528,0.00100,0.99267,0.00103,0.00000,0.00001,0.00000,0.00001,0.00000
28.42000,1.02194,0.00372,0.00083,0.99479,0.00065,0.00000,0.00001,0.00000,0.00001,0.00000
28.56000,1.02194,0.00437,0.00089,0.99415,0.00057,0.00000,0.00001,0.00000,0.00000,0.00000
28.70000,1.02194,0.00285,0.00066,0.99616,0.00032,0.00000,0.00001,0.00000,0.00000,0.00000
28.84000,1.02194,0.00228,0.00054,0.99692,0.00025,0.00000,0.00000,0.00000,0.00000,0.00000
28.98000,1.02194,0.00319,0.00057,0.99593,0.00032,0.00000,0.00000,0.00000,0.00000,0.00000
29.12000,1.02194,0.00285,0.00057,0.99631,0.00026,0.00000,0.00000,0.00000,0.00000,0.00000
29.26000,1.02194,0.00229,0.00051,0.99698,0.00022,0.00000,0.00000,0.00000,0.00000,0.00000
29.40000,1.02194,0.00262,0.00061,0.99655,0.00022,0.00000,0.00000,0.00000,0.00000,0.00000
29.54000,1.02194,0.00265,0.00062,0.99651,0.00021,0.00000,0.00000,0.00000,0.00000,0.00000
29.68000,1.02194,0.00299,0.00075,0.99606,0.00019,0.00000,0.00000,0.00000,0.00000,0.00000
29.82000,1.02194,0.00224,0.00047,0.99709,0.00019,0.00000,0.00000,0.00000,0.00000,0.00000
29.96000,1.02194,0.00193,0.00050,0.99744,0.00013,0.00000,0.00000,0.00000,0.00000,0.00000
30.10000,1.02194,0.00213,0.00049,0.99722,0.00016,0.00000,0.00000,0.00000,0.00000,0.00000
30.24000,1.02194,0.00216,0.00048,0.99721,0.00016,0.00000,0.00000,0.00000,0.00000,0.00000
30.38000,1.02194,0.00343,0.00058,0.99571,0.00028,0.00000,0.00000,0.00000,0.00000,0.00000
30.52000,1.02194,0.00284,0.00066,0.99628,0.00022,0.00000,0.00000,0.00000,0.00000,0.00000
30.66000,1.02194,0.00301,0.00057,0.99615,0.00026,0.00000,0.00000,0.00000,0.00000,0.00000
30.80000,1.02194,0.00200,0.00050,0.99731,0.00019,0.00000,0.00000,0.00000,0.00000,0.00000
30.94000,1.02194,0.00428,0.00102,0.99444,0.00026,0.00000,0.00000,0.00000,0.00000,0.00000
31.08000,1.02194,0.00341,0.00074,0.99555,0.00029,0.00000,0.00000,0.00000,0.00000,0.00000
31.22000,1.02194,0.00311,0.00048,0.99609,0.00032,0.00000,0.00000,0.00000,0.00000,0.00000
31.36000,1.02194,0.00209,0.00043,0.99726,0.00021,0.00000,0.00000,0.00000,0.00000,0.00000
31.50000,1.02194,0.00512,0.00104,0.99356,0.00029,0.00000,0.00000,0.00000,0.00000,0.00000
31.64000,1.02194,0.00216,0.00052,0.99713,0.00019,0.00000,0.00000,0.00000,0.00000,0.00000
31.78000,1.02194,0.00339,0.00056,0.99568,0.00037,0.00000,0.00000,0.00000,0.00000,0.00000
31.92000,1.02194,0.00408,0.00091,0.99472,0.00029,0.00000,0.00000,0.00000,0.00000,0.00000
32.06000,1.02193,0.00239,0.00050,0.99687,0.00023,0.00000,0.00000,0.00000,0.00000,0.00000
32.20000,1.02194,0.00367,0.00081,0.99528,0.00024,0.00000,0.00000,0.00000,0.00000,0.00000
32.34000,1.02194,0.00272,0.00059,0.99643,0.00026,0.00000,0.00000,0.00000,0.00000,0.00000
32.48000,1.02194,0.00284,0.00082,0.99617,0.00016,0.00000,0.00000,0.00000,0.00000,0.00000
32.62000,1.02194,0.00144,0.00041,0.99804,0.00010,0.00000,0.00000,0.00000,0.00000,0.00000
32.76000,1.02194,0.00309,0.00054,0.99615,0.00022,0.00000,0.00000,0.00000,0.00000,0.00000
32.90000,1.02193,0.00380,0.00064,0.99524,0.00032,0.00000,0.00000,0.00000,0.00000,0.00000
33.04000,1.02194,0.00301,0.00062,0.99607,0.00029,0.00000,0.00000,0.00000,0.00000,0.00000
33.18000,1.02194,0.00318,0.00102,0.99559,0.00020,0.00000,0.00000,0.00000,0.00000,0.00000
33.32000,1.02194,0.00244,0.00063,0.99670,0.00023,0.00000,0.00000,0.00000,0.00000,0.00000
33.46000,1.02194,0.00214,0.00064,0.99704,0.00017,0.00000,0.00000,0.00000,0.00000,0.00000
33.60000,1.02194,0.00203,0.00045,0.99737,0.00015,0.00000,0.00000,0.00000,0.00000,0.00000
33.74000,1.02193,0.00156,0.00036,0.99796,0.00012,0.00000,0.00000,0.00000,0.00000,0.00000
33.88000,1.02194,0.00185,0.00038,0.99766,0.00011,0.00000,0.00000,0.00000,0.00000,0.00000
34.02000,1.02194,0.00315,0.00054,0.99614,0.00017,0.00000,0.00000,0.00000,0.00000,0.00000
34.16000,1.02194,0.00290,0.00046,0.99645,0.00018,0.00000,0.00000,0.00000,0.00000,0.00000
34.30000,1.02194,0.00230,0.00050,0.99702,0.00018,0.00000,0.00000,0.00000,0.00000,0.00000
34.44000,1.02194,0.00212,0.00046,0.99722,0.00019,0.00000,0.00000,0.00000,0.00000,0.00000
34.58000,1.02193,0.00236,0.00054,0.99687,0.00023,0.00000,0.00000,0.00000,0.00000,0.00000
34.72000,1.02193,0.00275,0.00055,0.99641,0.00029,0.00000,0.00000,0.00000,0.00000,0.00000
34.86000,1.02194,0.00205,0.00048,0.99725,0.00022,0.00000,0.00000,0.00000,0.00000,0.00000
35.00000,1.02194,0.00322,0.00054,0.99591,0.00032,0.00000,0.00000,0.00000,0.00000,0.00000
35.14000,1.02194,0.00255,0.00064,0.99664,0.00017,0.00000,0.00000,0.00000,0.00000,0.00000
35.28000,1.02194,0.00261,0.00054,0.99662,0.00022,0.00000,0.00000,0.00000,0.00000,0.00000
35.42000,1.02194,0.00291,0.00059,0.99627,0.00023,0.00000,0.00000,0.00000,0.00000,0.00000
35.56000,1.02193,0.00257,0.00050,0.99671,0.00021,0.00000,0.00000,0.00000,0.00000,0.00000
35.70000,1.02194,0.00229,0.00057,0.99697,0.00016,0.00000,0.00000,0.00000,0.00000,0.00000
35.84000,1.02194,0.00260,0.00050,0.99669,0.00021,0.00000,0.00000,0.00000,0.00000,0.00000
35.98000,1.02194,0.00351,0.00078,0.99546,0.00024,0.00000,0.00000,0.00000,0.00000,0.00000
36.12000,1.02194,0.00161,0.00046,0.99779,0.00014,0.00000,0.00000,0.00000,0.00000,0.00000
36.26000,1.02194,0.00246,0.00062,0.99678,0.00013,0.00000,0.00000,0.00000,0.00000,0.00000
36.40000,1.02193,0.00186,0.00043,0.99758,0.00013,0.00000,0.00000,0.00000,0.00000,0.00000
36.54000,1.02194,0.00210,0.00056,0.99719,0.00015,0.00000,0.00000,0.00000,0.00000,0.00000
36.68000,1.02194,0.00291,0.00066,0.99626,0.00017,0.00000,0.00000,0.00000,0.00000,0.00000
36.82000,1.02194,0.00234,0.00056,0.99697,0.00013,0.00000,0.00000,0.00000,0.00000,0.00000
36.96000,1.02194,0.00227,0.00059,0.99702,0.00012,0.00000,0.00000,0.00000,0.00000,0.00000
37.10000,1.02194,0.00186,0.00044,0.99758,0.00011,0.00000,0.00000,0.00000,0.00000,0.00000
37.24000,1.02193,0.00230,0.00046,0.99711,0.00013,0.00000,0.00000,0.00000,0.00000,0.00000
37.38000,1.02194,0.00354,0.00081,0.99552,0.00012,0.00000,0.00000,0.00000,0.00000,0.00000
37.52000,1.02194,0.00202,0.00058,0.99731,0.00008,0.00000,0.00000,0.00000,0.00000,0.00000
37.66000,1.02194,0.00232,0.00048,0.99710,0.00010,0.00000,0.00000,0.00000,0.00000,0.00000
37.80000,1.02194,0.00410,0.00071,0.99505,0.00014,0.00000,0.00000,0.00000,0.00000,0.00000
37.94000,1.02194,0.00353,0.00073,0.99561,0.00013,0.00000,0.00000,0.00000,0.00000,0.00000
38.08000,1.02193,0.00568,0.00097,0.99318,0.00017,0.00000,0.00000,0.00000,0.00000,0.00000
38.22000,1.02193,0.00551,0.00083,0.99351,0.00015,0.00000,0.00000,0.00000,0.00000,0.00000
38.36000,1.02194,0.00200,0.00041,0.99750,0.00009,0.00000,0.00000,0.00000,0.00000,0.00000
38.50000,1.02194,0.00265,0.00045,0.99680,0.00010,0.00000,0.00000,0.00000,0.00000,0.00000
38.64000,1.02194,0.00260,0.00045,0.99684,0.00011,0.00000,0.00000,0.00000,0.00000,0.00000
38.78000,1.02194,0.00384,0.00063,0.99539,0.00013,0.00000,0.00000,0.00000,0.00000,0.00000
38.92000,1.02194,0.00383,0.00082,0.99521,0.00014,0.00000,0.00000,0.00000,0.00000,0.00000
39.06000,1.02193,0.00270,0.00046,0.99668,0.00016,0.00000,0.00000,0.00000,0.00000,0.00000
39.20000,1.02194,0.00224,0.00069,0.99692,0.00015,0.00000,0.00000,0.00000,0.00000,0.00000
39.34000,1.02194,0.00188,0.00047,0.99750,0.00015,0.00000,0.00000,0.00000,0.00000,0.00000
39.48000,1.02194,0.00258,0.00070,0.99656,0.00016,0.00000,0.00000,0.00000,0.00000,0.00000
39.62000,1.02194,0.00160,0.00044,0.99783,0.00013,0.00000,0.00000,0.00000,0.00000,0.00000
39.76000,1.02194,0.00225,0.00053,0.99702,0.00019,0.00000,0.00000,0.00000,0.00000,0.00000
39.90000,1.02193,0.00229,0.00050,0.99700,0.00020,0.00000,0.00000,0.00000,0.00000,0.00000
40.04000,1.02194,0.00199,0.00059,0.99725,0.00017,0.00000,0.00000,0.00000,0.00000,0.00000
40.18000,1.02194,0.00282,0.00070,0.99626,0.00021,0.00000,0.00000,0.00000,0.00000,0.00000
40.32000,1.02194,0.00242,0.00070,0.99668,0.00020,0.00000,0.00000,0.00000,0.00000,0.00000
40.46000,1.02194,0.00234,0.00057,0.99685,0.00024,0.00000,0.00000,0.00000,0.00000,0.00000
40.60000,1.02194,0.00148,0.00045,0.99793,0.00013,0.00000,0.00000,0.00000,0.00000,0.00000
40.74000,1.02193,0.00307,0.00084,0.99594,0.00015,0.00000,0.00000,0.00000,0.00000,0.00000
40.88000,1.02194,0.00142,0.00038,0.99811,0.00009,0.00000,0.00000,0.00000,0.00000,0.00000
41.02000,1.02194,0.00152,0.00037,0.99802,0.00009,0.00000,0.00000,0.00000,0.00000,0.00000
41.16000,1.02194,0.00263,0.00048,0.99677,0.00012,0.00000,0.00000,0.00000,0.00000,0.00000
41.30000,1.02194,0.00168,0.00034,0.99789,0.00008,0.00000,0.00000,0.00000,0.00000,0.00000
41.44000,1.02194,0.00202,0.00041,0.99747,0.00010,0.00000,0.00000,0.00000,0.00000,0.00000
41.58000,1.02193,0.00225,0.00053,0.99711,0.00011,0.00000,0.00000,0.00000,0.00000,0.00000
41.72000,1.02193,0.00343,0.00094,0.99552,0.00010,0.00000,0.00000,0.00000,0.00000,0.00000
41.86000,1.02194,0.00116,0.00034,0.99843,0.00006,0.00000,0.00000,0.00000,0.00000,0.00000
42.00000,1.02194,0.00310,0.00054,0.99622,0.00014,0.00000,0.00000,0.00000,0.00000,0.00000
42.14000,1.02194,0.00297,0.00066,0.99623,0.00013,0.00000,0.00000,0.00000,0.00000,0.00000
42.28000,1.02194,0.00961,0.00176,0.98851,0.00012,0.00000,0.00000,0.00000,0.00000,0.00000
42.42000,1.02194,0.00238,0.00057,0.99698,0.00007,0.00000,0.00000,0.00000,0.00000,0.00000
42.56000,1.02193,0.00324,0.00051,0.99612,0.00012,0.00000,0.00000,0.00000,0.00000,0.00000
42.70000,1.02194,0.00458,0.00071,0.99448,0.00023,0.00000,0.00000,0.00000,0.00000,0.00000
42.84000,1.02194,0.00542,0.00111,0.99317,0.00030,0.00000,0.00000,0.00000,0.00000,0.00000
42.98000,1.02194,0.00437,0.00113,0.99429,0.00021,0.00000,0.00000,0.00000,0.00000,0.00000
43.12000,1.02194,0.00195,0.00058,0.99734,0.00013,0.00000,0.00000,0.00000,0.00000,0.00000
43.26000,1.02194,0.00280,0.00055,0.99638,0.00026,0.00000,0.00000,0.00000,0.00000,0.00000
43.40000,1.02193,0.00435,0.00086,0.99456,0.00024,0.00000,0.00000,0.00000,0.00000,0.00000
43.54000,1.02194,0.00160,0.00040,0.99789,0.00011,0.00000,0.00000,0.00000,0.00000,0.00000
43.68000,1.02194,0.00271,0.00047,0.99669,0.00013,0.00000,0.00000,0.00000,0.00000,0.00000
43.82000,1.02194,0.00275,0.00060,0.99652,0.00012,0.00000,0.00000,0.00000,0.00000,0.00000
43.96000,1.02194,0.00244,0.00044,0.99697,0.00014,0.00000,0.00000,0.00000,0.00000,0.00000
44.10000,1.02194,0.00302,0.00050,0.99631,0.00016,0.00000,0.00000,0.00000,0.00000,0.00000
44.24000,1.02193,0.00208,0.00043,0.99735,0.00013,0.00000,0.00000,0.00000,0.00000,0.00000
44.38000,1.02194,0.00181,0.00044,0.99761,0.00014,0.00000,0.00000,0.00000,0.00000,0.00000
44.52000,1.02194,0.00277,0.00049,0.99649,0.00024,0.00000,0.00000,0.00000,0.00000,0.00000
44.66000,1.02194,0.00215,0.00050,0.99716,0.00019,0.00000,0.00000,0.00000,0.00000,0.00000
44.80000,1.02194,0.00238,0.00054,0.99684,0.00023,0.00000,0.00000,0.00000,0.00000,0.00000
44.94000,1.02194,0.00268,0.00056,0.99651,0.00024,0.00000,0.00000,0.00000,0.00000,0.00000
45.08000,1.02193,0.00593,0.00174,0.99212,0.00022,0.00000,0.00000,0.00000,0.00000,0.00000
45.22000,1.02193,0.00393,0.00090,0.99497,0.00020,0.00000,0.00000,0.00000,0.00000,0.00000
45.36000,1.02194,0.00446,0.00079,0.99449,0.00025,0.00000,0.00000,0.00000,0.00000,0.00000
45.50000,1.02194,0.00233,0.00054,0.99699,0.00013,0.00000,0.00000,0.00000,0.00000,0.00000
45.64000,1.02194,0.00353,0.00066,0.99567,0.00013,0.00000,0.00000,0.00000,0.00000,0.00000
45.78000,1.02194,0.00396,0.00074,0.99516,0.00014,0.00000,0.00000,0.00000,0.00000,0.00000
45.92000,1.02194,0.00343,0.00095,0.99554,0.00009,0.00000,0.00000,0.00000,0.00000,0.00000
46.06000,1.02193,0.00204,0.00039,0.99746,0.00011,0.00000,0.00000,0.00000,0.00000,0.00000
46.20000,1.02194,0.00206,0.00046,0.99736,0.00012,0.00000,0.00000,0.00000,0.00000,0.00000
46.34000,1.02194,0.00217,0.00043,0.99728,0.00012,0.00000,0.00000,0.00000,0.00000,0.00000
46.48000,1.02194,0.00391,0.00068,0.99518,0.00023,0.00000,0.00000,0.00000,0.00000,0.00000
46.62000,1.02194,0.00235,0.00058,0.99693,0.00014,0.00000,0.00000,0.00000,0.00000,0.00000
46.76000,1.02194,0.00189,0.00055,0.99743,0.00012,0.00000,0.00000,0.00000,0.00000,0.00000
46.90000,1.02193,0.00209,0.00047,0.99728,0.00016,0.00000,0.00000,0.00000,0.00000,0.00000
47.04000,1.02194,0.00253,0.00056,0.99669,0.00022,0.00000,0.00000,0.00000,0.00000,0.00000
47.18000,1.02194,0.00399,0.00070,0.99496,0.00034,0.00000,0.00000,0.00000,0.00000,0.00000
47.32000,1.02194,0.00242,0.00056,0.99682,0.00020,0.00000,0.00000,0.00000,0.00000,0.00000
47.46000,1.02194,0.00318,0.00067,0.99588,0.00027,0.00000,0.00000,0.00000,0.00000,0.00000
47.60000,1.02194,0.00194,0.00056,0.99730,0.00020,0.00000,0.00000,0.00000,0.00000,0.00000
47.74000,1.02193,0.00227,0.00055,0.99695,0.00023,0.00000,0.00000,0.00000,0.00000,0.00000
47.88000,1.02194,0.00253,0.00059,0.99658,0.00028,0.00000,0.00000,0.00000,0.00000,0.00000
48.02000,1.02194,0.00265,0.00060,0.99644,0.00030,0.00000,0.00000,0.00000,0.00000,0.00000
48.16000,1.02194,0.00264,0.00061,0.99645,0.00030,0.00000,0.00000,0.00000,0.00000,0.00000
48.30000,1.02194,0.00436,0.00096,0.99439,0.00029,0.00000,0.00000,0.00000,0.00000,0.00000
48.44000,1.02194,0.00343,0.00068,0.99566,0.00023,0.00000,0.00000,0.00000,0.00000,0.00000
48.58000,1.02193,0.00207,0.00042,0.99732,0.00018,0.00000,0.00000,0.00000,0.00000,0.00000
48.72000,1.02193,0.00332,0.00062,0.99578,0.00028,0.00000,0.00000,0.00000,0.00000,0.00000
48.86000,1.02194,0.00325,0.00077,0.99582,0.00016,0.00000,0.00000,0.00000,0.00000,0.00000
49.00000,1.02194,0.00188,0.00046,0.99752,0.00013,0.00000,0.00000,0.00000,0.00000,0.00000
49.14000,1.02194,0.00173,0.00047,0.99770,0.00009,0.00000,0.00000,0.00000,0.00000,0.00000
49.28000,1.02194,0.00226,0.00047,0.99711,0.00015,0.00000,0.00000,0.00000,0.00000,0.00000
49.42000,1.02194,0.00201,0.00043,0.99740,0.00014,0.00000,0.00000,0.00000,0.00000,0.00000
49.56000,1.02193,0.00179,0.00044,0.99763,0.00013,0.00000,0.00000,0.00000,0.00000,0.00000
49.70000,1.02194,0.00150,0.00044,0.99796,0.00009,0.00000,0.00000,0.00000,0.00000,0.00000
49.84000,1.02194,0.00234,0.00051,0.99699,0.00017,0.00000,0.00000,0.00000,0.00000,0.00000
49.98000,1.02194,0.00204,0.00048,0.99730,0.00017,0.00000,0.00000,0.00000,0.00000,0.00000
50.12000,1.02194,0.00162,0.00042,0.99782,0.00014,0.00000,0.00000,0.00000,0.00000,0.00000
50.26000,1.02194,0.00249,0.00053,0.99677,0.00020,0.00000,0.00000,0.00000,0.00000,0.00000
50.40000,1.02193,0.00236,0.00050,0.99693,0.00020,0.00000,0.00000,0.00000,0.00000,0.00000
50.54000,1.02194,0.00254,0.00056,0.99666,0.00023,0.00000,0.00000,0.00000,0.00000,0.00000
50.68000,1.02194,0.00263,0.00064,0.99652,0.00021,0.00000,0.00000,0.00000,0.00000,0.00000
50.82000,1.02194,0.00251,0.00057,0.99670,0.00021,0.00000,0.00000,0.00000,0.00000,0.00000
50.96000,1.02194,0.00178,0.00049,0.99758,0.00015,0.00000,0.00000,0.00000,0.00000,0.00000
51.10000,1.02194,0.00220,0.00050,0.99713,0.00017,0.00000,0.00000,0.00000,0.00000,0.00000
51.24000,1.02193,0.00280,0.00057,0.99643,0.00019,0.00000,0.00000,0.00000,0.00000,0.00000
51.38000,1.02194,0.00356,0.00065,0.99553,0.00025,0.00000,0.00000,0.00000,0.00000,0.00000
51.52000,1.02194,0.00319,0.00056,0.99603,0.00022,0.00000,0.00000,0.00000,0.00000,0.00000
51.66000,1.02194,0.00210,0.00048,0.99726,0.00016,0.00000,0.00000,0.00000,0.00000,0.00000
51.80000,1.02194,0.00194,0.00052,0.99736,0.00017,0.00000,0.00000,0.00000,0.00000,0.00000
51.94000,1.02194,0.00303,0.00076,0.99593,0.00027,0.00000,0.00000,0.00000,0.00000,0.00000
52.08000,1.02193,0.00282,0.00080,0.99617,0.00021,0.00000,0.00000,0.00000,0.00000,0.00000
52.22000,1.02193,0.00292,0.00064,0.99612,0.00031,0.00000,0.00000,0.00000,0.00000,0.00000
52.36000,1.02194,0.00217,0.00052,0.99707,0.00023,0.00000,0.00000,0.00000,0.00000,0.00000
52.50000,1.02194,0.00395,0.00070,0.99499,0.00035,0.00000,0.00000,0.00000,0.00000,0.00000
52.64000,1.02194,0.00185,0.00052,0.99747,0.00016,0.00000,0.00000,0.00000,0.00000,0.00000
52.78000,1.02194,0.00315,0.00079,0.99587,0.00018,0.00000,0.00000,0.00000,0.00000,0.00000
52.92000,1.02194,0.00178,0.00054,0.99756,0.00011,0.00000,0.00000,0.00000,0.00000,0.00000
53.06000,1.02193,0.00236,0.00048,0.99697,0.00018,0.00000,0.00000,0.00000,0.00000,0.00000
53.20000,1.02194,0.00199,0.00051,0.99737,0.00013,0.00000,0.00000,0.00000,0.00000,0.00000
53.34000,1.02194,0.00436,0.00076,0.99462,0.00026,0.00000,0.00000,0.00000,0.00000,0.00000
53.48000,1.02194,0.00272,0.00060,0.99649,0.00019,0.00000,0.00000,0.00000,0.00000,0.00000
53.62000,1.02194,0.00374,0.00085,0.99523,0.00019,0.00000,0.00000,0.00000,0.00000,0.00000
53.76000,1.02194,0.00207,0.00052,0.99726,0.00014,0.00000,0.00000,0.00000,0.00000,0.00000
53.90000,1.02193,0.00215,0.00046,0.99727,0.00012,0.00000,0.00000,0.00000,0.00000,0.00000
54.04000,1.02194,0.00208,0.00044,0.99736,0.00012,0.00000,0.00000,0.00000,0.00000,0.00000
54.18000,1.02194,0.00159,0.00037,0.99794,0.00010,0.00000,0.00000,0.00000,0.00000,0.00000
54.32000,1.02194,0.00200,0.00045,0.99743,0.00012,0.00000,0.00000,0.00000,0.00000,0.00000
54.46000,1.02194,0.00246,0.00052,0.99684,0.00017,0.00000,0.00000,0.00000,0.00000,0.00000
54.60000,1.02194,0.00228,0.00051,0.99702,0.00019,0.00000,0.00000,0.00000,0.00000,0.00000
54.74000,1.02193,0.00225,0.00052,0.99700,0.00021,0.00000,0.00000,0.00000,0.00000,0.00000
54.88000,1.02194,0.00209,0.00054,0.99716,0.00021,0.00000,0.00000,0.00000,0.00000,0.00000
55.02000,1.02194,0.00306,0.00074,0.99595,0.00024,0.00000,0.00000,0.00000,0.00000,0.00000
55.16000,1.02194,0.00195,0.00055,0.99731,0.00019,0.00000,0.00000,0.00000,0.00000,0.00000
55.30000,1.02194,0.00243,0.00054,0.99678,0.00025,0.00000,0.00000,0.00000,0.00000,0.00000
55.44000,1.02194,0.00221,0.00056,0.99699,0.00023,0.00000,0.00000,0.00000,0.00000,0.00000
55.58000,1.02193,0.00234,0.00054,0.99690,0.00022,0.00000,0.00000,0.00000,0.00000,0.00000
55.72000,1.02193,0.00217,0.00056,0.99703,0.00023,0.00000,0.00000,0.00000,0.00000,0.00000
55.86000,1.02194,0.00160,0.00048,0.99773,0.00019,0.00000,0.00000,0.00000,0.00000,0.00000
56.00000,1.02194,0.00209,0.00056,0.99712,0.00023,0.00000,0.00000,0.00000,0.00000,0.00000
56.14000,1.02194,0.00464,0.00119,0.99386,0.00030,0.00000,0.00000,0.00000,0.00000,0.00000
56.28000,1.02194,0.00181,0.00052,0.99749,0.00017,0.00000,0.00000,0.00000,0.00000,0.00000
56.42000,1.02194,0.00329,0.00061,0.99578,0.00032,0.00000,0.00000,0.00000,0.00000,0.00000
56.56000,1.02193,0.00259,0.00057,0.99658,0.00026,0.00000,0.00000,0.00000,0.00000,0.00000
56.70000,1.02194,0.00259,0.00066,0.99652,0.00023,0.00000,0.00000,0.00000,0.00000,0.00000
56.84000,1.02194,0.00230,0.00058,0.99689,0.00021,0.00000,0.00000,0.00000,0.00000,0.00000
56.98000,1.02194,0.00256,0.00060,0.99658,0.00025,0.00000,0.00000,0.00000,0.00000,0.00000
57.12000,1.02194,0.00235,0.00062,0.99683,0.00020,0.00000,0.00000,0.00000,0.00000,0.00000
57.26000,1.02194,0.00218,0.00051,0.99710,0.00020,0.00000,0.00000,0.00000,0.00000,0.00000
57.40000,1.02193,0.00161,0.00043,0.99784,0.00012,0.00000,0.00000,0.00000,0.00000,0.00000
57.54000,1.02194,0.00270,0.00057,0.99658,0.00015,0.00000,0.00000,0.00000,0.00000,0.00000
57.68000,1.02194,0.00204,0.00045,0.99738,0.00013,0.00000,0.00000,0.00000,0.00000,0.00000
57.82000,1.02194,0.00203,0.00046,0.99738,0.00012,0.00000,0.00000,0.00000,0.00000,0.00000
57.96000,1.02194,0.00224,0.00046,0.99716,0.00015,0.00000,0.00000,0.00000,0.00000,0.00000
58.10000,1.02194,0.00197,0.00044,0.99744,0.00015,0.00000,0.00000,0.00000,0.00000,0.00000
58.24000,1.02193,0.00280,0.00066,0.99638,0.00016,0.00000,0.00000,0.00000,0.00000,0.00000
58.38000,1.02194,0.00191,0.00045,0.99747,0.00016,0.00000,0.00000,0.00000,0.00000,0.00000
58.52000,1.02194,0.00213,0.00056,0.99714,0.00017,0.00000,0.00000,0.00000,0.00000,0.00000
58.66000,1.02194,0.00273,0.00056,0.99645,0.00025,0.00000,0.00000,0.00000,0.00000,0.00000
58.80000,1.02194,0.00325,0.00056,0.99584,0.00034,0.00000,0.00000,0.00000,0.00000,0.00000
58.94000,1.02194,0.00165,0.00048,0.99770,0.00016,0.00000,0.00000,0.00000,0.00000,0.00000
59.08000,1.02193,0.00179,0.00050,0.99758,0.00013,0.00000,0.00000,0.00000,0.00000,0.00000
59.22000,1.02193,0.00165,0.00042,0.99778,0.00014,0.00000,0.00000,0.00000,0.00000,0.00000
59.36000,1.02194,0.00250,0.00053,0.99679,0.00018,0.00000,0.00000,0.00000,0.00000,0.00000
59.50000,1.02194,0.00641,0.00109,0.99225,0.00024,0.00000,0.00000,0.00000,0.00000,0.00000
59.64000,1.02194,0.00220,0.00053,0.99718,0.00008,0.00000,0.00000,0.00000,0.00000,0.00000
59.78000,1.02194,0.00217,0.00038,0.99734,0.00011,0.00000,0.00000,0.00000,0.00000,0.00000
59.92000,1.02194,0.00261,0.00041,0.99682,0.00015,0.00000,0.00000,0.00000,0.00000,0.00000
60.06000,1.02193,0.00536,0.00091,0.99354,0.00019,0.00000,0.00000,0.00000,0.00000,0.00000
60.20000,1.02194,0.00165,0.00041,0.99785,0.00009,0.00000,0.00000,0.00000,0.00000,0.00000
60.34000,1.02194,0.00261,0.00060,0.99667,0.00012,0.00000,0.00000,0.00000,0.00000,0.00000
60.48000,1.02194,0.00255,0.00052,0.99675,0.00018,0.00000,0.00000,0.00000,0.00000,0.00000
60.62000,1.02194,0.00276,0.00057,0.99645,0.00021,0.00000,0.00000,0.00000,0.00000,0.00000
60.76000,1.02194,0.00290,0.00062,0.99625,0.00022,0.00000,0.00000,0.00000,0.00000,0.00000
60.90000,1.02193,0.00223,0.00053,0.99704,0.00019,0.00000,0.00000,0.00000,0.00000,0.00000
61.04000,1.02194,0.00239,0.00055,0.99686,0.00019,0.00000,0.00000,0.00000,0.00000,0.00000
61.18000,1.02194,0.00306,0.00062,0.99602,0.00029,0.00000,0.00000,0.00000,0.00000,0.00000
61.32000,1.02194,0.00269,0.00061,0.99641,0.00028,0.00000,0.00000,0.00000,0.00000,0.00000
61.46000,1.02194,0.00325,0.00082,0.99564,0.00029,0.00000,0.00000,0.00000,0.00000,0.00000
61.60000,1.02194,0.00170,0.00050,0.99763,0.00016,0.00000,0.00000,0.00000,0.00000,0.00000
61.74000,1.02193,0.00275,0.00074,0.99632,0.00018,0.00000,0.00000,0.00000,0.00000,0.00000
61.88000,1.02194,0.00187,0.00050,0.99748,0.00015,0.00000,0.00000,0.00000,0.00000,0.00000
62.02000,1.02194,0.00201,0.00042,0.99739,0.00016,0.00000,0.00000,0.00000,0.00000,0.00000
62.16000,1.02194,0.00146,0.00036,0.99807,0.00010,0.00000,0.00000,0.00000,0.00000,0.00000
62.30000,1.02194,0.00144,0.00035,0.99810,0.00010,0.00000,0.00000,0.00000,0.00000,0.00000
62.44000,1.02194,0.00160,0.00037,0.99792,0.00011,0.00000,0.00000,0.00000,0.00000,0.00000
62.58000,1.02193,0.00189,0.00043,0.99753,0.00014,0.00000,0.00000,0.00000,0.00000,0.00000
62.72000,1.02193,0.00145,0.00037,0.99806,0.00011,0.00000,0.00000,0.00000,0.00000,0.00000
62.86000,1.02194,0.00223,0.00047,0.99712,0.00018,0.00000,0.00000,0.00000,0.00000,0.00000
63.00000,1.02193,0.00244,0.00057,0.99679,0.00019,0.00000,0.00000,0.00000,0.00000,0.00000
63.14000,1.02193,0.00218,0.00055,0.99705,0.00021,0.00000,0.00000,0.00000,0.00000,0.00000
63.28000,1.02194,0.00233,0.00058,0.99686,0.00023,0.00000,0.00000,0.00000,0.00000,0.00000
63.42000,1.02194,0.00236,0.00072,0.99676,0.00016,0.00000,0.00000,0.00000,0.00000,0.00000
63.56000,1.02194,0.00206,0.00058,0.99721,0.00015,0.00000,0.00000,0.00000,0.00000,0.00000
63.70000,1.02194,0.00155,0.00040,0.99793,0.00012,0.00000,0.00000,0.00000,0.00000,0.00000
63.84000,1.02194,0.00253,0.00048,0.99681,0.00018,0.00000,0.00000,0.00000,0.00000,0.00000
63.98000,1.02194,0.00257,0.00059,0.99671,0.00013,0.00000,0.00000,0.00000,0.00000,0.00000
64.12000,1.02193,0.00155,0.00041,0.99794,0.00010,0.00000,0.00000,0.00000,0.00000,0.00000
64.26000,1.02193,0.00268,0.00056,0.99654,0.00022,0.00000,0.00000,0.00000,0.00000,0.00000
64.40000,1.02193,0.00270,0.00064,0.99642,0.00024,0.00000,0.00000,0.00000,0.00000,0.00000
64.54000,1.02193,0.00234,0.00056,0.99685,0.00024,0.00000,0.00000,0.00000,0.00000,0.00000
64.68000,1.02193,0.00189,0.00049,0.99743,0.00019,0.00000,0.00000,0.00000,0.00000,0.00000
64.82000,1.02193,0.00207,0.00054,0.99717,0.00022,0.00000,0.00000,0.00000,0.00000,0.00000
64.96000,1.02194,0.00331,0.00061,0.99568,0.00040,0.00000,0.00000,0.00000,0.00000,0.00000
65.10000,1.02194,0.00327,0.00064,0.99567,0.00041,0.00000,0.00000,0.00000,0.00000,0.00000
65.24000,1.02194,0.00310,0.00067,0.99581,0.00041,0.00000,0.00001,0.00000,0.00000,0.00000
65.38000,1.02194,0.00313,0.00066,0.99580,0.00041,0.00000,0.00001,0.00000,0.00000,0.00000
65.52000,1.02194,0.00307,0.00072,0.99575,0.00045,0.00000,0.00001,0.00000,0.00000,0.00000
65.66000,1.02193,0.00291,0.00076,0.99591,0.00040,0.00000,0.00001,0.00000,0.00000,0.00000
65.80000,1.02193,0.00333,0.00073,0.99544,0.00049,0.00000,0.00001,0.00000,0.00000,0.00000
65.94000,1.02193,0.00226,0.00062,0.99688,0.00023,0.00000,0.00000,0.00000,0.00000,0.00000
66.08000,1.02193,0.00416,0.00083,0.99474,0.00026,0.00000,0.00000,0.00000,0.00000,0.00000
66.22000,1.02193,0.00330,0.00067,0.99580,0.00023,0.00000,0.00000,0.00000,0.00000,0.00000
66.36000,1.02193,0.00487,0.00108,0.99389,0.00016,0.00000,0.00000,0.00000,0.00000,0.00000
66.50000,1.02193,0.00233,0.00049,0.99707,0.00010,0.00000,0.00000,0.00000,0.00000,0.00000
66.64000,1.02193,0.00370,0.00050,0.99563,0.00017,0.00000,0.00000,0.00000,0.00000,0.00000
66.78000,1.02194,0.00437,0.00089,0.99461,0.00013,0.00000,0.00000,0.00000,0.00000,0.00000
66.92000,1.02194,0.00189,0.00045,0.99756,0.00010,0.00000,0.00000,0.00000,0.00000,0.00000
67.06000,1.02194,0.00369,0.00067,0.99546,0.00018,0.00000,0.00000,0.00000,0.00000,0.00000
67.20000,1.02194,0.00366,0.00074,0.99546,0.00013,0.00000,0.00000,0.00000,0.00000,0.00000
67.34000,1.02194,0.00204,0.00055,0.99729,0.00011,0.00000,0.00000,0.00000,0.00000,0.00000
67.48000,1.02193,0.00258,0.00048,0.99674,0.00019,0.00000,0.00000,0.00000,0.00000,0.00000
67.62000,1.02193,0.00253,0.00054,0.99672,0.00021,0.00000,0.00000,0.00000,0.00000,0.00000
67.76000,1.02193,0.00219,0.00059,0.99702,0.00020,0.00000,0.00000,0.00000,0.00000,0.00000
67.90000,1.02193,0.00214,0.00056,0.99709,0.00021,0.00000,0.00000,0.00000,0.00000,0.00000
68.04000,1.02193,0.00283,0.00069,0.99629,0.00018,0.00000,0.00000,0.00000,0.00000,0.00000
68.18000,1.02193,0.00254,0.00054,0.99671,0.00021,0.00000,0.00000,0.00000,0.00000,0.00000
68.32000,1.02193,0.00216,0.00052,0.99716,0.00016,0.00000,0.00000,0.00000,0.00000,0.00000
68.46000,1.02194,0.00156,0.00040,0.99795,0.00009,0.00000,0.00000,0.00000,0.00000,0.00000
68.60000,1.02194,0.00224,0.00042,0.99721,0.00013,0.00000,0.00000,0.00000,0.00000,0.00000
68.74000,1.02194,0.00190,0.00039,0.99760,0.00010,0.00000,0.00000,0.00000,0.00000,0.00000
68.88000,1.02194,0.00189,0.00043,0.99757,0.00009,0.00000,0.00000,0.00000,0.00000,0.00000
69.02000,1.02194,0.00210,0.00041,0.99735,0.00013,0.00000,0.00000,0.00000,0.00000,0.00000
69.16000,1.02193,0.00167,0.00044,0.99776,0.00012,0.00000,0.00000,0.00000,0.00000,0.00000
69.30000,1.02193,0.00175,0.00042,0.99770,0.00012,0.00000,0.00000,0.00000,0.00000,0.00000
69.44000,1.02193,0.00194,0.00047,0.99744,0.00014,0.00000,0.00000,0.00000,0.00000,0.00000
69.58000,1.02193,0.00211,0.00049,0.99726,0.00013,0.00000,0.00000,0.00000,0.00000,0.00000
69.72000,1.02193,0.00358,0.00060,0.99558,0.00024,0.00000,0.00000,0.00000,0.00000,0.00000
69.86000,1.02193,0.00255,0.00048,0.99679,0.00018,0.00000,0.00000,0.00000,0.00000,0.00000
70.00000,1.02193,0.00249,0.00053,0.99683,0.00014,0.00000,0.00000,0.00000,0.00000,0.00000
70.14000,1.02193,0.00260,0.00041,0.99682,0.00017,0.00000,0.00000,0.00000,0.00000,0.00000
70.28000,1.02194,0.00302,0.00054,0.99619,0.00024,0.00000,0.00000,0.00000,0.00000,0.00000
70.42000,1.02194,0.00206,0.00049,0.99727,0.00017,0.00000,0.00000,0.00000,0.00000,0.00000
70.56000,1.02194,0.00160,0.00043,0.99783,0.00013,0.00000,0.00000,0.00000,0.00000,0.00000
70.70000,1.02194,0.00253,0.00051,0.99680,0.00016,0.00000,0.00000,0.00000,0.00000,0.00000
70.84000,1.02194,0.00360,0.00061,0.99557,0.00022,0.00000,0.00000,0.00000,0.00000,0.00000
70.98000,1.02193,0.00237,0.00044,0.99703,0.00016,0.00000,0.00000,0.00000,0.00000,0.00000
71.12000,1.02193,0.00250,0.00047,0.99690,0.00013,0.00000,0.00000,0.00000,0.00000,0.00000
71.26000,1.02193,0.00342,0.00058,0.99583,0.00017,0.00000,0.00000,0.00000,0.00000,0.00000
71.40000,1.02193,0.00196,0.00041,0.99752,0.00011,0.00000,0.00000,0.00000,0.00000,0.00000
71.54000,1.02193,0.00185,0.00044,0.99757,0.00013,0.00000,0.00000,0.00000,0.00000,0.00000
71.68000,1.02193,0.00191,0.00044,0.99749,0.00015,0.00000,0.00000,0.00000,0.00000,0.00000
71.82000,1.02193,0.00251,0.00053,0.99677,0.00018,0.00000,0.00000,0.00000,0.00000,0.00000
71.96000,1.02194,0.00219,0.00055,0.99707,0.00018,0.00000,0.00000,0.00000,0.00000,0.00000
72.10000,1.02194,0.00226,0.00066,0.99692,0.00016,0.00000,0.00000,0.00000,0.00000,0.00000
72.24000,1.02194,0.00215,0.00057,0.99715,0.00013,0.00000,0.00000,0.00000,0.00000,0.00000
72.38000,1.02194,0.00291,0.00072,0.99626,0.00011,0.00000,0.00000,0.00000,0.00000,0.00000
72.52000,1.02194,0.00186,0.00037,0.99767,0.00010,0.00000,0.00000,0.00000,0.00000,0.00000
72.66000,1.02193,0.00200,0.00037,0.99753,0.00010,0.00000,0.00000,0.00000,0.00000,0.00000
72.80000,1.02193,0.00209,0.00038,0.99745,0.00008,0.00000,0.00000,0.00000,0.00000,0.00000
72.94000,1.02193,0.00164,0.00034,0.99794,0.00007,0.00000,0.00000,0.00000,0.00000,0.00000
73.08000,1.02193,0.00187,0.00041,0.99763,0.00009,0.00000,0.00000,0.00000,0.00000,0.00000
73.22000,1.02193,0.00228,0.00049,0.99711,0.00012,0.00000,0.00000,0.00000,0.00000,0.00000
73.36000,1.02193,0.00320,0.00058,0.99609,0.00013,0.00000,0.00000,0.00000,0.00000,0.00000
73.50000,1.02193,0.00234,0.00044,0.99709,0.00013,0.00000,0.00000,0.00000,0.00000,0.00000
73.64000,1.02193,0.00170,0.00036,0.99783,0.00010,0.00000,0.00000,0.00000,0.00000,0.00000
73.78000,1.02194,0.00159,0.00040,0.99793,0.00007,0.00000,0.00000,0.00000,0.00000,0.00000
73.92000,1.02194,0.00238,0.00041,0.99707,0.00013,0.00000,0.00000,0.00000,0.00000,0.00000
74.06000,1.02194,0.00200,0.00043,0.99743,0.00013,0.00000,0.00000,0.00000,0.00000,0.00000
74.20000,1.02194,0.00205,0.00045,0.99734,0.00016,0.00000,0.00000,0.00000,0.00000,0.00000
74.34000,1.02194,0.00248,0.00049,0.99681,0.00021,0.00000,0.00000,0.00000,0.00000,0.00000
74.48000,1.02193,0.00297,0.00066,0.99611,0.00026,0.00000,0.00000,0.00000,0.00000,0.00000
74.62000,1.02193,0.00241,0.00057,0.99676,0.00025,0.00000,0.00000,0.00000,0.00000,0.00000
74.76000,1.02193,0.00289,0.00056,0.99622,0.00032,0.00000,0.00000,0.00000,0.00000,0.00000
74.90000,1.02193,0.00313,0.00058,0.99594,0.00035,0.00000,0.00000,0.00000,0.00000,0.00000
75.04000,1.02193,0.00293,0.00061,0.99611,0.00034,0.00000,0.00000,0.00000,0.00000,0.00000
75.18000,1.02193,0.00317,0.00061,0.99582,0.00039,0.00000,0.00000,0.00000,0.00000,0.00000
75.32000,1.02193,0.00261,0.00062,0.99646,0.00031,0.00000,0.00000,0.00000,0.00000,0.00000
75.46000,1.02194,0.00297,0.00069,0.99597,0.00036,0.00000,0.00001,0.00000,0.00000,0.00000
75.60000,1.02194,0.00379,0.00074,0.99497,0.00048,0.00000,0.00001,0.00000,0.00000,0.00000
75.74000,1.02194,0.00354,0.00072,0.99525,0.00048,0.00000,0.00001,0.00000,0.00000,0.00000
75.88000,1.02194,0.00364,0.00074,0.99513,0.00047,0.00000,0.00001,0.00000,0.00000,0.00000
76.02000,1.02194,0.00781,0.00200,0.98987,0.00031,0.00000,0.00000,0.00000,0.00000,0.00000
76.16000,1.02193,0.00234,0.00062,0.99687,0.00017,0.00000,0.00000,0.00000,0.00000,0.00000
76.30000,1.02193,0.00223,0.00052,0.99710,0.00015,0.00000,0.00000,0.00000,0.00000,0.00000
76.44000,1.02193,0.00330,0.00063,0.99589,0.00017,0.00000,0.00000,0.00000,0.00000,0.00000
76.58000,1.02193,0.00504,0.00078,0.99395,0.00022,0.00000,0.00000,0.00000,0.00000,0.00000
76.72000,1.02193,0.00262,0.00051,0.99674,0.00013,0.00000,0.00000,0.00000,0.00000,0.00000
76.86000,1.02193,0.00226,0.00052,0.99709,0.00012,0.00000,0.00000,0.00000,0.00000,0.00000
77.00000,1.02193,0.00172,0.00039,0.99779,0.00011,0.00000,0.00000,0.00000,0.00000,0.00000
77.14000,1.02193,0.00271,0.00045,0.99669,0.00015,0.00000,0.00000,0.00000,0.00000,0.00000
77.28000,1.02194,0.00202,0.00042,0.99744,0.00012,0.00000,0.00000,0.00000,0.00000,0.00000
77.42000,1.02194,0.00195,0.00046,0.99746,0.00012,0.00000,0.00000,0.00000,0.00000,0.00000
77.56000,1.02194,0.00128,0.00038,0.99825,0.00008,0.00000,0.00000,0.00000,0.00000,0.00000
77.70000,1.02194,0.00286,0.00058,0.99639,0.00016,0.00000,0.00000,0.00000,0.00000,0.00000
77.84000,1.02194,0.00177,0.00041,0.99770,0.00012,0.00000,0.00000,0.00000,0.00000,0.00000
77.98000,1.02193,0.00264,0.00048,0.99668,0.00020,0.00000,0.00000,0.00000,0.00000,0.00000
78.12000,1.02193,0.00295,0.00053,0.99628,0.00023,0.00000,0.00000,0.00000,0.00000,0.00000
78.26000,1.02193,0.00174,0.00042,0.99771,0.00013,0.00000,0.00000,0.00000,0.00000,0.00000
78.40000,1.02193,0.00148,0.00041,0.99800,0.00011,0.00000,0.00000,0.00000,0.00000,0.00000
78.54000,1.02193,0.00190,0.00043,0.99752,0.00015,0.00000,0.00000,0.00000,0.00000,0.00000
78.68000,1.02193,0.00228,0.00048,0.99708,0.00016,0.00000,0.00000,0.00000,0.00000,0.00000
78.82000,1.02193,0.00162,0.00035,0.99791,0.00012,0.00000,0.00000,0.00000,0.00000,0.00000
78.96000,1.02194,0.00162,0.00036,0.99791,0.00011,0.00000,0.00000,0.00000,0.00000,0.00000
79.10000,1.02194,0.00131,0.00034,0.99827,0.00008,0.00000,0.00000,0.00000,0.00000,0.00000
79.24000,1.02194,0.00149,0.00035,0.99806,0.00009,0.00000,0.00000,0.00000,0.00000,0.00000
79.38000,1.02194,0.00288,0.00066,0.99637,0.00010,0.00000,0.00000,0.00000,0.00000,0.00000
79.52000,1.02194,0.00188,0.00039,0.99765,0.00007,0.00000,0.00000,0.00000,0.00000,0.00000
79.66000,1.02193,0.00152,0.00030,0.99812,0.00006,0.00000,0.00000,0.00000,0.00000,0.00000
79.80000,1.02193,0.00176,0.00031,0.99787,0.00005,0.00000,0.00000,0.00000,0.00000,0.00000
79.94000,1.02193,0.00198,0.00035,0.99760,0.00007,0.00000,0.00000,0.00000,0.00000,0.00000
80.08000,1.02193,0.00189,0.00037,0.99765,0.00008,0.00000,0.00000,0.00000,0.00000,0.00000
80.22000,1.02193,0.00263,0.00046,0.99679,0.00012,0.00000,0.00000,0.00000,0.00000,0.00000
80.36000,1.02193,0.00264,0.00045,0.99675,0.00016,0.00000,0.00000,0.00000,0.00000,0.00000
80.50000,1.02193,0.00366,0.00057,0.99544,0.00032,0.00000,0.00000,0.00000,0.00000,0.00000
80.64000,1.02193,0.00276,0.00060,0.99630,0.00033,0.00000,0.00000,0.00000,0.00000,0.00000
80.78000,1.02194,0.00276,0.00065,0.99623,0.00035,0.00000,0.00001,0.00000,0.00000,0.00000
80.92000,1.02194,0.00347,0.00074,0.99535,0.00043,0.00000,0.00001,0.00000,0.00000,0.00000
81.06000,1.02194,0.00316,0.00072,0.99567,0.00044,0.00000,0.00001,0.00000,0.00000,0.00000
81.20000,1.02194,0.00298,0.00069,0.99592,0.00039,0.00000,0.00001,0.00000,0.00000,0.00000
81.34000,1.02194,0.00345,0.00074,0.99537,0.00043,0.00000,0.00001,0.00000,0.00000,0.00000
81.48000,1.02193,0.00356,0.00072,0.99530,0.00041,0.00000,0.00001,0.00000,0.00000,0.00000
81.62000,1.02193,0.00295,0.00075,0.99592,0.00037,0.00000,0.00001,0.00000,0.00000,0.00000
81.76000,1.02193,0.00312,0.00072,0.99573,0.00041,0.00000,0.00001,0.00000,0.00000,0.00000
81.90000,1.02193,0.00354,0.00077,0.99524,0.00044,0.00000,0.00001,0.00000,0.00000,0.00000
82.04000,1.02193,0.00289,0.00070,0.99602,0.00038,0.00000,0.00001,0.00000,0.00000,0.00000
82.18000,1.02193,0.00310,0.00073,0.99581,0.00034,0.00000,0.00000,0.00000,0.00000,0.00000
82.32000,1.02193,0.00272,0.00064,0.99637,0.00026,0.00000,0.00000,0.00000,0.00000,0.00000
82.46000,1.02194,0.00167,0.00046,0.99771,0.00015,0.00000,0.00000,0.00000,0.00000,0.00000
82.60000,1.02194,0.00187,0.00044,0.99755,0.00014,0.00000,0.00000,0.00000,0.00000,0.00000
82.74000,1.02194,0.00207,0.00043,0.99733,0.00016,0.00000,0.00000,0.00000,0.00000,0.00000
82.88000,1.02194,0.00209,0.00046,0.99730,0.00015,0.00000,0.00000,0.00000,0.00000,0.00000
83.02000,1.02194,0.00222,0.00045,0.99717,0.00016,0.00000,0.00000,0.00000,0.00000,0.00000
83.16000,1.02193,0.00204,0.00043,0.99740,0.00013,0.00000,0.00000,0.00000,0.00000,0.00000
83.30000,1.02193,0.00217,0.00042,0.99727,0.00014,0.00000,0.00000,0.00000,0.00000,0.00000
83.44000,1.02193,0.00214,0.00042,0.99731,0.00013,0.00000,0.00000,0.00000,0.00000,0.00000
83.58000,1.02193,0.00379,0.00071,0.99539,0.00012,0.00000,0.00000,0.00000,0.00000,0.00000
83.72000,1.02193,0.00209,0.00040,0.99741,0.00010,0.00000,0.00000,0.00000,0.00000,0.00000
83.86000,1.02193,0.00276,0.00041,0.99668,0.00014,0.00000,0.00000,0.00000,0.00000,0.00000
84.00000,1.02193,0.00265,0.00046,0.99672,0.00016,0.00000,0.00000,0.00000,0.00000,0.00000
84.14000,1.02193,0.00235,0.00048,0.99701,0.00016,0.00000,0.00000,0.00000,0.00000,0.00000
84.28000,1.02194,0.00190,0.00052,0.99745,0.00013,0.00000,0.00000,0.00000,0.00000,0.00000
84.42000,1.02194,0.00146,0.00044,0.99799,0.00011,0.00000,0.00000,0.00000,0.00000,0.00000
84.56000,1.02194,0.00408,0.00081,0.99486,0.00025,0.00000,0.00000,0.00000,0.00000,0.00000
84.70000,1.02194,0.00460,0.00095,0.99427,0.00019,0.00000,0.00000,0.00000,0.00000,0.00000
84.84000,1.02194,0.00144,0.00035,0.99812,0.00008,0.00000,0.00000,0.00000,0.00000,0.00000
84.98000,1.02193,0.00178,0.00036,0.99777,0.00009,0.00000,0.00000,0.00000,0.00000,0.00000
85.12000,1.02193,0.00194,0.00040,0.99759,0.00007,0.00000,0.00000,0.00000,0.00000,0.00000
85.26000,1.02193,0.00170,0.00035,0.99787,0.00008,0.00000,0.00000,0.00000,0.00000,0.00000
85.40000,1.02193,0.00263,0.00053,0.99671,0.00012,0.00000,0.00000,0.00000,0.00000,0.00000
85.54000,1.02193,0.00226,0.00046,0.99717,0.00011,0.00000,0.00000,0.00000,0.00000,0.00000
85.68000,1.02193,0.00171,0.00039,0.99780,0.00009,0.00000,0.00000,0.00000,0.00000,0.00000
85.82000,1.02193,0.00244,0.00045,0.99695,0.00015,0.00000,0.00000,0.00000,0.00000,0.00000
85.96000,1.02194,0.00158,0.00042,0.99790,0.00009,0.00000,0.00000,0.00000,0.00000,0.00000
86.10000,1.02194,0.00314,0.00062,0.99607,0.00016,0.00000,0.00000,0.00000,0.00000,0.00000
86.24000,1.02194,0.00251,0.00054,0.99680,0.00015,0.00000,0.00000,0.00000,0.00000,0.00000
86.38000,1.02194,0.00215,0.00047,0.99721,0.00015,0.00000,0.00000,0.00000,0.00000,0.00000
86.52000,1.02194,0.00334,0.00057,0.99580,0.00029,0.00000,0.00000,0.00000,0.00000,0.00000
86.66000,1.02193,0.00323,0.00065,0.99578,0.00033,0.00000,0.00000,0.00000,0.00000,0.00000
86.80000,1.02193,0.00276,0.00068,0.99624,0.00030,0.00000,0.00001,0.00000,0.00000,0.00000
86.94000,1.02193,0.00269,0.00070,0.99628,0.00032,0.00000,0.00001,0.00000,0.00000,0.00000
87.08000,1.02193,0.00379,0.00077,0.99496,0.00047,0.00000,0.00001,0.00000,0.00000,0.00000
87.22000,1.02193,0.00493,0.00086,0.99357,0.00063,0.00000,0.00001,0.00000,0.00000,0.00000
87.36000,1.02193,0.00388,0.00082,0.99479,0.00049,0.00000,0.00001,0.00000,0.00001,0.00000
87.50000,1.02193,0.00379,0.00086,0.99489,0.00044,0.00000,0.00001,0.00000,0.00001,0.00000
87.64000,1.02193,0.00421,0.00094,0.99435,0.00049,0.00000,0.00001,0.00000,0.00001,0.00000
87.78000,1.02194,0.00444,0.00097,0.99402,0.00054,0.00000,0.00001,0.00000,0.00001,0.00000
87.92000,1.02194,0.00502,0.00104,0.99324,0.00067,0.00000,0.00001,0.00000,0.00001,0.00000
88.06000,1.02194,0.00368,0.00086,0.99498,0.00045,0.00000,0.00001,0.00000,0.00001,0.00000
88.20000,1.02194,0.00336,0.00080,0.99547,0.00037,0.00000,0.00001,0.00000,0.00000,0.00000
88.34000,1.02194,0.00254,0.00062,0.99657,0.00026,0.00000,0.00001,0.00000,0.00000,0.00000
88.48000,1.02193,0.00227,0.00055,0.99696,0.00021,0.00000,0.00001,0.00000,0.00000,0.00000
88.62000,1.02193,0.00192,0.00049,0.99742,0.00017,0.00000,0.00000,0.00000,0.00000,0.00000
88.76000,1.02193,0.00320,0.00065,0.99583,0.00031,0.00000,0.00000,0.00000,0.00000,0.00000
88.90000,1.02193,0.00293,0.00064,0.99614,0.00028,0.00000,0.00000,0.00000,0.00000,0.00000
89.04000,1.02193,0.00304,0.00063,0.99603,0.00029,0.00000,0.00000,0.00000,0.00000,0.00000
89.18000,1.02193,0.00298,0.00069,0.99603,0.00028,0.00000,0.00000,0.00000,0.00000,0.00000
89.32000,1.02193,0.00228,0.00061,0.99686,0.00023,0.00000,0.00001,0.00000,0.00000,0.00000
89.46000,1.02194,0.00287,0.00066,0.99617,0.00028,0.00000,0.00001,0.00000,0.00000,0.00000
89.60000,1.02194,0.00207,0.00058,0.99715,0.00020,0.00000,0.00001,0.00000,0.00000,0.00000
89.74000,1.02194,0.00200,0.00054,0.99728,0.00017,0.00000,0.00000,0.00000,0.00000,0.00000
89.88000,1.02194,0.00181,0.00049,0.99753,0.00016,0.00000,0.00000,0.00000,0.00000,0.00000
90.02000,1.02194,0.00399,0.00085,0.99493,0.00023,0.00000,0.00000,0.00000,0.00000,0.00000
90.16000,1.02193,0.00187,0.00050,0.99752,0.00011,0.00000,0.00000,0.00000,0.00000,0.00000
90.30000,1.02193,0.00175,0.00040,0.99773,0.00011,0.00000,0.00000,0.00000,0.00000,0.00000
90.44000,1.02193,0.00209,0.00045,0.99733,0.00013,0.00000,0.00000,0.00000,0.00000,0.00000
90.58000,1.02193,0.00232,0.00049,0.99705,0.00013,0.00000,0.00000,0.00000,0.00000,0.00000
90.72000,1.02193,0.00196,0.00045,0.99748,0.00011,0.00000,0.00000,0.00000,0.00000,0.00000
90.86000,1.02193,0.00179,0.00043,0.99766,0.00011,0.00000,0.00000,0.00000,0.00000,0.00000
91.00000,1.02193,0.00168,0.00039,0.99782,0.00011,0.00000,0.00000,0.00000,0.00000,0.00000
91.14000,1.02193,0.00178,0.00041,0.99769,0.00012,0.00000,0.00000,0.00000,0.00000,0.00000
91.28000,1.02194,0.00194,0.00044,0.99750,0.00010,0.00000,0.00000,0.00000,0.00000,0.00000
91.42000,1.02194,0.00155,0.00038,0.99797,0.00009,0.00000,0.00000,0.00000,0.00000,0.00000
91.56000,1.02194,0.00158,0.00035,0.99798,0.00009,0.00000,0.00000,0.00000,0.00000,0.00000
91.70000,1.02194,0.00206,0.00038,0.99744,0.00011,0.00000,0.00000,0.00000,0.00000,0.00000
91.84000,1.02194,0.00270,0.00042,0.99673,0.00014,0.00000,0.00000,0.00000,0.00000,0.00000
91.98000,1.02193,0.00235,0.00039,0.99712,0.00013,0.00000,0.00000,0.00000,0.00000,0.00000
92.12000,1.02193,0.00204,0.00042,0.99740,0.00013,0.00000,0.00000,0.00000,0.00000,0.00000
92.26000,1.02193,0.00194,0.00046,0.99748,0.00011,0.00000,0.00000,0.00000,0.00000,0.00000
92.40000,1.02193,0.00288,0.00049,0.99645,0.00018,0.00000,0.00000,0.00000,0.00000,0.00000
92.54000,1.02193,0.00237,0.00048,0.99702,0.00013,0.00000,0.00000,0.00000,0.00000,0.00000
92.68000,1.02193,0.00296,0.00047,0.99641,0.00015,0.00000,0.00000,0.00000,0.00000,0.00000
92.82000,1.02193,0.00168,0.00035,0.99788,0.00009,0.00000,0.00000,0.00000,0.00000,0.00000
92.96000,1.02194,0.00151,0.00033,0.99808,0.00008,0.00000,0.00000,0.00000,0.00000,0.00000
93.10000,1.02194,0.00236,0.00040,0.99710,0.00014,0.00000,0.00000,0.00000,0.00000,0.00000
93.24000,1.02194,0.00306,0.00050,0.99622,0.00021,0.00000,0.00000,0.00000,0.00000,0.00000
93.38000,1.02194,0.00230,0.00056,0.99693,0.00020,0.00000,0.00000,0.00000,0.00000,0.00000
93.52000,1.02194,0.00219,0.00057,0.99702,0.00021,0.00000,0.00000,0.00000,0.00000,0.00000
93.66000,1.02193,0.00224,0.00058,0.99696,0.00022,0.00000,0.00000,0.00000,0.00000,0.00000
93.80000,1.02193,0.00197,0.00055,0.99728,0.00019,0.00000,0.00001,0.00000,0.00000,0.00000
93.94000,1.02193,0.00239,0.00058,0.99678,0.00024,0.00000,0.00000,0.00000,0.00000,0.00000
94.08000,1.02193,0.00281,0.00060,0.99634,0.00025,0.00000,0.00000,0.00000,0.00000,0.00000
94.22000,1.02193,0.00262,0.00082,0.99639,0.00018,0.00000,0.00000,0.00000,0.00000,0.00000
94.36000,1.02193,0.00218,0.00069,0.99703,0.00010,0.00000,0.00000,0.00000,0.00000,0.00000
94.50000,1.02193,0.00433,0.00088,0.99467,0.00012,0.00000,0.00000,0.00000,0.00000,0.00000
94.64000,1.02193,0.00169,0.00040,0.99783,0.00008,0.00000,0.00000,0.00000,0.00000,0.00000
94.78000,1.02194,0.00281,0.00048,0.99657,0.00014,0.00000,0.00000,0.00000,0.00000,0.00000
94.92000,1.02194,0.00204,0.00041,0.99745,0.00010,0.00000,0.00000,0.00000,0.00000,0.00000
95.06000,1.02194,0.00267,0.00053,0.99665,0.00014,0.00000,0.00000,0.00000,0.00000,0.00000
95.20000,1.02194,0.00288,0.00064,0.99628,0.00020,0.00000,0.00000,0.00000,0.00000,0.00000
95.34000,1.02194,0.00278,0.00068,0.99628,0.00025,0.00000,0.00000,0.00000,0.00000,0.00000
95.48000,1.02193,0.00449,0.00086,0.99410,0.00053,0.00000,0.00001,0.00000,0.00000,0.00000
95.62000,1.02193,0.00392,0.00080,0.99472,0.00054,0.00000,0.00001,0.00000,0.00000,0.00000
95.76000,1.02193,0.00270,0.00074,0.99622,0.00034,0.00000,0.00001,0.00000,0.00000,0.00000
95.90000,1.02193,0.00329,0.00075,0.99555,0.00041,0.00000,0.00001,0.00000,0.00000,0.00000
96.04000,1.02193,0.00298,0.00071,0.99594,0.00037,0.00000,0.00001,0.00000,0.00000,0.00000
96.18000,1.02193,0.00276,0.00066,0.99625,0.00032,0.00000,0.00001,0.00000,0.00000,0.00000
96.32000,1.02193,0.00398,0.00073,0.99485,0.00044,0.00000,0.00001,0.00000,0.00000,0.00000
96.46000,1.02194,0.00275,0.00074,0.99629,0.00021,0.00000,0.00000,0.00000,0.00000,0.00000
96.60000,1.02194,0.00288,0.00069,0.99615,0.00026,0.00000,0.00001,0.00000,0.00000,0.00000
96.74000,1.02194,0.00289,0.00065,0.99620,0.00024,0.00000,0.00000,0.00000,0.00000,0.00000
96.88000,1.02194,0.00193,0.00058,0.99731,0.00016,0.00000,0.00001,0.00000,0.00000,0.00000
97.02000,1.02194,0.00319,0.00067,0.99588,0.00026,0.00000,0.00000,0.00000,0.00000,0.00000
97.16000,1.02193,0.00348,0.00068,0.99562,0.00021,0.00000,0.00000,0.00000,0.00000,0.00000
97.30000,1.02193,0.00998,0.00069,0.98846,0.00086,0.00000,0.00000,0.00000,0.00000,0.00000
97.44000,1.02193,0.01902,0.00067,0.97800,0.00231,0.00000,0.00000,0.00000,0.00000,0.00000
97.58000,1.02193,0.06799,0.00084,0.92046,0.01069,0.00000,0.00000,0.00000,0.00000,0.00002
97.72000,1.02193,0.18853,0.00071,0.77049,0.04021,0.00000,0.00000,0.00001,0.00000,0.00005
97.86000,1.02193,0.29543,0.00047,0.67577,0.02827,0.00000,0.00000,0.00001,0.00000,0.00004
98.00000,1.02193,0.52144,0.00049,0.46154,0.01648,0.00000,0.00000,0.00000,0.00000,0.00004
98.14000,1.02193,0.71695,0.00061,0.25836,0.02400,0.00001,0.00000,0.00000,0.00000,0.00006
98.28000,1.02194,0.81589,0.00081,0.16406,0.01918,0.00001,0.00000,0.00000,0.00000,0.00005
98.42000,1.02194,0.91237,0.00076,0.06774,0.01907,0.00001,0.00000,0.00000,0.00000,0.00006
98.56000,1.02194,0.93036,0.00149,0.04341,0.02467,0.00001,0.00000,0.00000,0.00000,0.00007
98.70000,1.02194,0.94982,0.00262,0.02413,0.02332,0.00002,0.00000,0.00000,0.00000,0.00010
98.84000,1.02194,0.96860,0.00220,0.00750,0.02156,0.00002,0.00000,0.00000,0.00000,0.00011
98.98000,1.02193,0.93033,0.00123,0.00834,0.05994,0.00005,0.00000,0.00001,0.00000,0.00011
99.12000,1.02193,0.92293,0.00102,0.00705,0.06884,0.00006,0.00000,0.00001,0.00000,0.00009
99.26000,1.02193,0.88889,0.00075,0.00628,0.10391,0.00008,0.00000,0.00001,0.00000,0.00009
99.40000,1.02193,0.86071,0.00058,0.00545,0.13308,0.00009,0.00000,0.00001,0.00000,0.00008
99.54000,1.02193,0.83657,0.00043,0.00537,0.15742,0.00010,0.00000,0.00001,0.00000,0.00008
99.68000,1.02193,0.83907,0.00050,0.00587,0.15437,0.00010,0.00000,0.00001,0.00000,0.00008
99.82000,1.02193,0.82770,0.00059,0.00593,0.16558,0.00010,0.00000,0.00001,0.00000,0.00008
99.96000,1.02194,0.85567,0.00061,0.00509,0.13842,0.00010,0.00000,0.00001,0.00000,0.00009
100.10000,1.02194,0.84947,0.00071,0.00649,0.14314,0.00010,0.00000,0.00001,0.00000,0.00008
100.24000,1.02194,0.83103,0.00061,0.00580,0.16235,0.00010,0.00000,0.00001,0.00000,0.00009
100.38000,1.02194,0.82959,0.00063,0.00564,0.16392,0.00010,0.00000,0.00001,0.00000,0.00010
100.52000,1.02194,0.86034,0.00062,0.00537,0.13346,0.00010,0.00000,0.00001,0.00000,0.00009
100.66000,1.02193,0.88375,0.00057,0.00499,0.11050,0.00010,0.00000,0.00001,0.00000,0.00008
100.80000,1.02193,0.87321,0.00061,0.00486,0.12113,0.00010,0.00000,0.00001,0.00000,0.00008
100.94000,1.02193,0.88753,0.00051,0.00418,0.10760,0.00009,0.00000,0.00001,0.00000,0.00008
101.08000,1.02193,0.86030,0.00047,0.00512,0.13392,0.00010,0.00000,0.00001,0.00000,0.00008
101.22000,1.02193,0.86455,0.00048,0.00468,0.13008,0.00010,0.00000,0.00001,0.00000,0.00009
101.36000,1.02193,0.87841,0.00053,0.00439,0.11646,0.00010,0.00000,0.00001,0.00000,0.00010
101.50000,1.02193,0.89298,0.00044,0.00405,0.10235,0.00009,0.00000,0.00001,0.00000,0.00008
101.64000,1.02193,0.89077,0.00034,0.00417,0.10455,0.00009,0.00000,0.00001,0.00000,0.00007
101.78000,1.02194,0.88373,0.00033,0.00435,0.11142,0.00009,0.00000,0.00001,0.00000,0.00007
101.92000,1.02194,0.88438,0.00030,0.00419,0.11096,0.00009,0.00000,0.00001,0.00000,0.00007
102.06000,1.02194,0.87792,0.00026,0.00412,0.11753,0.00009,0.00000,0.00001,0.00000,0.00007
102.20000,1.02194,0.88919,0.00023,0.00378,0.10662,0.00009,0.00000,0.00001,0.00000,0.00007
102.34000,1.02194,0.91411,0.00024,0.00326,0.08223,0.00009,0.00000,0.00001,0.00000,0.00007
102.48000,1.02193,0.89171,0.00024,0.00374,0.10414,0.00009,0.00000,0.00001,0.00000,0.00007
102.62000,1.02193,0.90238,0.00021,0.00327,0.09398,0.00008,0.00000,0.00001,0.00000,0.00006
