Time (seconds), Duration (seconds),pred_(unlabeled),pred_brushing_teeth,pred_hair_drying,pred_showering
0.00000,1.05394,0.97880,0.00057,0.00303,0.01760
0.10000,1.05394,0.97269,0.00063,0.00343,0.02325
0.20000,1.05394,0.96416,0.00077,0.00411,0.03095
0.30000,1.05394,0.96326,0.00078,0.00429,0.03168
0.40000,1.05394,0.96557,0.00072,0.00403,0.02967
0.50000,1.05394,0.96655,0.00074,0.00402,0.02869
0.60000,1.05394,0.96432,0.00077,0.00411,0.03081
0.70000,1.05394,0.96107,0.00081,0.00424,0.03387
0.80000,1.05394,0.96161,0.00082,0.00426,0.03331
0.90000,1.05394,0.95763,0.00081,0.00445,0.03711
1.00000,1.05394,0.95398,0.00087,0.00446,0.04069
1.10000,1.05394,0.94968,0.00088,0.00456,0.04488
1.20000,1.05394,0.94764,0.00095,0.00477,0.04664
1.30000,1.05394,0.94311,0.00101,0.00491,0.05097
1.40000,1.05394,0.94354,0.00105,0.00499,0.05042
1.50000,1.05394,0.95046,0.00098,0.00451,0.04405
1.60000,1.05394,0.95440,0.00088,0.00442,0.04030
1.70000,1.05394,0.95392,0.00085,0.00455,0.04068
1.80000,1.05394,0.95578,0.00083,0.00450,0.03889
1.90000,1.05394,0.95790,0.00080,0.00451,0.03678
2.00000,1.05394,0.96172,0.00074,0.00426,0.03328
2.10000,1.05394,0.96243,0.00070,0.00411,0.03275
2.20000,1.05394,0.96478,0.00070,0.00404,0.03048
2.30000,1.05394,0.95901,0.00075,0.00445,0.03579
2.40000,1.05394,0.96007,0.00071,0.00432,0.03490
2.50000,1.05394,0.95740,0.00079,0.00448,0.03733
2.60000,1.05394,0.95705,0.00073,0.00451,0.03771
2.70000,1.05394,0.95133,0.00075,0.00482,0.04309
2.80000,1.05394,0.95080,0.00082,0.00506,0.04332
2.90000,1.05394,0.95307,0.00087,0.00490,0.04115
3.00000,1.05394,0.95565,0.00084,0.00474,0.03878
3.10000,1.05394,0.95386,0.00087,0.00503,0.04024
3.20000,1.05394,0.95835,0.00092,0.00494,0.03580
3.30000,1.05394,0.96555,0.00071,0.00415,0.02959
3.40000,1.05394,0.96527,0.00072,0.00424,0.02978
3.50000,1.05394,0.96676,0.00074,0.00427,0.02822
3.60000,1.05394,0.97055,0.00067,0.00381,0.02497
3.70000,1.05394,0.97198,0.00066,0.00366,0.02369
3.80000,1.05394,0.97089,0.00062,0.00366,0.02482
3.90000,1.05394,0.96880,0.00066,0.00395,0.02659
4.00000,1.05394,0.96392,0.00075,0.00403,0.03129
4.10000,1.05394,0.90904,0.00115,0.00921,0.08061
4.20000,1.05394,0.89743,0.00116,0.01084,0.09057
4.30000,1.05394,0.82882,0.00233,0.03048,0.13838
4.40000,1.05394,0.80848,0.00304,0.06376,0.12471
4.50000,1.05394,0.67551,0.00455,0.17447,0.14546
4.60000,1.05394,0.59561,0.00655,0.27852,0.11932
4.70000,1.05394,0.35726,0.00836,0.52488,0.10951
4.80000,1.05394,0.17829,0.00893,0.73775,0.07503
4.90000,1.05394,0.04382,0.00496,0.91170,0.03952
5.00000,1.05394,0.02042,0.00664,0.96039,0.01255
5.10000,1.05394,0.01103,0.00443,0.97776,0.00678
5.20000,1.05394,0.00596,0.00295,0.98600,0.00509
5.30000,1.05394,0.00448,0.00336,0.98567,0.00650
5.40000,1.05394,0.00367,0.00318,0.98682,0.00633
5.50000,1.05394,0.00327,0.00375,0.98616,0.00682
5.60000,1.05394,0.00260,0.00244,0.98902,0.00594
5.70000,1.05394,0.00295,0.00348,0.98748,0.00608
5.80000,1.05394,0.00288,0.00356,0.98646,0.00710
5.90000,1.05394,0.00220,0.00305,0.98849,0.00627
6.00000,1.05394,0.00203,0.00281,0.98866,0.00650
6.10000,1.05394,0.00230,0.00328,0.98714,0.00727
6.20000,1.05394,0.00221,0.00290,0.98953,0.00536
6.30000,1.05394,0.00185,0.00248,0.99084,0.00484
6.40000,1.05394,0.00159,0.00193,0.99269,0.00380
6.50000,1.05394,0.00162,0.00252,0.99128,0.00458
6.60000,1.05394,0.00178,0.00291,0.99120,0.00410
6.70000,1.05394,0.00146,0.00178,0.99382,0.00294
6.80000,1.05394,0.00191,0.00199,0.99306,0.00304
6.90000,1.05394,0.00185,0.00243,0.99287,0.00284
7.00000,1.05394,0.00189,0.00203,0.99348,0.00260
7.10000,1.05394,0.00215,0.00194,0.99398,0.00193
7.20000,1.05394,0.00190,0.00268,0.99295,0.00246
7.30000,1.05394,0.00191,0.00168,0.99465,0.00176
7.40000,1.05394,0.00220,0.00297,0.99271,0.00212
7.50000,1.05394,0.00238,0.00231,0.99340,0.00191
7.60000,1.05394,0.00197,0.00203,0.99400,0.00200
7.70000,1.05394,0.00215,0.00165,0.99439,0.00181
7.80000,1.05394,0.00196,0.00180,0.99413,0.00211
7.90000,1.05394,0.00208,0.00113,0.99474,0.00204
8.00000,1.05394,0.00193,0.00143,0.99442,0.00223
8.10000,1.05394,0.00199,0.00104,0.99490,0.00207
8.20000,1.05394,0.00230,0.00177,0.99306,0.00287
8.30000,1.05394,0.00226,0.00162,0.99316,0.00297
8.40000,1.05394,0.00199,0.00153,0.99362,0.00287
8.50000,1.05394,0.00191,0.00177,0.99307,0.00324
8.60000,1.05394,0.00213,0.00243,0.99225,0.00319
8.70000,1.05394,0.00238,0.00299,0.99132,0.00331
8.80000,1.05394,0.00204,0.00282,0.99206,0.00308
8.90000,1.05394,0.00180,0.00274,0.99157,0.00389
9.00000,1.05394,0.00163,0.00257,0.99252,0.00328
9.10000,1.05394,0.00190,0.00343,0.98994,0.00472
9.20000,1.05394,0.00153,0.00290,0.99172,0.00386
9.30000,1.05394,0.00186,0.00322,0.99113,0.00379
9.40000,1.05394,0.00146,0.00326,0.99113,0.00415
9.50000,1.05394,0.00140,0.00350,0.98943,0.00568
9.60000,1.05394,0.00138,0.00375,0.98921,0.00566
9.70000,1.05394,0.00220,0.00400,0.98779,0.00601
9.80000,1.05394,0.00198,0.00296,0.99185,0.00321
9.90000,1.05394,0.00281,0.00376,0.98852,0.00490
10.00000,1.05394,0.00250,0.00421,0.98892,0.00437
10.10000,1.05394,0.00372,0.00499,0.98574,0.00554
10.20000,1.05394,0.00335,0.00380,0.98884,0.00402
10.30000,1.05394,0.00404,0.00430,0.98760,0.00405
10.40000,1.05394,0.00424,0.00574,0.98594,0.00408
10.50000,1.05394,0.00421,0.00529,0.98639,0.00411
10.60000,1.05394,0.00366,0.00658,0.98475,0.00501
10.70000,1.05394,0.00271,0.00359,0.98978,0.00392
10.80000,1.05394,0.00326,0.00644,0.98452,0.00579
10.90000,1.05394,0.00259,0.00428,0.98842,0.00471
11.00000,1.05394,0.00339,0.00867,0.98112,0.00681
11.10000,1.05394,0.00335,0.00782,0.98315,0.00569
11.20000,1.05394,0.00383,0.01096,0.97823,0.00699
11.30000,1.05394,0.00361,0.00808,0.98255,0.00575
11.40000,1.05394,0.00337,0.00753,0.98329,0.00581
11.50000,1.05394,0.00269,0.00592,0.98657,0.00483
11.60000,1.05394,0.00308,0.00651,0.98500,0.00541
11.70000,1.05394,0.00284,0.00565,0.98617,0.00535
11.80000,1.05394,0.00309,0.00779,0.98258,0.00654
11.90000,1.05394,0.00191,0.00412,0.98916,0.00481
12.00000,1.05394,0.00196,0.00379,0.98927,0.00498
12.10000,1.05394,0.00163,0.00253,0.99139,0.00446
12.20000,1.05394,0.00183,0.00346,0.98954,0.00517
12.30000,1.05394,0.00186,0.00275,0.99058,0.00480
12.40000,1.05394,0.00185,0.00398,0.98857,0.00560
12.50000,1.05394,0.00185,0.00314,0.99044,0.00457
12.60000,1.05394,0.00172,0.00238,0.99173,0.00417
12.70000,1.05394,0.00206,0.00336,0.98986,0.00472
12.80000,1.05394,0.00181,0.00241,0.99189,0.00389
12.90000,1.05394,0.00247,0.00387,0.98951,0.00415
13.00000,1.05394,0.00208,0.00283,0.99172,0.00337
13.10000,1.05394,0.00229,0.00435,0.98961,0.00374
13.20000,1.05394,0.00153,0.00228,0.99318,0.00302
13.30000,1.05394,0.00180,0.00198,0.99359,0.00263
13.40000,1.05394,0.00175,0.00188,0.99394,0.00243
13.50000,1.05394,0.00200,0.00260,0.99225,0.00315
13.60000,1.05394,0.00171,0.00209,0.99370,0.00250
13.70000,1.05394,0.00187,0.00213,0.99379,0.00221
13.80000,1.05394,0.00158,0.00190,0.99395,0.00258
13.90000,1.05394,0.00183,0.00234,0.99277,0.00306
14.00000,1.05394,0.00184,0.00195,0.99298,0.00323
14.10000,1.05394,0.00195,0.00210,0.99265,0.00329
14.20000,1.05394,0.00175,0.00298,0.99192,0.00334
14.30000,1.05394,0.00200,0.00522,0.98902,0.00376
14.40000,1.05394,0.00199,0.00531,0.98892,0.00379
14.50000,1.05394,0.00215,0.00522,0.98826,0.00436
14.60000,1.05394,0.00251,0.00548,0.98648,0.00553
14.70000,1.05394,0.00177,0.00393,0.99027,0.00403
14.80000,1.05394,0.00218,0.00460,0.98857,0.00466
14.90000,1.05394,0.00265,0.00601,0.98690,0.00444
15.00000,1.05394,0.00331,0.00500,0.98723,0.00446
15.10000,1.05394,0.00303,0.00718,0.98459,0.00519
15.20000,1.05394,0.00256,0.00366,0.98990,0.00388
15.30000,1.05394,0.00325,0.00402,0.98879,0.00393
15.40000,1.05394,0.00337,0.00387,0.98770,0.00506
15.50000,1.05394,0.00368,0.00462,0.98842,0.00328
15.60000,1.05394,0.00410,0.00507,0.98664,0.00419
15.70000,1.05394,0.00546,0.00727,0.98275,0.00452
15.80000,1.05394,0.00566,0.00759,0.98145,0.00529
15.90000,1.05394,0.00529,0.00818,0.98219,0.00434
16.00000,1.05394,0.00325,0.00513,0.98731,0.00431
16.10000,1.05394,0.00416,0.00532,0.98677,0.00376
16.20000,1.05394,0.00417,0.00766,0.98359,0.00457
16.30000,1.05394,0.00522,0.01178,0.97772,0.00528
16.40000,1.05394,0.00329,0.00659,0.98527,0.00485
16.50000,1.05394,0.00269,0.00421,0.98930,0.00380
16.60000,1.05394,0.00269,0.00426,0.98898,0.00406
16.70000,1.05394,0.00280,0.00410,0.98867,0.00442
16.80000,1.05394,0.00241,0.00260,0.99128,0.00371
16.90000,1.05394,0.00267,0.00321,0.99022,0.00390
17.00000,1.05394,0.00349,0.00358,0.98911,0.00382
17.10000,1.05394,0.00336,0.00405,0.98884,0.00376
17.20000,1.05394,0.00325,0.00362,0.98968,0.00345
17.30000,1.05394,0.00265,0.00263,0.99220,0.00252
17.40000,1.05394,0.00328,0.00314,0.99110,0.00248
17.50000,1.05394,0.00408,0.00324,0.99027,0.00242
17.60000,1.05394,0.00477,0.00425,0.98856,0.00242
17.70000,1.05394,0.00435,0.00509,0.98796,0.00259
17.80000,1.05394,0.00419,0.00468,0.98848,0.00264
17.90000,1.05394,0.00522,0.00486,0.98655,0.00337
18.00000,1.05394,0.00479,0.00504,0.98748,0.00270
18.10000,1.05394,0.00366,0.00349,0.98992,0.00292
18.20000,1.05394,0.00381,0.00445,0.98897,0.00277
18.30000,1.05394,0.00479,0.00596,0.98517,0.00409
18.40000,1.05394,0.00443,0.00503,0.98687,0.00366
18.50000,1.05394,0.00333,0.00386,0.98990,0.00292
18.60000,1.05394,0.00360,0.00318,0.99012,0.00310
18.70000,1.05394,0.00329,0.00231,0.99153,0.00287
18.80000,1.05394,0.00308,0.00267,0.99149,0.00276
18.90000,1.05394,0.00271,0.00256,0.99180,0.00293
19.00000,1.05394,0.00275,0.00390,0.98946,0.00390
19.10000,1.05394,0.00225,0.00303,0.99008,0.00463
19.20000,1.05394,0.00179,0.00264,0.99255,0.00302
19.30000,1.05394,0.00194,0.00259,0.99172,0.00375
19.40000,1.05394,0.00189,0.00226,0.99286,0.00299
19.50000,1.05394,0.00153,0.00141,0.99428,0.00277
19.60000,1.05394,0.00224,0.00304,0.99024,0.00447
19.70000,1.05394,0.00201,0.00341,0.98952,0.00506
19.80000,1.05394,0.00182,0.00274,0.99160,0.00383
19.90000,1.05394,0.00160,0.00241,0.99127,0.00472
20.00000,1.05394,0.00206,0.00209,0.99231,0.00354
20.10000,1.05394,0.00196,0.00261,0.99100,0.00443
20.20000,1.05394,0.00162,0.00198,0.99309,0.00331
20.30000,1.05394,0.00177,0.00391,0.98960,0.00472
20.40000,1.05394,0.00191,0.00358,0.99016,0.00435
20.50000,1.05394,0.00146,0.00267,0.99268,0.00318
20.60000,1.05394,0.00109,0.00233,0.99412,0.00247
20.70000,1.05394,0.00134,0.00171,0.99488,0.00206
20.80000,1.05394,0.00122,0.00202,0.99518,0.00158
20.90000,1.05394,0.00166,0.00248,0.99434,0.00151
21.00000,1.05394,0.00195,0.00394,0.99219,0.00191
21.10000,1.05394,0.00199,0.00224,0.99443,0.00134
21.20000,1.05394,0.00181,0.00358,0.99319,0.00142
21.30000,1.05394,0.00254,0.00344,0.99232,0.00170
21.40000,1.05394,0.00303,0.00426,0.99118,0.00154
21.50000,1.05394,0.00302,0.00309,0.99259,0.00130
21.60000,1.05394,0.00435,0.00599,0.98794,0.00172
21.70000,1.05394,0.00353,0.00403,0.99039,0.00205
21.80000,1.05394,0.00430,0.00548,0.98721,0.00301
21.90000,1.05394,0.00311,0.00382,0.99032,0.00274
22.00000,1.05394,0.00353,0.00608,0.98694,0.00345
22.10000,1.05394,0.00277,0.00415,0.99018,0.00290
22.20000,1.05394,0.00458,0.00627,0.98568,0.00346
22.30000,1.05394,0.00362,0.00602,0.98607,0.00429
22.40000,1.05394,0.00356,0.00676,0.98530,0.00438
22.50000,1.05394,0.00481,0.00937,0.98117,0.00465
22.60000,1.05394,0.00447,0.00933,0.98168,0.00452
22.70000,1.05394,0.00481,0.01035,0.98058,0.00425
22.80000,1.05394,0.00353,0.00839,0.98355,0.00453
22.90000,1.05394,0.00414,0.00731,0.98522,0.00332
23.00000,1.05394,0.00292,0.00548,0.98794,0.00365
23.10000,1.05394,0.00406,0.00590,0.98704,0.00300
23.20000,1.05394,0.00349,0.00681,0.98549,0.00421
23.30000,1.05394,0.00374,0.00568,0.98735,0.00323
23.40000,1.05394,0.00301,0.00412,0.99010,0.00277
23.50000,1.05394,0.00420,0.00600,0.98632,0.00349
23.60000,1.05394,0.00299,0.00450,0.98927,0.00324
23.70000,1.05394,0.00410,0.00579,0.98701,0.00310
23.80000,1.05394,0.00413,0.00565,0.98638,0.00384
23.90000,1.05394,0.00508,0.00601,0.98552,0.00339
24.00000,1.05394,0.00505,0.00595,0.98484,0.00416
24.10000,1.05394,0.00460,0.00569,0.98620,0.00351
24.20000,1.05394,0.00478,0.00547,0.98650,0.00324
24.30000,1.05394,0.00451,0.00619,0.98547,0.00383
24.40000,1.05394,0.00531,0.00576,0.98491,0.00402
24.50000,1.05394,0.00414,0.00583,0.98579,0.00424
24.60000,1.05394,0.00411,0.00635,0.98563,0.00391
24.70000,1.05394,0.00355,0.00536,0.98700,0.00409
24.80000,1.05394,0.00388,0.00525,0.98742,0.00345
24.90000,1.05394,0.00319,0.00489,0.98813,0.00378
25.00000,1.05394,0.00370,0.00616,0.98634,0.00381
25.10000,1.05394,0.00283,0.00466,0.98900,0.00351
25.20000,1.05394,0.00337,0.00596,0.98700,0.00367
25.30000,1.05394,0.00318,0.00418,0.98985,0.00279
25.40000,1.05394,0.00337,0.00607,0.98705,0.00350
25.50000,1.05394,0.00337,0.00524,0.98835,0.00304
25.60000,1.05394,0.00315,0.00664,0.98687,0.00334
25.70000,1.05394,0.00284,0.00595,0.98739,0.00382
25.80000,1.05394,0.00277,0.00397,0.99011,0.00315
25.90000,1.05394,0.00262,0.00401,0.99039,0.00298
26.00000,1.05394,0.00229,0.00381,0.99083,0.00307
26.10000,1.05394,0.00225,0.00394,0.99068,0.00314
26.20000,1.05394,0.00262,0.00389,0.99026,0.00323
26.30000,1.05394,0.00291,0.00378,0.98923,0.00408
26.40000,1.05394,0.00275,0.00364,0.99002,0.00358
26.50000,1.05394,0.00314,0.00390,0.98939,0.00357
26.60000,1.05394,0.00282,0.00318,0.99121,0.00279
26.70000,1.05394,0.00450,0.00535,0.98707,0.00309
26.80000,1.05394,0.00421,0.00470,0.98706,0.00403
26.90000,1.05394,0.00401,0.00751,0.98451,0.00397
27.00000,1.05394,0.00354,0.00402,0.98939,0.00305
27.10000,1.05394,0.00361,0.00607,0.98674,0.00358
27.20000,1.05394,0.00337,0.00515,0.98719,0.00429
27.30000,1.05394,0.00377,0.00710,0.98531,0.00382
27.40000,1.05394,0.00356,0.00593,0.98599,0.00452
27.50000,1.05394,0.00518,0.01028,0.97784,0.00670
27.60000,1.05394,0.00441,0.00950,0.97929,0.00680
27.70000,1.05394,0.00418,0.00812,0.98243,0.00527
27.80000,1.05394,0.00386,0.00711,0.98355,0.00548
27.90000,1.05394,0.00371,0.00544,0.98590,0.00494
28.00000,1.05394,0.00407,0.00819,0.98172,0.00602
28.10000,1.05394,0.00344,0.00596,0.98596,0.00464
28.20000,1.05394,0.00429,0.00709,0.98419,0.00444
28.30000,1.05394,0.00335,0.00548,0.98714,0.00403
28.40000,1.05394,0.00379,0.00578,0.98691,0.00352
28.50000,1.05394,0.00278,0.00293,0.99197,0.00233
28.60000,1.05394,0.00285,0.00484,0.98943,0.00288
28.70000,1.05394,0.00315,0.00347,0.99084,0.00255
28.80000,1.05394,0.00372,0.00434,0.98910,0.00284
28.90000,1.05394,0.00387,0.00402,0.98959,0.00252
29.00000,1.05394,0.00520,0.00432,0.98780,0.00269
29.10000,1.05394,0.00455,0.00356,0.98968,0.00221
29.20000,1.05394,0.00578,0.00473,0.98731,0.00217
29.30000,1.05394,0.00453,0.00408,0.98904,0.00235
29.40000,1.05394,0.00505,0.00491,0.98737,0.00267
29.50000,1.05394,0.00518,0.00500,0.98735,0.00246
29.60000,1.05394,0.00445,0.00410,0.98938,0.00208
29.70000,1.05394,0.00531,0.00602,0.98640,0.00227
29.80000,1.05394,0.00479,0.00653,0.98653,0.00215
29.90000,1.05394,0.00474,0.00907,0.98359,0.00260
30.00000,1.05394,0.00332,0.00493,0.98985,0.00191
30.10000,1.05394,0.00355,0.00606,0.98794,0.00245
30.20000,1.05394,0.00296,0.00506,0.98993,0.00205
30.30000,1.05394,0.00297,0.00381,0.99143,0.00178
30.40000,1.05394,0.00262,0.00357,0.99194,0.00188
30.50000,1.05394,0.00326,0.00555,0.98905,0.00214
30.60000,1.05394,0.00286,0.00551,0.98882,0.00280
30.70000,1.05394,0.00319,0.00473,0.98936,0.00272
30.80000,1.05394,0.00284,0.00496,0.98911,0.00309
30.90000,1.05394,0.00351,0.00491,0.98860,0.00298
31.00000,1.05394,0.00364,0.00663,0.98646,0.00327
31.10000,1.05394,0.00328,0.00492,0.98918,0.00262
31.20000,1.05394,0.00461,0.00926,0.98082,0.00532
31.30000,1.05394,0.00408,0.00510,0.98675,0.00407
31.40000,1.05394,0.00459,0.00732,0.98265,0.00545
31.50000,1.05394,0.00323,0.00459,0.98818,0.00400
31.60000,1.05394,0.00410,0.00583,0.98550,0.00456
31.70000,1.05394,0.00289,0.00405,0.98961,0.00346
31.80000,1.05394,0.00357,0.00570,0.98638,0.00435
31.90000,1.05394,0.00331,0.00459,0.98809,0.00400
32.00000,1.05394,0.00333,0.00555,0.98695,0.00416
32.10000,1.05394,0.00326,0.00580,0.98801,0.00293
32.20000,1.05394,0.00272,0.00617,0.98779,0.00332
32.30000,1.05394,0.00244,0.00457,0.99058,0.00241
32.40000,1.05394,0.00211,0.00319,0.99212,0.00257
32.50000,1.05394,0.00246,0.00366,0.99183,0.00205
32.60000,1.05394,0.00226,0.00374,0.99134,0.00266
32.70000,1.05394,0.00239,0.00404,0.99125,0.00232
32.80000,1.05394,0.00259,0.00426,0.99096,0.00219
32.90000,1.05394,0.00223,0.00292,0.99300,0.00185
33.00000,1.05394,0.00255,0.00376,0.99108,0.00261
33.10000,1.05394,0.00215,0.00303,0.99239,0.00243
33.20000,1.05394,0.00240,0.00350,0.99149,0.00262
33.30000,1.05394,0.00207,0.00325,0.99197,0.00271
33.40000,1.05394,0.00304,0.00398,0.98961,0.00337
33.50000,1.05394,0.00257,0.00399,0.99035,0.00308
33.60000,1.05394,0.00270,0.00377,0.99031,0.00322
33.70000,1.05394,0.00225,0.00435,0.98997,0.00342
33.80000,1.05394,0.00291,0.00328,0.99053,0.00328
33.90000,1.05394,0.00305,0.00467,0.98880,0.00348
34.00000,1.05394,0.00301,0.00336,0.99050,0.00313
34.10000,1.05394,0.00337,0.00475,0.98888,0.00300
34.20000,1.05394,0.00272,0.00297,0.99211,0.00220
34.30000,1.05394,0.00326,0.00413,0.98999,0.00262
34.40000,1.05394,0.00261,0.00343,0.99150,0.00246
34.50000,1.05394,0.00285,0.00333,0.99185,0.00196
34.60000,1.05394,0.00277,0.00297,0.99241,0.00185
34.70000,1.05394,0.00242,0.00304,0.99223,0.00231
34.80000,1.05394,0.00209,0.00276,0.99279,0.00237
34.90000,1.05394,0.00262,0.00313,0.99166,0.00259
35.00000,1.05394,0.00239,0.00403,0.99059,0.00299
35.10000,1.05394,0.00189,0.00274,0.99255,0.00282
35.20000,1.05394,0.00263,0.00394,0.99075,0.00268
35.30000,1.05394,0.00217,0.00249,0.99298,0.00236
35.40000,1.05394,0.00256,0.00261,0.99248,0.00234
35.50000,1.05394,0.00228,0.00203,0.99329,0.00239
35.60000,1.05394,0.00216,0.00229,0.99291,0.00263
35.70000,1.05394,0.00225,0.00242,0.99261,0.00272
35.80000,1.05394,0.00254,0.00219,0.99315,0.00212
35.90000,1.05394,0.00251,0.00244,0.99250,0.00254
36.00000,1.05394,0.00247,0.00168,0.99409,0.00176
36.10000,1.05394,0.00218,0.00222,0.99316,0.00244
36.20000,1.05394,0.00237,0.00174,0.99379,0.00211
36.30000,1.05394,0.00230,0.00282,0.99159,0.00329
36.40000,1.05394,0.00223,0.00196,0.99330,0.00250
36.50000,1.05394,0.00244,0.00255,0.99208,0.00293
36.60000,1.05394,0.00256,0.00219,0.99301,0.00224
36.70000,1.05394,0.00276,0.00373,0.99020,0.00331
36.80000,1.05394,0.00281,0.00297,0.99169,0.00253
36.90000,1.05394,0.00291,0.00316,0.99092,0.00302
37.00000,1.05394,0.00407,0.00367,0.98968,0.00258
37.10000,1.05394,0.00369,0.00381,0.99021,0.00229
37.20000,1.05394,0.00405,0.00441,0.98862,0.00292
37.30000,1.05394,0.00346,0.00268,0.99204,0.00183
37.40000,1.05394,0.00407,0.00475,0.98900,0.00218
37.50000,1.05394,0.00361,0.00300,0.99164,0.00175
37.60000,1.05394,0.00382,0.00528,0.98878,0.00212
37.70000,1.05394,0.00403,0.00398,0.99003,0.00196
37.80000,1.05394,0.00393,0.00495,0.98895,0.00217
37.90000,1.05394,0.00334,0.00311,0.99170,0.00185
38.00000,1.05394,0.00303,0.00280,0.99243,0.00174
38.10000,1.05394,0.00291,0.00316,0.99212,0.00182
38.20000,1.05394,0.00361,0.00440,0.99004,0.00194
38.30000,1.05394,0.00507,0.00540,0.98731,0.00221
38.40000,1.05394,0.00463,0.00523,0.98762,0.00252
38.50000,1.05394,0.00434,0.00507,0.98869,0.00190
38.60000,1.05394,0.00354,0.00390,0.99084,0.00172
38.70000,1.05394,0.00343,0.00379,0.99065,0.00213
38.80000,1.05394,0.00319,0.00395,0.99106,0.00180
38.90000,1.05394,0.00332,0.00321,0.99183,0.00164
39.00000,1.05394,0.00259,0.00251,0.99344,0.00145
39.10000,1.05394,0.00355,0.00318,0.99168,0.00160
39.20000,1.05394,0.00315,0.00297,0.99243,0.00145
39.30000,1.05394,0.00250,0.00207,0.99411,0.00133
39.40000,1.05394,0.00261,0.00217,0.99402,0.00119
39.50000,1.05394,0.00260,0.00255,0.99324,0.00160
39.60000,1.05394,0.00252,0.00277,0.99340,0.00131
39.70000,1.05394,0.00282,0.00316,0.99255,0.00147
39.80000,1.05394,0.00281,0.00317,0.99258,0.00145
39.90000,1.05394,0.00235,0.00292,0.99327,0.00147
40.00000,1.05394,0.00267,0.00272,0.99311,0.00150
40.10000,1.05394,0.00292,0.00325,0.99213,0.00170
40.20000,1.05394,0.00256,0.00277,0.99291,0.00176
40.30000,1.05394,0.00248,0.00295,0.99291,0.00166
40.40000,1.05394,0.00214,0.00206,0.99394,0.00186
40.50000,1.05394,0.00267,0.00244,0.99322,0.00167
40.60000,1.05394,0.00241,0.00162,0.99416,0.00181
40.70000,1.05394,0.00276,0.00266,0.99241,0.00217
40.80000,1.05394,0.00196,0.00199,0.99410,0.00195
40.90000,1.05394,0.00230,0.00206,0.99369,0.00196
41.00000,1.05394,0.00262,0.00280,0.99280,0.00179
41.10000,1.05394,0.00200,0.00203,0.99432,0.00166
41.20000,1.05394,0.00291,0.00217,0.99328,0.00165
41.30000,1.05394,0.00300,0.00405,0.99090,0.00206
41.40000,1.05394,0.00295,0.00348,0.99177,0.00179
41.50000,1.05394,0.00246,0.00436,0.99054,0.00263
41.60000,1.05394,0.00287,0.00296,0.99241,0.00177
41.70000,1.05394,0.00255,0.00424,0.99095,0.00225
41.80000,1.05394,0.00291,0.00368,0.99108,0.00234
41.90000,1.05394,0.00324,0.00794,0.98557,0.00325
42.00000,1.05394,0.00319,0.00472,0.98923,0.00286
42.10000,1.05394,0.00332,0.00653,0.98713,0.00302
42.20000,1.05394,0.00273,0.00328,0.99141,0.00259
42.30000,1.05394,0.00250,0.00357,0.99091,0.00302
42.40000,1.05394,0.00255,0.00365,0.99097,0.00282
42.50000,1.05394,0.00248,0.00609,0.98746,0.00397
42.60000,1.05394,0.00278,0.00434,0.98983,0.00305
42.70000,1.05394,0.00229,0.00382,0.99058,0.00332
42.80000,1.05394,0.00237,0.00339,0.99188,0.00236
42.90000,1.05394,0.00210,0.00357,0.99104,0.00329
43.00000,1.05394,0.00222,0.00335,0.99097,0.00346
43.10000,1.05394,0.00267,0.00414,0.98876,0.00443
43.20000,1.05394,0.00253,0.00349,0.98976,0.00421
43.30000,1.05394,0.00272,0.00379,0.98932,0.00416
43.40000,1.05394,0.00267,0.00290,0.99031,0.00412
43.50000,1.05394,0.00293,0.00387,0.98730,0.00590
43.60000,1.05394,0.00291,0.00360,0.98894,0.00456
43.70000,1.05394,0.00303,0.00481,0.98666,0.00550
43.80000,1.05394,0.00237,0.00352,0.98979,0.00431
43.90000,1.05394,0.00256,0.00349,0.98951,0.00444
44.00000,1.05394,0.00248,0.00319,0.99050,0.00384
44.10000,1.05394,0.00292,0.00334,0.98968,0.00405
44.20000,1.05394,0.00242,0.00260,0.99215,0.00283
44.30000,1.05394,0.00250,0.00275,0.99200,0.00276
44.40000,1.05394,0.00195,0.00165,0.99431,0.00209
44.50000,1.05394,0.00235,0.00207,0.99334,0.00223
44.60000,1.05394,0.00215,0.00176,0.99436,0.00172
44.70000,1.05394,0.00224,0.00222,0.99345,0.00208
44.80000,1.05394,0.00230,0.00158,0.99452,0.00160
44.90000,1.05394,0.00191,0.00234,0.99385,0.00190
45.00000,1.05394,0.00200,0.00190,0.99429,0.00181
45.10000,1.05394,0.00170,0.00267,0.99348,0.00216
45.20000,1.05394,0.00236,0.00315,0.99212,0.00237
45.30000,1.05394,0.00209,0.00361,0.99185,0.00245
45.40000,1.05394,0.00176,0.00242,0.99389,0.00193
45.50000,1.05394,0.00183,0.00291,0.99256,0.00269
45.60000,1.05394,0.00219,0.00331,0.99106,0.00344
45.70000,1.05394,0.00235,0.00373,0.99096,0.00297
45.80000,1.05394,0.00281,0.00466,0.98847,0.00407
45.90000,1.05394,0.00283,0.00413,0.98896,0.00409
46.00000,1.05394,0.00284,0.00432,0.98879,0.00405
46.10000,1.05394,0.00324,0.00434,0.98848,0.00394
46.20000,1.05394,0.00338,0.00560,0.98551,0.00550
46.30000,1.05394,0.00363,0.00622,0.98486,0.00530
46.40000,1.05394,0.00408,0.00599,0.98438,0.00555
46.50000,1.05394,0.00334,0.00466,0.98749,0.00450
46.60000,1.05394,0.00351,0.00412,0.98824,0.00413
46.70000,1.05394,0.00302,0.00431,0.98865,0.00402
46.80000,1.05394,0.00263,0.00350,0.98944,0.00444
46.90000,1.05394,0.00277,0.00366,0.98913,0.00444
47.00000,1.05394,0.00278,0.00305,0.99000,0.00417
47.10000,1.05394,0.00240,0.00321,0.98999,0.00441
47.20000,1.05394,0.00198,0.00253,0.99049,0.00500
47.30000,1.05394,0.00266,0.00361,0.98899,0.00474
47.40000,1.05394,0.00268,0.00421,0.98830,0.00480
47.50000,1.05394,0.00303,0.00427,0.98736,0.00535
47.60000,1.05394,0.00291,0.00476,0.98740,0.00494
47.70000,1.05394,0.00370,0.00480,0.98662,0.00489
47.80000,1.05394,0.00386,0.00581,0.98582,0.00451
47.90000,1.05394,0.00422,0.00517,0.98701,0.00360
48.00000,1.05394,0.00413,0.00477,0.98782,0.00328
48.10000,1.05394,0.00333,0.00426,0.98916,0.00325
48.20000,1.05394,0.00356,0.00394,0.98969,0.00281
48.30000,1.05394,0.00384,0.00453,0.98813,0.00350
48.40000,1.05394,0.00304,0.00228,0.99230,0.00238
48.50000,1.05394,0.00307,0.00329,0.99083,0.00281
48.60000,1.05394,0.00302,0.00276,0.99148,0.00274
48.70000,1.05394,0.00298,0.00431,0.98989,0.00281
48.80000,1.05394,0.00323,0.00322,0.99096,0.00260
48.90000,1.05394,0.00341,0.00421,0.98903,0.00335
49.00000,1.05394,0.00339,0.00416,0.98965,0.00281
49.10000,1.05394,0.00341,0.00550,0.98725,0.00384
49.20000,1.05394,0.00283,0.00407,0.98964,0.00346
49.30000,1.05394,0.00280,0.00543,0.98719,0.00458
49.40000,1.05394,0.00369,0.00706,0.98488,0.00437
49.50000,1.05394,0.00364,0.00788,0.98375,0.00473
49.60000,1.05394,0.00331,0.00616,0.98643,0.00410
49.70000,1.05394,0.00375,0.00726,0.98275,0.00624
49.80000,1.05394,0.00383,0.00613,0.98465,0.00540
49.90000,1.05394,0.00443,0.00808,0.98144,0.00606
50.00000,1.05394,0.00407,0.00546,0.98610,0.00436
50.10000,1.05394,0.00437,0.00714,0.98377,0.00472
50.20000,1.05394,0.00419,0.00555,0.98574,0.00451
50.30000,1.05394,0.00416,0.00519,0.98598,0.00466
50.40000,1.05394,0.00325,0.00311,0.99017,0.00347
50.50000,1.05394,0.00437,0.00465,0.98591,0.00507
50.60000,1.05394,0.00396,0.00424,0.98819,0.00361
50.70000,1.05394,0.00450,0.00405,0.98748,0.00397
50.80000,1.05394,0.00493,0.00473,0.98664,0.00371
50.90000,1.05394,0.00511,0.00617,0.98419,0.00453
51.00000,1.05394,0.00704,0.00628,0.98221,0.00448
51.10000,1.05394,0.00644,0.00564,0.98410,0.00382
51.20000,1.05394,0.00747,0.00732,0.97929,0.00592
51.30000,1.05394,0.00922,0.00883,0.97642,0.00553
51.40000,1.05394,0.00764,0.00737,0.98014,0.00486
51.50000,1.05394,0.00706,0.00498,0.98350,0.00445
51.60000,1.05394,0.00734,0.00427,0.98358,0.00481
51.70000,1.05394,0.00731,0.00289,0.98557,0.00424
51.80000,1.05394,0.00624,0.00275,0.98735,0.00366
51.90000,1.05394,0.00722,0.00232,0.98737,0.00309
52.00000,1.05394,0.00577,0.00185,0.98959,0.00279
52.10000,1.05394,0.00583,0.00162,0.98932,0.00324
52.20000,1.05394,0.00356,0.00088,0.99359,0.00197
52.30000,1.05394,0.00488,0.00116,0.99147,0.00249
52.40000,1.05394,0.00414,0.00113,0.99234,0.00239
52.50000,1.05394,0.00464,0.00136,0.99207,0.00193
52.60000,1.05394,0.00343,0.00157,0.99319,0.00180
52.70000,1.05394,0.00365,0.00162,0.99253,0.00221
52.80000,1.05394,0.00352,0.00171,0.99218,0.00259
52.90000,1.05394,0.00439,0.00283,0.98954,0.00325
53.00000,1.05394,0.00411,0.00308,0.99015,0.00266
53.10000,1.05394,0.00498,0.00293,0.98969,0.00240
53.20000,1.05394,0.00437,0.00290,0.99016,0.00257
53.30000,1.05394,0.00554,0.00446,0.98752,0.00249
53.40000,1.05394,0.00433,0.00313,0.98954,0.00301
53.50000,1.05394,0.00511,0.00414,0.98743,0.00332
53.60000,1.05394,0.00586,0.00436,0.98583,0.00395
53.70000,1.05394,0.00872,0.00699,0.98004,0.00425
53.80000,1.05394,0.00578,0.00439,0.98579,0.00404
53.90000,1.05394,0.00749,0.00683,0.98104,0.00464
54.00000,1.05394,0.00705,0.00779,0.97963,0.00552
54.10000,1.05394,0.00773,0.00761,0.97930,0.00536
54.20000,1.05394,0.00665,0.00681,0.98024,0.00629
54.30000,1.05394,0.00514,0.00534,0.98471,0.00481
54.40000,1.05394,0.00539,0.00491,0.98493,0.00477
54.50000,1.05394,0.00494,0.00495,0.98602,0.00409
54.60000,1.05394,0.00563,0.00428,0.98535,0.00474
54.70000,1.05394,0.00496,0.00557,0.98416,0.00531
54.80000,1.05394,0.00503,0.00397,0.98562,0.00539
54.90000,1.05394,0.00538,0.00420,0.98639,0.00403
55.00000,1.05394,0.00461,0.00409,0.98651,0.00479
55.10000,1.05394,0.00524,0.00545,0.98386,0.00545
55.20000,1.05394,0.00400,0.00282,0.98825,0.00493
55.30000,1.05394,0.00528,0.00478,0.98336,0.00658
55.40000,1.05394,0.00412,0.00363,0.98791,0.00433
55.50000,1.05394,0.00446,0.00279,0.98886,0.00389
55.60000,1.05394,0.00380,0.00308,0.98841,0.00471
55.70000,1.05394,0.00353,0.00205,0.99088,0.00354
55.80000,1.05394,0.00300,0.00272,0.98987,0.00440
55.90000,1.05394,0.00293,0.00259,0.99016,0.00431
56.00000,1.05394,0.00260,0.00257,0.99051,0.00432
56.10000,1.05394,0.00281,0.00312,0.98901,0.00506
56.20000,1.05394,0.00295,0.00435,0.98586,0.00684
56.30000,1.05394,0.00312,0.00447,0.98693,0.00548
56.40000,1.05394,0.00290,0.00339,0.98895,0.00476
56.50000,1.05394,0.00347,0.00463,0.98646,0.00543
56.60000,1.05394,0.00329,0.00433,0.98711,0.00527
56.70000,1.05394,0.00331,0.00469,0.98694,0.00506
56.80000,1.05394,0.00351,0.00395,0.98782,0.00471
56.90000,1.05394,0.00397,0.00598,0.98502,0.00503
57.00000,1.05394,0.00449,0.00533,0.98592,0.00426
57.10000,1.05394,0.00435,0.00528,0.98621,0.00417
57.20000,1.05394,0.00351,0.00488,0.98793,0.00368
57.30000,1.05394,0.00359,0.00499,0.98774,0.00368
57.40000,1.05394,0.00377,0.00888,0.98118,0.00617
57.50000,1.05394,0.00378,0.00806,0.98234,0.00582
57.60000,1.05394,0.00350,0.00583,0.98570,0.00496
57.70000,1.05394,0.00328,0.00614,0.98542,0.00516
57.80000,1.05394,0.00294,0.00476,0.98738,0.00492
57.90000,1.05394,0.00292,0.00555,0.98739,0.00413
58.00000,1.05394,0.00282,0.00482,0.98803,0.00433
58.10000,1.05394,0.00244,0.00461,0.98826,0.00469
58.20000,1.05394,0.00343,0.00472,0.98700,0.00485
58.30000,1.05394,0.00391,0.00476,0.98750,0.00382
58.40000,1.05394,0.00452,0.00640,0.98445,0.00463
58.50000,1.05394,0.00419,0.00424,0.98841,0.00315
58.60000,1.05394,0.00492,0.00667,0.98490,0.00351
58.70000,1.05394,0.00540,0.00535,0.98631,0.00294
58.80000,1.05394,0.00664,0.00852,0.98085,0.00399
58.90000,1.05394,0.00699,0.00704,0.98249,0.00348
59.00000,1.05394,0.00825,0.00947,0.97819,0.00409
59.10000,1.05394,0.00704,0.00774,0.98164,0.00358
59.20000,1.05394,0.00607,0.00836,0.98167,0.00390
59.30000,1.05394,0.00549,0.00709,0.98361,0.00381
59.40000,1.05394,0.00618,0.00798,0.98209,0.00375
59.50000,1.05394,0.00484,0.00589,0.98587,0.00341
59.60000,1.05394,0.00649,0.01057,0.97848,0.00446
59.70000,1.05394,0.00527,0.00648,0.98481,0.00344
59.80000,1.05394,0.00436,0.00570,0.98661,0.00334
59.90000,1.05394,0.00453,0.00545,0.98669,0.00333
60.00000,1.05394,0.00403,0.00428,0.98821,0.00348
60.10000,1.05394,0.00324,0.00372,0.98989,0.00314
60.20000,1.05394,0.00363,0.00257,0.99104,0.00277
60.30000,1.05394,0.00265,0.00227,0.99222,0.00286
60.40000,1.05394,0.00261,0.00199,0.99294,0.00246
60.50000,1.05394,0.00177,0.00153,0.99433,0.00238
60.60000,1.05394,0.00223,0.00169,0.99391,0.00217
60.70000,1.05394,0.00188,0.00131,0.99447,0.00235
60.80000,1.05394,0.00191,0.00156,0.99420,0.00233
60.90000,1.05394,0.00215,0.00162,0.99349,0.00274
61.00000,1.05394,0.00245,0.00224,0.99210,0.00321
61.10000,1.05394,0.00313,0.00281,0.99088,0.00318
61.20000,1.05394,0.00382,0.00317,0.98921,0.00380
61.30000,1.05394,0.00540,0.00406,0.98610,0.00443
61.40000,1.05394,0.00551,0.00412,0.98546,0.00490
61.50000,1.05394,0.00541,0.00404,0.98618,0.00438
61.60000,1.05394,0.00615,0.00355,0.98669,0.00362
61.70000,1.05394,0.00742,0.00459,0.98451,0.00347
61.80000,1.05394,0.00793,0.00426,0.98472,0.00309
61.90000,1.05394,0.00835,0.00582,0.98210,0.00374
62.00000,1.05394,0.00827,0.00456,0.98393,0.00324
62.10000,1.05394,0.00913,0.00602,0.98111,0.00373
62.20000,1.05394,0.00799,0.00519,0.98368,0.00315
62.30000,1.05394,0.00801,0.00597,0.98285,0.00318
62.40000,1.05394,0.00606,0.00641,0.98337,0.00416
62.50000,1.05394,0.00680,0.00679,0.98229,0.00411
62.60000,1.05394,0.00654,0.00699,0.98170,0.00477
62.70000,1.05394,0.00571,0.00556,0.98428,0.00444
62.80000,1.05394,0.00421,0.00508,0.98631,0.00441
62.90000,1.05394,0.00467,0.00522,0.98552,0.00458
63.00000,1.05394,0.00359,0.00365,0.98854,0.00422
63.10000,1.05394,0.00341,0.00293,0.99013,0.00353
63.20000,1.05394,0.00362,0.00386,0.98780,0.00473
63.30000,1.05394,0.00352,0.00415,0.98736,0.00497
63.40000,1.05393,0.00322,0.00335,0.98855,0.00488
63.50000,1.05394,0.00329,0.00358,0.98854,0.00459
63.60000,1.05394,0.00342,0.00275,0.98908,0.00476
63.70000,1.05394,0.00329,0.00289,0.99033,0.00350
63.80000,1.05394,0.00315,0.00294,0.98998,0.00393
63.90000,1.05393,0.00344,0.00289,0.99052,0.00315
64.00000,1.05394,0.00340,0.00238,0.99148,0.00275
64.10000,1.05394,0.00341,0.00233,0.99171,0.00255
64.20000,1.05394,0.00294,0.00225,0.99181,0.00300
64.30000,1.05393,0.00279,0.00181,0.99282,0.00258
64.40000,1.05393,0.00308,0.00236,0.99170,0.00286
64.50000,1.05394,0.00278,0.00143,0.99356,0.00224
64.60000,1.05394,0.00313,0.00193,0.99207,0.00287
64.70000,1.05394,0.00212,0.00098,0.99380,0.00310
64.80000,1.05393,0.00219,0.00128,0.99349,0.00305
64.90000,1.05393,0.00239,0.00098,0.99368,0.00295
65.00000,1.05394,0.00278,0.00178,0.99249,0.00295
65.10000,1.05394,0.00300,0.00119,0.99338,0.00243
65.20000,1.05394,0.00251,0.00172,0.99329,0.00248
65.30000,1.05393,0.00329,0.00196,0.99247,0.00228
65.40000,1.05393,0.00263,0.00200,0.99261,0.00276
65.50000,1.05394,0.00288,0.00145,0.99360,0.00207
65.60000,1.05394,0.00379,0.00254,0.99111,0.00256
65.70000,1.05394,0.00307,0.00281,0.99133,0.00279
65.80000,1.05393,0.00433,0.00374,0.98909,0.00285
65.90000,1.05393,0.00286,0.00304,0.99081,0.00328
66.00000,1.05394,0.00390,0.00343,0.98982,0.00285
66.10000,1.05394,0.00295,0.00298,0.99077,0.00330
66.20000,1.05394,0.00478,0.00466,0.98715,0.00340
66.30000,1.05393,0.00398,0.00488,0.98703,0.00412
66.40000,1.05393,0.00499,0.00739,0.98396,0.00365
66.50000,1.05394,0.00537,0.00836,0.98213,0.00413
66.60000,1.05394,0.00540,0.00711,0.98403,0.00345
66.70000,1.05394,0.00529,0.00610,0.98590,0.00271
66.80000,1.05393,0.00593,0.00822,0.98340,0.00245
66.90000,1.05393,0.00735,0.00814,0.98168,0.00283
67.00000,1.05394,0.00939,0.01826,0.96857,0.00378
67.10000,1.05394,0.00889,0.01531,0.97256,0.00323
67.20000,1.05394,0.00758,0.01392,0.97622,0.00228
67.30000,1.05393,0.00648,0.01027,0.98136,0.00188
67.40000,1.05393,0.00936,0.01215,0.97672,0.00177
67.50000,1.05394,0.00759,0.01118,0.97930,0.00194
67.60000,1.05394,0.01072,0.01297,0.97434,0.00197
67.70000,1.05394,0.00846,0.01108,0.97852,0.00194
67.80000,1.05393,0.00999,0.00927,0.97922,0.00152
67.90000,1.05393,0.00893,0.01008,0.97945,0.00154
68.00000,1.05394,0.00996,0.00935,0.97910,0.00158
68.10000,1.05394,0.00847,0.01001,0.97965,0.00188
68.20000,1.05394,0.01126,0.01006,0.97689,0.00179
68.30000,1.05393,0.01040,0.00932,0.97847,0.00181
68.40000,1.05393,0.00987,0.00795,0.98050,0.00168
68.50000,1.05394,0.00879,0.00876,0.98097,0.00148
68.60000,1.05394,0.01025,0.01040,0.97695,0.00239
68.70000,1.05394,0.01082,0.00958,0.97709,0.00251
68.80000,1.05393,0.01025,0.01110,0.97599,0.00267
68.90000,1.05393,0.00941,0.01031,0.97764,0.00264
69.00000,1.05394,0.00855,0.00801,0.98044,0.00300
69.10000,1.05394,0.00869,0.01109,0.97729,0.00293
69.20000,1.05394,0.00944,0.00953,0.97806,0.00297
69.30000,1.05393,0.00893,0.01342,0.97426,0.00339
69.40000,1.05393,0.00655,0.00757,0.98275,0.00313
69.50000,1.05394,0.00929,0.01056,0.97662,0.00353
69.60000,1.05394,0.00907,0.01165,0.97616,0.00312
69.70000,1.05394,0.00931,0.01298,0.97353,0.00418
69.80000,1.05393,0.01059,0.01419,0.97143,0.00378
69.90000,1.05393,0.01104,0.01701,0.96704,0.00492
70.00000,1.05394,0.01068,0.01477,0.96949,0.00505
70.10000,1.05394,0.01047,0.01597,0.96732,0.00623
70.20000,1.05394,0.01728,0.02567,0.94935,0.00769
70.30000,1.05393,0.01305,0.02359,0.95380,0.00956
70.40000,1.05393,0.01399,0.02067,0.95637,0.00897
70.50000,1.05394,0.01193,0.01410,0.96737,0.00661
70.60000,1.05394,0.01325,0.01486,0.96567,0.00622
70.70000,1.05394,0.01184,0.01537,0.96706,0.00573
70.80000,1.05393,0.01188,0.01143,0.97072,0.00597
70.90000,1.05393,0.01358,0.01634,0.96443,0.00565
71.00000,1.05394,0.01249,0.01380,0.96737,0.00634
71.10000,1.05394,0.01252,0.01862,0.96321,0.00565
71.20000,1.05394,0.00984,0.01303,0.97216,0.00497
71.30000,1.05393,0.01253,0.01750,0.96353,0.00644
71.40000,1.05393,0.00968,0.01234,0.97181,0.00617
71.50000,1.05394,0.01270,0.02089,0.95894,0.00747
71.60000,1.05394,0.00906,0.01337,0.97203,0.00554
71.70000,1.05394,0.01066,0.01824,0.96559,0.00550
71.80000,1.05393,0.00700,0.00914,0.97909,0.00477
71.90000,1.05393,0.00973,0.01579,0.96906,0.00542
72.00000,1.05394,0.00721,0.00906,0.97869,0.00505
72.10000,1.05394,0.00747,0.01294,0.97510,0.00449
72.20000,1.05394,0.00596,0.00742,0.98253,0.00409
72.30000,1.05393,0.00699,0.01636,0.97181,0.00483
72.40000,1.05393,0.00715,0.01261,0.97578,0.00447
72.50000,1.05394,0.00738,0.01107,0.97648,0.00506
72.60000,1.05394,0.00643,0.00895,0.97953,0.00509
72.70000,1.05394,0.00940,0.01414,0.97076,0.00570
72.80000,1.05393,0.00974,0.01607,0.96884,0.00536
72.90000,1.05393,0.00996,0.01453,0.97000,0.00551
73.00000,1.05394,0.01036,0.01886,0.96435,0.00643
73.10000,1.05394,0.01046,0.01304,0.96934,0.00716
73.20000,1.05394,0.01084,0.01695,0.96510,0.00710
73.30000,1.05393,0.00724,0.01007,0.97674,0.00595
73.40000,1.05393,0.00720,0.01171,0.97484,0.00625
73.50000,1.05394,0.00481,0.00724,0.98226,0.00569
73.60000,1.05394,0.00528,0.00803,0.98005,0.00664
73.70000,1.05394,0.00415,0.00513,0.98541,0.00531
73.80000,1.05393,0.00416,0.00633,0.98390,0.00561
73.90000,1.05393,0.00368,0.00422,0.98772,0.00439
74.00000,1.05394,0.00405,0.00583,0.98388,0.00623
74.10000,1.05394,0.00381,0.00557,0.98489,0.00573
74.20000,1.05394,0.00305,0.00328,0.98866,0.00501
74.30000,1.05393,0.00379,0.00506,0.98473,0.00642
74.40000,1.05393,0.00351,0.00370,0.98720,0.00558
74.50000,1.05394,0.00306,0.00494,0.98508,0.00691
74.60000,1.05394,0.00250,0.00335,0.98796,0.00618
74.70000,1.05394,0.00278,0.00327,0.98753,0.00642
74.80000,1.05393,0.00222,0.00211,0.99076,0.00491
74.90000,1.05393,0.00232,0.00222,0.99036,0.00509
75.00000,1.05394,0.00232,0.00228,0.99109,0.00431
75.10000,1.05394,0.00276,0.00239,0.99040,0.00445
75.20000,1.05394,0.00242,0.00144,0.99286,0.00328
75.30000,1.05393,0.00262,0.00157,0.99356,0.00224
75.40000,1.05393,0.00275,0.00138,0.99293,0.00293
75.50000,1.05394,0.00339,0.00206,0.99143,0.00312
75.60000,1.05394,0.00312,0.00174,0.99217,0.00298
75.70000,1.05394,0.00341,0.00249,0.99085,0.00324
75.80000,1.05393,0.00381,0.00196,0.99051,0.00373
75.90000,1.05393,0.00342,0.00201,0.99163,0.00294
76.00000,1.05394,0.00367,0.00169,0.99184,0.00280
76.10000,1.05394,0.00389,0.00278,0.99063,0.00271
76.20000,1.05394,0.00456,0.00314,0.98913,0.00317
76.30000,1.05393,0.00564,0.00452,0.98627,0.00357
76.40000,1.05393,0.00489,0.00430,0.98781,0.00300
76.50000,1.05394,0.00423,0.00394,0.98844,0.00338
76.60000,1.05394,0.00395,0.00272,0.99086,0.00247
76.70000,1.05394,0.00380,0.00358,0.98967,0.00295
76.80000,1.05393,0.00363,0.00245,0.99140,0.00253
76.90000,1.05393,0.00352,0.00301,0.99087,0.00260
77.00000,1.05394,0.00262,0.00223,0.99257,0.00258
77.10000,1.05394,0.00349,0.00275,0.99104,0.00272
77.20000,1.05394,0.00283,0.00178,0.99297,0.00242
77.30000,1.05393,0.00312,0.00221,0.99239,0.00227
77.40000,1.05393,0.00320,0.00234,0.99160,0.00286
77.50000,1.05394,0.00360,0.00279,0.99088,0.00273
77.60000,1.05394,0.00352,0.00309,0.99036,0.00302
77.70000,1.05394,0.00496,0.00465,0.98682,0.00357
77.80000,1.05393,0.00484,0.00488,0.98649,0.00379
77.90000,1.05393,0.00512,0.00601,0.98428,0.00459
78.00000,1.05394,0.00478,0.00594,0.98424,0.00504
78.10000,1.05394,0.00585,0.00558,0.98425,0.00431
78.20000,1.05394,0.00425,0.00424,0.98739,0.00413
78.30000,1.05393,0.00527,0.00519,0.98505,0.00449
78.40000,1.05393,0.00408,0.00434,0.98670,0.00487
78.50000,1.05394,0.00502,0.00430,0.98544,0.00524
78.60000,1.05394,0.00388,0.00366,0.98791,0.00454
78.70000,1.05394,0.00540,0.00377,0.98690,0.00393
78.80000,1.05393,0.00441,0.00396,0.98728,0.00435
78.90000,1.05393,0.00565,0.00478,0.98616,0.00341
79.00000,1.05394,0.00484,0.00521,0.98505,0.00491
79.10000,1.05394,0.00497,0.00426,0.98591,0.00486
79.20000,1.05394,0.00546,0.00494,0.98498,0.00463
79.30000,1.05393,0.00551,0.00516,0.98451,0.00482
79.40000,1.05393,0.00497,0.00493,0.98516,0.00494
79.50000,1.05394,0.00453,0.00550,0.98490,0.00508
79.60000,1.05394,0.00554,0.00557,0.98321,0.00567
79.70000,1.05394,0.00433,0.00503,0.98413,0.00650
79.80000,1.05393,0.00505,0.00451,0.98578,0.00467
79.90000,1.05393,0.00533,0.00490,0.98421,0.00556
80.00000,1.05394,0.00613,0.00444,0.98531,0.00413
80.10000,1.05394,0.00575,0.00477,0.98538,0.00410
80.20000,1.05394,0.00545,0.00402,0.98673,0.00380
80.30000,1.05393,0.00680,0.00386,0.98640,0.00294
80.40000,1.05393,0.00672,0.00342,0.98710,0.00276
80.50000,1.05394,0.00772,0.00406,0.98581,0.00241
80.60000,1.05394,0.00763,0.00376,0.98640,0.00221
80.70000,1.05394,0.00779,0.00433,0.98588,0.00200
80.80000,1.05393,0.00761,0.00489,0.98516,0.00235
80.90000,1.05393,0.00706,0.00426,0.98639,0.00229
81.00000,1.05394,0.00854,0.00583,0.98296,0.00266
81.10000,1.05394,0.00876,0.00661,0.98169,0.00295
81.20000,1.05394,0.00702,0.00451,0.98606,0.00240
81.30000,1.05393,0.00663,0.00484,0.98600,0.00253
81.40000,1.05393,0.00548,0.00381,0.98817,0.00254
81.50000,1.05394,0.00644,0.00447,0.98644,0.00265
81.60000,1.05394,0.00497,0.00394,0.98845,0.00264
81.70000,1.05394,0.00458,0.00427,0.98788,0.00326
81.80000,1.05393,0.00435,0.00369,0.98901,0.00296
81.90000,1.05393,0.00449,0.00355,0.98929,0.00267
82.00000,1.05394,0.00485,0.00352,0.98866,0.00297
82.10000,1.05394,0.00520,0.00397,0.98782,0.00301
82.20000,1.05394,0.00493,0.00363,0.98810,0.00335
82.30000,1.05393,0.00476,0.00363,0.98841,0.00320
82.40000,1.05393,0.00489,0.00354,0.98814,0.00343
82.50000,1.05394,0.00502,0.00270,0.98947,0.00281
82.60000,1.05394,0.00516,0.00215,0.99001,0.00269
82.70000,1.05394,0.00522,0.00215,0.98998,0.00265
82.80000,1.05393,0.00523,0.00288,0.98823,0.00366
82.90000,1.05393,0.00540,0.00260,0.98866,0.00333
83.00000,1.05394,0.00480,0.00268,0.98920,0.00333
83.10000,1.05394,0.00613,0.00292,0.98764,0.00331
83.20000,1.05394,0.00471,0.00325,0.98863,0.00341
83.30000,1.05393,0.00516,0.00332,0.98839,0.00313
83.40000,1.05393,0.00487,0.00344,0.98801,0.00368
83.50000,1.05394,0.00469,0.00403,0.98791,0.00337
83.60000,1.05394,0.00411,0.00376,0.98897,0.00316
83.70000,1.05394,0.00411,0.00303,0.99055,0.00231
83.80000,1.05393,0.00376,0.00242,0.99076,0.00306
83.90000,1.05393,0.00303,0.00182,0.99272,0.00243
84.00000,1.05394,0.00327,0.00196,0.99204,0.00272
84.10000,1.05394,0.00299,0.00267,0.99135,0.00298
84.20000,1.05394,0.00369,0.00229,0.99121,0.00281
84.30000,1.05393,0.00312,0.00237,0.99189,0.00261
84.40000,1.05393,0.00319,0.00283,0.99104,0.00294
84.50000,1.05394,0.00367,0.00378,0.98859,0.00397
84.60000,1.05394,0.00353,0.00438,0.98792,0.00417
84.70000,1.05394,0.00394,0.00462,0.98769,0.00375
84.80000,1.05393,0.00398,0.00542,0.98598,0.00462
84.90000,1.05393,0.00549,0.00704,0.98286,0.00461
85.00000,1.05394,0.00372,0.00499,0.98701,0.00427
85.10000,1.05394,0.00645,0.00537,0.98387,0.00431
85.20000,1.05394,0.00450,0.00429,0.98657,0.00464
85.30000,1.05393,0.00573,0.00461,0.98531,0.00436
85.40000,1.05393,0.00632,0.00521,0.98379,0.00468
85.50000,1.05394,0.00648,0.00384,0.98589,0.00378
85.60000,1.05394,0.00486,0.00323,0.98841,0.00350
85.70000,1.05394,0.00551,0.00213,0.98989,0.00247
85.80000,1.05393,0.00458,0.00198,0.99123,0.00221
85.90000,1.05393,0.00601,0.00168,0.99034,0.00197
86.00000,1.05394,0.00527,0.00195,0.99117,0.00161
86.10000,1.05394,0.00460,0.00175,0.99183,0.00181
86.20000,1.05394,0.00508,0.00221,0.99058,0.00213
86.30000,1.05393,0.00573,0.00231,0.98937,0.00258
86.40000,1.05393,0.00496,0.00239,0.99052,0.00213
86.50000,1.05394,0.00422,0.00279,0.99045,0.00254
86.60000,1.05394,0.00460,0.00232,0.99068,0.00240
86.70000,1.05394,0.00433,0.00421,0.98817,0.00329
86.80000,1.05393,0.00384,0.00446,0.98793,0.00377
86.90000,1.05393,0.00302,0.00311,0.99092,0.00294
87.00000,1.05394,0.00315,0.00289,0.99058,0.00338
87.10000,1.05394,0.00282,0.00301,0.99095,0.00322
87.20000,1.05394,0.00281,0.00268,0.99168,0.00282
87.30000,1.05393,0.00290,0.00256,0.99207,0.00247
87.40000,1.05393,0.00250,0.00255,0.99164,0.00330
87.50000,1.05394,0.00304,0.00282,0.99093,0.00322
87.60000,1.05394,0.00324,0.00270,0.98972,0.00434
87.70000,1.05394,0.00297,0.00221,0.99068,0.00414
87.80000,1.05393,0.00309,0.00296,0.98882,0.00513
87.90000,1.05393,0.00322,0.00261,0.98969,0.00448
88.00000,1.05394,0.00354,0.00296,0.98785,0.00565
88.10000,1.05394,0.00314,0.00226,0.98974,0.00485
88.20000,1.05394,0.00400,0.00279,0.98831,0.00490
88.30000,1.05393,0.00310,0.00261,0.98905,0.00524
88.40000,1.05393,0.00312,0.00266,0.98834,0.00589
88.50000,1.05394,0.00296,0.00228,0.99075,0.00401
88.60000,1.05394,0.00432,0.00361,0.98740,0.00467
88.70000,1.05394,0.00347,0.00423,0.98762,0.00469
88.80000,1.05393,0.00330,0.00377,0.98882,0.00412
88.90000,1.05393,0.00261,0.00388,0.98957,0.00394
89.00000,1.05394,0.00264,0.00364,0.99022,0.00349
89.10000,1.05394,0.00308,0.00712,0.98331,0.00650
89.20000,1.05394,0.00248,0.00370,0.99054,0.00328
89.30000,1.05393,0.00237,0.00608,0.98747,0.00408
89.40000,1.05393,0.00206,0.00387,0.99091,0.00316
89.50000,1.05394,0.00232,0.00565,0.98822,0.00381
89.60000,1.05394,0.00247,0.00446,0.99019,0.00288
89.70000,1.05394,0.00237,0.00421,0.99097,0.00245
89.80000,1.05393,0.00232,0.00448,0.99058,0.00261
89.90000,1.05393,0.00327,0.00603,0.98815,0.00255
90.00000,1.05394,0.00301,0.00529,0.98887,0.00282
90.10000,1.05394,0.00482,0.00884,0.98270,0.00364
90.20000,1.05394,0.00427,0.00617,0.98673,0.00283
90.30000,1.05393,0.00442,0.00632,0.98634,0.00292
90.40000,1.05393,0.00437,0.00499,0.98797,0.00268
90.50000,1.05394,0.00578,0.00727,0.98335,0.00360
90.60000,1.05394,0.00420,0.00410,0.98942,0.00229
90.70000,1.05394,0.00474,0.00440,0.98831,0.00256
90.80000,1.05393,0.00383,0.00370,0.99002,0.00245
90.90000,1.05393,0.00522,0.00713,0.98414,0.00351
91.00000,1.05394,0.00357,0.00285,0.99142,0.00217
91.10000,1.05394,0.00409,0.00367,0.98960,0.00264
91.20000,1.05394,0.00382,0.00357,0.99001,0.00260
91.30000,1.05393,0.00561,0.00533,0.98631,0.00275
91.40000,1.05393,0.00480,0.00364,0.98875,0.00280
91.50000,1.05394,0.00415,0.00370,0.98855,0.00360
91.60000,1.05394,0.00541,0.00559,0.98509,0.00391
91.70000,1.05394,0.00530,0.00638,0.98414,0.00418
91.80000,1.05393,0.00524,0.00501,0.98646,0.00329
91.90000,1.05393,0.00508,0.00478,0.98663,0.00351
92.00000,1.05394,0.00562,0.00596,0.98483,0.00359
92.10000,1.05394,0.00437,0.00382,0.98868,0.00312
92.20000,1.05394,0.00568,0.00478,0.98679,0.00275
92.30000,1.05393,0.00528,0.00336,0.98856,0.00279
92.40000,1.05393,0.00443,0.00289,0.99052,0.00216
92.50000,1.05394,0.00646,0.00342,0.98796,0.00215
92.60000,1.05394,0.00587,0.00321,0.98902,0.00191
92.70000,1.05394,0.00457,0.00272,0.99096,0.00175
92.80000,1.05393,0.00610,0.00368,0.98824,0.00197
92.90000,1.05393,0.00652,0.00429,0.98711,0.00209
93.00000,1.05394,0.00716,0.00422,0.98663,0.00199
93.10000,1.05394,0.00620,0.00457,0.98714,0.00209
93.20000,1.05394,0.00827,0.00839,0.98032,0.00301
93.30000,1.05393,0.00791,0.00970,0.97882,0.00357
93.40000,1.05393,0.00631,0.00651,0.98379,0.00339
93.50000,1.05394,0.00638,0.00724,0.98295,0.00342
93.60000,1.05394,0.00618,0.00587,0.98439,0.00357
93.70000,1.05394,0.00737,0.00691,0.98165,0.00408
93.80000,1.05393,0.00547,0.00457,0.98699,0.00297
93.90000,1.05393,0.00525,0.00474,0.98714,0.00287
94.00000,1.05394,0.00435,0.00329,0.98988,0.00247
94.10000,1.05394,0.00375,0.00304,0.99034,0.00287
94.20000,1.05394,0.00425,0.00287,0.99078,0.00210
94.30000,1.05393,0.00347,0.00200,0.99272,0.00181
94.40000,1.05393,0.00310,0.00264,0.99219,0.00207
94.50000,1.05394,0.00252,0.00148,0.99474,0.00126
94.60000,1.05394,0.00314,0.00247,0.99290,0.00150
94.70000,1.05394,0.00197,0.00102,0.99594,0.00107
94.80000,1.05393,0.00204,0.00167,0.99505,0.00124
94.90000,1.05393,0.00195,0.00117,0.99534,0.00154
95.00000,1.05394,0.00237,0.00178,0.99444,0.00140
95.10000,1.05394,0.00216,0.00118,0.99552,0.00115
95.20000,1.05394,0.00297,0.00232,0.99312,0.00159
95.30000,1.05393,0.00242,0.00165,0.99441,0.00151
95.40000,1.05393,0.00346,0.00291,0.99178,0.00185
95.50000,1.05394,0.00299,0.00151,0.99395,0.00155
95.60000,1.05394,0.00407,0.00254,0.99160,0.00179
95.70000,1.05394,0.00461,0.00317,0.99027,0.00196
95.80000,1.05393,0.00636,0.00292,0.98847,0.00225
95.90000,1.05393,0.00567,0.00246,0.99017,0.00169
96.00000,1.05394,0.00566,0.00222,0.99023,0.00189
96.10000,1.05394,0.00538,0.00254,0.99016,0.00192
96.20000,1.05394,0.00602,0.00269,0.98874,0.00256
96.30000,1.05393,0.00628,0.00346,0.98767,0.00259
96.40000,1.05393,0.00587,0.00296,0.98798,0.00320
96.50000,1.05394,0.00557,0.00356,0.98752,0.00336
96.60000,1.05394,0.00410,0.00319,0.98839,0.00432
96.70000,1.05394,0.00421,0.00422,0.98781,0.00376
96.80000,1.05393,0.00320,0.00275,0.99019,0.00386
96.90000,1.05393,0.00363,0.00505,0.98592,0.00539
97.00000,1.05394,0.00277,0.00240,0.98947,0.00536
97.10000,1.05394,0.00318,0.00261,0.98902,0.00520
97.20000,1.05394,0.00251,0.00180,0.99012,0.00558
97.30000,1.05393,0.00233,0.00205,0.98970,0.00591
97.40000,1.05393,0.00193,0.00142,0.99071,0.00594
97.50000,1.05394,0.00213,0.00185,0.99050,0.00551
97.60000,1.05394,0.00185,0.00165,0.99084,0.00565
97.70000,1.05394,0.00161,0.00170,0.99155,0.00514
97.80000,1.05393,0.00200,0.00209,0.98886,0.00705
97.90000,1.05393,0.00188,0.00248,0.99072,0.00492
98.00000,1.05394,0.00227,0.00239,0.99079,0.00455
98.10000,1.05394,0.00225,0.00372,0.98986,0.00416
98.20000,1.05394,0.00313,0.00524,0.98721,0.00442
98.30000,1.05393,0.00358,0.00657,0.98590,0.00394
98.40000,1.05393,0.00371,0.00674,0.98571,0.00384
98.50000,1.05394,0.00512,0.00777,0.98326,0.00384
98.60000,1.05394,0.00736,0.01260,0.97505,0.00499
98.70000,1.05394,0.00757,0.01154,0.97628,0.00460
98.80000,1.05393,0.00728,0.01074,0.97750,0.00448
98.90000,1.05393,0.00943,0.00854,0.97809,0.00394
99.00000,1.05394,0.00935,0.01198,0.97344,0.00523
99.10000,1.05394,0.00917,0.00955,0.97683,0.00445
99.20000,1.05394,0.00871,0.00939,0.97716,0.00474
99.30000,1.05393,0.00902,0.00644,0.97993,0.00461
99.40000,1.05393,0.00745,0.00820,0.97921,0.00514
99.50000,1.05394,0.00587,0.00334,0.98796,0.00283
99.60000,1.05394,0.00575,0.00447,0.98625,0.00354
99.70000,1.05394,0.00565,0.00358,0.98716,0.00361
99.80000,1.05393,0.00468,0.00387,0.98871,0.00274
99.90000,1.05393,0.00409,0.00261,0.99086,0.00245
100.00000,1.05394,0.00388,0.00284,0.99076,0.00252
100.10000,1.05394,0.00345,0.00196,0.99248,0.00210
100.20000,1.05394,0.00401,0.00273,0.99153,0.00172
100.30000,1.05393,0.00367,0.00257,0.99109,0.00267
100.40000,1.05393,0.00474,0.00405,0.98820,0.00300
100.50000,1.05394,0.00499,0.00396,0.98780,0.00325
100.60000,1.05394,0.00485,0.00398,0.98789,0.00328
100.70000,1.05394,0.00537,0.00344,0.98762,0.00358
100.80000,1.05393,0.00643,0.00588,0.98265,0.00504
100.90000,1.05393,0.00702,0.00623,0.98114,0.00561
101.00000,1.05394,0.00691,0.00650,0.98063,0.00597
101.10000,1.05394,0.00613,0.00482,0.98309,0.00597
101.20000,1.05394,0.00570,0.00417,0.98440,0.00574
101.30000,1.05393,0.00642,0.00355,0.98550,0.00453
101.40000,1.05393,0.00438,0.00252,0.98902,0.00408
101.50000,1.05394,0.00429,0.00216,0.98994,0.00361
101.60000,1.05394,0.00317,0.00192,0.99106,0.00385
101.70000,1.05394,0.00383,0.00228,0.99097,0.00292
101.80000,1.05393,0.00303,0.00167,0.99262,0.00268
101.90000,1.05393,0.00274,0.00174,0.99290,0.00262
102.00000,1.05394,0.00226,0.00171,0.99347,0.00256
102.10000,1.05394,0.00241,0.00189,0.99275,0.00295
102.20000,1.05394,0.00223,0.00173,0.99305,0.00300
102.30000,1.05393,0.00261,0.00211,0.99235,0.00292
102.40000,1.05393,0.00279,0.00222,0.99168,0.00332
102.50000,1.05394,0.00239,0.00274,0.99099,0.00387
102.60000,1.05394,0.00282,0.00292,0.98965,0.00461
102.70000,1.05394,0.00269,0.00248,0.99055,0.00428
102.80000,1.05393,0.00284,0.00225,0.99052,0.00439
102.90000,1.05393,0.00239,0.00197,0.99117,0.00448
103.00000,1.05394,0.00297,0.00272,0.98945,0.00486
103.10000,1.05394,0.00244,0.00202,0.99139,0.00416
103.20000,1.05394,0.00291,0.00280,0.98987,0.00441
103.30000,1.05393,0.00273,0.00235,0.99109,0.00383
103.40000,1.05393,0.00232,0.00183,0.99210,0.00375
103.50000,1.05394,0.00208,0.00162,0.99334,0.00296
103.60000,1.05394,0.00314,0.00229,0.99089,0.00367
103.70000,1.05394,0.00255,0.00231,0.99187,0.00327
103.80000,1.05393,0.00284,0.00207,0.99191,0.00317
103.90000,1.05393,0.00273,0.00251,0.99163,0.00312
104.00000,1.05394,0.00354,0.00327,0.98881,0.00438
104.10000,1.05394,0.00355,0.00269,0.98978,0.00398
104.20000,1.05394,0.00425,0.00228,0.98971,0.00375
104.30000,1.05393,0.00430,0.00293,0.98871,0.00407
104.40000,1.05393,0.00423,0.00258,0.98888,0.00431
104.50000,1.05394,0.00441,0.00227,0.98900,0.00432
104.60000,1.05394,0.00427,0.00153,0.99015,0.00405
104.70000,1.05394,0.00466,0.00211,0.98871,0.00451
104.80000,1.05393,0.00408,0.00139,0.99049,0.00405
104.90000,1.05393,0.00367,0.00156,0.99067,0.00410
105.00000,1.05394,0.00328,0.00106,0.99225,0.00341
105.10000,1.05394,0.00265,0.00157,0.99149,0.00428
105.20000,1.05394,0.00286,0.00114,0.99204,0.00397
105.30000,1.05393,0.00282,0.00156,0.99197,0.00365
105.40000,1.05393,0.00293,0.00164,0.99165,0.00379
105.50000,1.05394,0.00249,0.00244,0.99092,0.00415
105.60000,1.05394,0.00275,0.00213,0.99179,0.00333
105.70000,1.05394,0.00310,0.00296,0.99011,0.00383
105.80000,1.05393,0.00308,0.00274,0.99060,0.00358
105.90000,1.05393,0.00343,0.00391,0.98755,0.00511
106.00000,1.05394,0.00361,0.00310,0.98932,0.00397
106.10000,1.05394,0.00390,0.00397,0.98759,0.00455
106.20000,1.05394,0.00362,0.00297,0.98865,0.00477
106.30000,1.05393,0.00384,0.00272,0.98815,0.00529
106.40000,1.05393,0.00361,0.00277,0.98774,0.00588
106.50000,1.05394,0.00354,0.00325,0.98662,0.00659
106.60000,1.05394,0.00335,0.00205,0.98865,0.00595
106.70000,1.05394,0.00316,0.00212,0.98909,0.00563
106.80000,1.05393,0.00251,0.00128,0.99233,0.00388
106.90000,1.05393,0.00311,0.00180,0.99042,0.00467
107.00000,1.05394,0.00361,0.00140,0.99089,0.00410
107.10000,1.05394,0.00358,0.00146,0.99174,0.00321
107.20000,1.05394,0.00343,0.00147,0.99181,0.00329
107.30000,1.05393,0.00437,0.00182,0.99105,0.00275
107.40000,1.05393,0.00460,0.00140,0.99169,0.00231
107.50000,1.05394,0.00507,0.00171,0.99055,0.00267
107.60000,1.05394,0.00473,0.00157,0.99087,0.00282
107.70000,1.05394,0.00495,0.00202,0.99002,0.00301
107.80000,1.05393,0.00412,0.00141,0.99148,0.00299
107.90000,1.05393,0.00419,0.00189,0.99067,0.00325
108.00000,1.05394,0.00401,0.00168,0.99075,0.00355
108.10000,1.05394,0.00377,0.00235,0.99018,0.00370
108.20000,1.05394,0.00461,0.00207,0.98896,0.00437
108.30000,1.05393,0.00403,0.00210,0.99001,0.00386
108.40000,1.05393,0.00432,0.00219,0.98964,0.00384
108.50000,1.05394,0.00469,0.00340,0.98731,0.00460
108.60000,1.05394,0.00530,0.00326,0.98727,0.00417
108.70000,1.05394,0.00420,0.00273,0.98949,0.00359
108.80000,1.05393,0.00429,0.00244,0.98991,0.00336
108.90000,1.05393,0.00525,0.00281,0.98892,0.00302
109.00000,1.05394,0.00386,0.00201,0.99138,0.00275
109.10000,1.05394,0.00455,0.00214,0.99047,0.00284
109.20000,1.05394,0.00393,0.00142,0.99208,0.00257
109.30000,1.05393,0.00412,0.00162,0.99169,0.00257
109.40000,1.05393,0.00393,0.00132,0.99160,0.00315
109.50000,1.05394,0.00490,0.00147,0.99065,0.00298
109.60000,1.05394,0.00410,0.00118,0.99096,0.00376
109.70000,1.05394,0.00482,0.00135,0.99062,0.00321
109.80000,1.05393,0.00510,0.00144,0.98976,0.00371
109.90000,1.05393,0.00558,0.00186,0.98860,0.00396
110.00000,1.05394,0.00522,0.00165,0.98949,0.00363
110.10000,1.05394,0.00538,0.00255,0.98815,0.00392
110.20000,1.05394,0.00591,0.00269,0.98728,0.00412
110.30000,1.05393,0.00491,0.00248,0.98951,0.00310
110.40000,1.05393,0.00550,0.00251,0.98907,0.00292
110.50000,1.05394,0.00569,0.00337,0.98691,0.00403
110.60000,1.05394,0.00563,0.00268,0.98839,0.00329
110.70000,1.05394,0.00570,0.00297,0.98784,0.00349
110.80000,1.05393,0.00724,0.00353,0.98495,0.00428
110.90000,1.05393,0.00627,0.00229,0.98752,0.00392
111.00000,1.05394,0.00646,0.00238,0.98751,0.00365
111.10000,1.05394,0.00478,0.00181,0.99041,0.00300
111.20000,1.05394,0.00544,0.00230,0.98889,0.00337
111.30000,1.05393,0.00604,0.00188,0.98940,0.00269
111.40000,1.05393,0.00599,0.00239,0.98802,0.00360
111.50000,1.05394,0.00459,0.00180,0.99062,0.00299
111.60000,1.05394,0.00646,0.00311,0.98703,0.00341
111.70000,1.05394,0.00475,0.00289,0.98934,0.00303
111.80000,1.05393,0.00564,0.00342,0.98769,0.00326
111.90000,1.05393,0.00541,0.00322,0.98813,0.00324
112.00000,1.05394,0.00584,0.00396,0.98623,0.00396
112.10000,1.05394,0.00434,0.00367,0.98851,0.00348
112.20000,1.05394,0.00509,0.00352,0.98784,0.00354
112.30000,1.05393,0.00427,0.00278,0.98972,0.00324
112.40000,1.05393,0.00459,0.00303,0.98867,0.00370
112.50000,1.05394,0.00435,0.00301,0.98795,0.00470
112.60000,1.05394,0.00486,0.00341,0.98684,0.00490
112.70000,1.05394,0.00474,0.00322,0.98799,0.00406
112.80000,1.05393,0.00498,0.00390,0.98703,0.00409
112.90000,1.05393,0.00632,0.00457,0.98364,0.00547
113.00000,1.05394,0.00714,0.00437,0.98258,0.00591
113.10000,1.05394,0.00936,0.00441,0.98186,0.00438
113.20000,1.05394,0.00783,0.00403,0.98394,0.00420
113.30000,1.05393,0.01053,0.00446,0.98127,0.00374
113.40000,1.05393,0.01011,0.00414,0.98225,0.00350
113.50000,1.05394,0.01192,0.00462,0.98012,0.00334
113.60000,1.05394,0.01189,0.00426,0.98056,0.00329
113.70000,1.05394,0.01242,0.00466,0.97932,0.00359
113.80000,1.05393,0.01142,0.00396,0.98162,0.00300
113.90000,1.05393,0.01024,0.00342,0.98363,0.00271
114.00000,1.05394,0.01097,0.00443,0.98140,0.00320
114.10000,1.05394,0.00958,0.00431,0.98188,0.00423
114.20000,1.05394,0.01055,0.00501,0.98015,0.00429
114.30000,1.05393,0.00797,0.00451,0.98308,0.00443
114.40000,1.05393,0.00796,0.00403,0.98388,0.00412
114.50000,1.05394,0.00955,0.00536,0.98043,0.00466
114.60000,1.05394,0.00984,0.00533,0.97976,0.00508
114.70000,1.05394,0.00842,0.00469,0.98207,0.00482
114.80000,1.05393,0.00730,0.00441,0.98204,0.00625
114.90000,1.05393,0.00795,0.00411,0.98279,0.00515
115.00000,1.05394,0.00850,0.00411,0.98203,0.00537
115.10000,1.05394,0.00851,0.00457,0.98175,0.00516
115.20000,1.05394,0.00847,0.00429,0.98160,0.00564
115.30000,1.05393,0.00748,0.00420,0.98185,0.00647
115.40000,1.05393,0.00923,0.00462,0.98007,0.00609
115.50000,1.05394,0.00899,0.00480,0.98019,0.00602
115.60000,1.05394,0.01076,0.00702,0.97600,0.00621
115.70000,1.05394,0.00969,0.00537,0.97825,0.00669
115.80000,1.05393,0.00890,0.00543,0.97878,0.00689
115.90000,1.05393,0.01027,0.00672,0.97506,0.00796
116.00000,1.05394,0.00866,0.00689,0.97722,0.00724
116.10000,1.05394,0.01128,0.00609,0.97537,0.00726
116.20000,1.05394,0.00812,0.00544,0.98172,0.00472
116.30000,1.05393,0.01014,0.00686,0.97758,0.00542
116.40000,1.05393,0.00876,0.00651,0.97886,0.00587
116.50000,1.05394,0.00798,0.00489,0.98106,0.00608
116.60000,1.05394,0.00736,0.00365,0.98463,0.00436
116.70000,1.05394,0.00754,0.00386,0.98375,0.00485
116.80000,1.05393,0.00776,0.00358,0.98459,0.00408
116.90000,1.05393,0.00605,0.00341,0.98540,0.00514
117.00000,1.05394,0.00651,0.00336,0.98507,0.00507
117.10000,1.05394,0.00508,0.00273,0.98728,0.00492
117.20000,1.05394,0.00581,0.00256,0.98711,0.00452
117.30000,1.05393,0.00613,0.00265,0.98710,0.00413
117.40000,1.05393,0.00592,0.00264,0.98741,0.00404
117.50000,1.05394,0.00401,0.00256,0.98903,0.00440
117.60000,1.05394,0.00481,0.00320,0.98799,0.00400
117.70000,1.05394,0.00413,0.00279,0.98898,0.00411
117.80000,1.05393,0.00419,0.00368,0.98648,0.00565
117.90000,1.05393,0.00422,0.00401,0.98680,0.00497
118.00000,1.05394,0.00428,0.00478,0.98529,0.00566
118.10000,1.05394,0.00449,0.00399,0.98740,0.00412
118.20000,1.05394,0.00428,0.00488,0.98587,0.00497
118.30000,1.05393,0.00446,0.00477,0.98682,0.00395
118.40000,1.05393,0.00444,0.00582,0.98490,0.00484
118.50000,1.05394,0.00475,0.00411,0.98772,0.00343
118.60000,1.05394,0.00561,0.00638,0.98435,0.00365
118.70000,1.05394,0.00555,0.00513,0.98627,0.00304
118.80000,1.05393,0.00671,0.00655,0.98392,0.00283
118.90000,1.05393,0.00559,0.00507,0.98630,0.00304
119.00000,1.05394,0.00630,0.00472,0.98606,0.00292
119.10000,1.05394,0.00610,0.00506,0.98578,0.00306
119.20000,1.05394,0.00746,0.00435,0.98515,0.00305
119.30000,1.05393,0.00899,0.00538,0.98241,0.00321
119.40000,1.05393,0.01158,0.00524,0.97990,0.00328
119.50000,1.05394,0.00936,0.00475,0.98265,0.00324
119.60000,1.05394,0.01345,0.00513,0.97785,0.00356
119.70000,1.05394,0.01161,0.00447,0.98083,0.00310
119.80000,1.05393,0.01064,0.00304,0.98263,0.00368
119.90000,1.05393,0.00893,0.00242,0.98532,0.00333
120.00000,1.05394,0.00830,0.00207,0.98545,0.00418
120.10000,1.05394,0.00792,0.00221,0.98483,0.00503
120.20000,1.05394,0.00646,0.00198,0.98592,0.00564
120.30000,1.05393,0.00482,0.00171,0.98771,0.00576
120.40000,1.05393,0.00388,0.00156,0.98795,0.00661
120.50000,1.05394,0.00364,0.00107,0.99002,0.00527
120.60000,1.05394,0.00397,0.00184,0.98664,0.00755
120.70000,1.05394,0.00424,0.00207,0.98648,0.00721
120.80000,1.05393,0.00506,0.00288,0.98421,0.00786
120.90000,1.05393,0.00530,0.00319,0.98344,0.00807
121.00000,1.05394,0.00526,0.00450,0.98180,0.00843
121.10000,1.05394,0.00645,0.00346,0.98334,0.00675
121.20000,1.05394,0.00768,0.00312,0.98400,0.00521
121.30000,1.05393,0.00715,0.00285,0.98504,0.00495
121.40000,1.05393,0.00858,0.00245,0.98480,0.00417
121.50000,1.05394,0.00921,0.00242,0.98489,0.00348
121.60000,1.05394,0.00933,0.00170,0.98570,0.00326
121.70000,1.05394,0.00906,0.00146,0.98612,0.00336
121.80000,1.05393,0.00870,0.00127,0.98727,0.00276
121.90000,1.05393,0.00801,0.00087,0.98904,0.00208
122.00000,1.05394,0.00746,0.00113,0.98923,0.00217
122.10000,1.05394,0.00710,0.00094,0.98968,0.00228
122.20000,1.05394,0.00593,0.00116,0.99048,0.00242
122.30000,1.05393,0.00717,0.00091,0.98993,0.00199
122.40000,1.05393,0.00683,0.00111,0.99007,0.00200
122.50000,1.05394,0.00713,0.00099,0.98976,0.00213
122.60000,1.05394,0.00656,0.00132,0.98987,0.00225
122.70000,1.05394,0.00706,0.00121,0.98984,0.00188
122.80000,1.05393,0.00736,0.00121,0.98864,0.00278
122.90000,1.05393,0.00841,0.00160,0.98692,0.00307
123.00000,1.05394,0.00818,0.00135,0.98693,0.00353
123.10000,1.05394,0.00723,0.00146,0.98783,0.00348
123.20000,1.05394,0.00773,0.00120,0.98781,0.00327
123.30000,1.05393,0.00573,0.00162,0.98843,0.00423
123.40000,1.05393,0.00671,0.00179,0.98667,0.00482
123.50000,1.05394,0.00490,0.00127,0.98921,0.00462
123.60000,1.05394,0.00610,0.00148,0.98749,0.00493
123.70000,1.05394,0.00545,0.00154,0.98841,0.00459
123.80000,1.05393,0.00471,0.00141,0.98900,0.00488
123.90000,1.05393,0.00458,0.00140,0.98924,0.00478
124.00000,1.05394,0.00436,0.00144,0.98825,0.00595
124.10000,1.05394,0.00449,0.00133,0.98899,0.00519
124.20000,1.05394,0.00485,0.00141,0.98672,0.00701
124.30000,1.05393,0.00475,0.00124,0.98749,0.00651
124.40000,1.05393,0.00594,0.00194,0.98152,0.01059
124.50000,1.05394,0.00452,0.00164,0.98633,0.00751
124.60000,1.05394,0.00579,0.00170,0.98289,0.00961
124.70000,1.05394,0.00501,0.00197,0.98370,0.00932
124.80000,1.05393,0.00547,0.00158,0.98394,0.00900
124.90000,1.05393,0.00617,0.00218,0.98134,0.01031
125.00000,1.05394,0.00478,0.00152,0.98637,0.00733
125.10000,1.05394,0.00550,0.00217,0.98286,0.00947
125.20000,1.05394,0.00414,0.00173,0.98697,0.00716
125.30000,1.05393,0.00472,0.00182,0.98625,0.00721
125.40000,1.05393,0.00418,0.00189,0.98874,0.00519
125.50000,1.05394,0.00480,0.00214,0.98598,0.00708
125.60000,1.05394,0.00370,0.00204,0.98820,0.00605
125.70000,1.05394,0.00387,0.00197,0.98833,0.00582
125.80000,1.05393,0.00412,0.00192,0.98905,0.00492
125.90000,1.05393,0.00396,0.00164,0.98892,0.00547
126.00000,1.05394,0.00518,0.00215,0.98616,0.00652
126.10000,1.05394,0.00418,0.00137,0.98976,0.00470
126.20000,1.05394,0.00451,0.00183,0.98720,0.00646
126.30000,1.05393,0.00475,0.00126,0.98831,0.00568
126.40000,1.05393,0.00524,0.00129,0.98761,0.00587
126.50000,1.05394,0.00429,0.00101,0.98973,0.00497
126.60000,1.05394,0.00493,0.00148,0.98764,0.00595
126.70000,1.05394,0.00508,0.00143,0.98824,0.00525
126.80000,1.05393,0.00513,0.00127,0.98889,0.00471
126.90000,1.05393,0.00469,0.00153,0.98957,0.00421
127.00000,1.05394,0.00480,0.00170,0.98935,0.00415
127.10000,1.05393,0.00514,0.00140,0.99004,0.00342
127.20000,1.05394,0.00547,0.00176,0.98915,0.00362
127.30000,1.05394,0.00574,0.00182,0.98933,0.00311
127.40000,1.05393,0.00530,0.00195,0.98955,0.00320
127.50000,1.05394,0.00620,0.00225,0.98834,0.00321
127.60000,1.05393,0.00596,0.00170,0.98978,0.00256
127.70000,1.05394,0.00739,0.00332,0.98573,0.00356
127.80000,1.05394,0.00714,0.00212,0.98751,0.00322
127.90000,1.05393,0.00800,0.00403,0.98370,0.00427
128.00000,1.05394,0.00963,0.00436,0.98074,0.00528
128.10001,1.05392,0.00910,0.00517,0.97920,0.00653
128.20000,1.05394,0.00977,0.00319,0.98171,0.00533
128.30000,1.05394,0.00869,0.00430,0.97820,0.00882
128.39999,1.05394,0.00721,0.00241,0.98408,0.00631
128.50000,1.05394,0.00789,0.00286,0.98105,0.00820
128.60001,1.05392,0.00693,0.00218,0.98201,0.00888
128.70000,1.05394,0.00720,0.00276,0.97867,0.01136
128.80000,1.05394,0.00544,0.00168,0.98430,0.00859
128.89999,1.05394,0.00474,0.00155,0.98442,0.00929
129.00000,1.05394,0.00399,0.00145,0.98562,0.00894
129.10001,1.05392,0.00358,0.00170,0.98355,0.01117
129.20000,1.05394,0.00352,0.00206,0.98468,0.00974
129.30000,1.05394,0.00340,0.00236,0.98380,0.01043
129.39999,1.05394,0.00328,0.00233,0.98479,0.00960
129.50000,1.05394,0.00372,0.00238,0.98390,0.01000
129.60001,1.05392,0.00291,0.00232,0.98330,0.01147
129.70000,1.05394,0.00328,0.00236,0.98118,0.01318
129.80000,1.05394,0.00272,0.00200,0.98553,0.00974
129.89999,1.05394,0.00346,0.00253,0.98360,0.01041
130.00000,1.05394,0.00321,0.00208,0.98531,0.00940
130.10001,1.05392,0.00256,0.00174,0.98872,0.00698
130.20000,1.05394,0.00284,0.00132,0.99028,0.00555
130.30000,1.05394,0.00256,0.00104,0.99135,0.00505
130.39999,1.05394,0.00267,0.00100,0.99203,0.00430
130.50000,1.05394,0.00254,0.00101,0.99234,0.00411
130.60001,1.05392,0.00340,0.00132,0.99133,0.00396
130.70000,1.05394,0.00346,0.00141,0.99109,0.00404
130.80000,1.05394,0.00331,0.00136,0.99155,0.00378
130.89999,1.05394,0.00422,0.00188,0.99015,0.00375
131.00000,1.05394,0.00438,0.00193,0.98989,0.00380
131.10001,1.05392,0.00437,0.00250,0.98859,0.00453
131.20000,1.05394,0.00358,0.00185,0.99012,0.00445
131.30000,1.05394,0.00452,0.00249,0.99031,0.00267
131.39999,1.05394,0.00380,0.00160,0.99223,0.00236
131.50000,1.05394,0.00382,0.00229,0.99181,0.00209
131.60001,1.05392,0.00412,0.00196,0.99163,0.00229
131.70000,1.05394,0.00439,0.00200,0.99169,0.00192
131.80000,1.05394,0.00329,0.00150,0.99351,0.00170
131.89999,1.05394,0.00411,0.00171,0.99250,0.00168
132.00000,1.05394,0.00339,0.00132,0.99391,0.00138
132.10001,1.05392,0.00460,0.00191,0.99168,0.00181
132.20000,1.05394,0.00350,0.00152,0.99314,0.00183
132.30000,1.05394,0.00396,0.00188,0.99203,0.00213
132.39999,1.05394,0.00343,0.00143,0.99343,0.00171
132.50000,1.05394,0.00533,0.00195,0.99020,0.00251
132.60001,1.05392,0.00462,0.00179,0.99150,0.00209
132.70000,1.05394,0.00463,0.00205,0.99078,0.00254
132.80000,1.05394,0.00503,0.00245,0.98989,0.00262
132.89999,1.05394,0.00454,0.00207,0.99080,0.00259
133.00000,1.05394,0.00552,0.00281,0.98884,0.00284
133.10001,1.05392,0.00409,0.00184,0.99167,0.00240
133.20000,1.05394,0.00484,0.00265,0.98990,0.00261
133.30000,1.05394,0.00377,0.00237,0.99145,0.00241
133.39999,1.05394,0.00453,0.00245,0.99062,0.00240
133.50000,1.05394,0.00398,0.00194,0.99143,0.00265
133.60001,1.05392,0.00380,0.00162,0.99233,0.00225
133.70000,1.05394,0.00344,0.00185,0.99217,0.00254
133.80000,1.05394,0.00446,0.00210,0.99097,0.00247
133.89999,1.05394,0.00473,0.00206,0.99053,0.00268
134.00000,1.05394,0.00504,0.00287,0.98842,0.00367
134.10001,1.05392,0.00426,0.00144,0.99083,0.00347
134.20000,1.05394,0.00454,0.00194,0.98908,0.00444
134.30000,1.05394,0.00506,0.00174,0.99008,0.00312
134.39999,1.05394,0.00579,0.00247,0.98732,0.00443
134.50000,1.05394,0.00464,0.00184,0.98964,0.00388
134.60001,1.05392,0.00517,0.00202,0.98777,0.00504
134.70000,1.05394,0.00487,0.00186,0.98968,0.00360
134.80000,1.05394,0.00693,0.00362,0.98385,0.00559
134.89999,1.05394,0.00551,0.00300,0.98711,0.00438
135.00000,1.05394,0.00526,0.00305,0.98671,0.00498
135.10001,1.05392,0.00514,0.00297,0.98805,0.00384
135.20000,1.05394,0.00535,0.00220,0.98895,0.00350
135.30000,1.05394,0.00486,0.00213,0.98914,0.00387
135.39999,1.05394,0.00555,0.00200,0.98935,0.00311
135.50000,1.05394,0.00481,0.00198,0.98984,0.00337
135.60001,1.05392,0.00418,0.00150,0.99084,0.00348
135.70000,1.05394,0.00469,0.00171,0.99032,0.00327
135.80000,1.05394,0.00423,0.00177,0.99017,0.00383
135.89999,1.05394,0.00552,0.00181,0.98930,0.00338
136.00000,1.05394,0.00477,0.00218,0.98908,0.00397
136.10001,1.05392,0.00419,0.00187,0.99050,0.00344
136.20000,1.05394,0.00440,0.00251,0.98942,0.00367
136.30000,1.05394,0.00392,0.00165,0.99190,0.00253
136.39999,1.05394,0.00357,0.00151,0.99170,0.00323
136.50000,1.05394,0.00441,0.00169,0.99123,0.00267
136.60001,1.05392,0.00504,0.00186,0.98999,0.00311
136.70000,1.05394,0.00451,0.00171,0.99054,0.00323
136.80000,1.05394,0.00524,0.00189,0.98874,0.00413
136.89999,1.05394,0.00545,0.00168,0.98901,0.00385
137.00000,1.05394,0.00602,0.00173,0.98666,0.00559
137.10001,1.05392,0.00514,0.00151,0.98723,0.00612
137.20000,1.05394,0.00623,0.00179,0.98476,0.00722
137.30000,1.05394,0.00754,0.00214,0.98140,0.00892
137.39999,1.05394,0.00981,0.00254,0.98045,0.00720
137.50000,1.05394,0.00830,0.00247,0.98303,0.00620
137.60001,1.05392,0.00951,0.00311,0.98139,0.00599
137.70000,1.05394,0.01075,0.00388,0.97943,0.00594
137.80000,1.05394,0.00921,0.00329,0.98278,0.00472
137.89999,1.05394,0.00929,0.00366,0.98347,0.00358
138.00000,1.05394,0.01086,0.00435,0.98146,0.00334
138.10001,1.05392,0.01355,0.00533,0.97856,0.00256
138.20000,1.05394,0.01195,0.00454,0.98134,0.00218
138.30000,1.05394,0.01211,0.00428,0.98185,0.00175
138.39999,1.05394,0.01113,0.00409,0.98276,0.00202
138.50000,1.05394,0.01290,0.00511,0.97977,0.00222
138.60001,1.05392,0.01120,0.00402,0.98266,0.00213
138.70000,1.05394,0.01433,0.00557,0.97809,0.00201
138.80000,1.05394,0.01514,0.00576,0.97704,0.00206
138.89999,1.05394,0.01702,0.00708,0.97355,0.00235
139.00000,1.05394,0.01328,0.00589,0.97821,0.00262
139.10001,1.05392,0.01627,0.00711,0.97454,0.00209
139.20000,1.05394,0.01264,0.00504,0.98000,0.00232
139.30000,1.05394,0.01555,0.00657,0.97524,0.00264
139.39999,1.05394,0.01184,0.00427,0.98194,0.00195
139.50000,1.05394,0.01421,0.00561,0.97794,0.00223
139.60001,1.05392,0.01355,0.00501,0.97895,0.00249
139.70000,1.05394,0.01384,0.00607,0.97757,0.00252
139.80000,1.05394,0.01486,0.00561,0.97677,0.00275
139.89999,1.05394,0.01652,0.00738,0.97303,0.00308
140.00000,1.05394,0.01577,0.00808,0.97306,0.00309
140.10001,1.05392,0.01565,0.00843,0.97187,0.00405
140.20000,1.05394,0.01671,0.00798,0.97173,0.00358
140.30000,1.05394,0.01553,0.00799,0.97300,0.00348
140.39999,1.05394,0.01478,0.00735,0.97402,0.00385
140.50000,1.05394,0.01626,0.00724,0.97258,0.00392
140.60001,1.05392,0.01327,0.00620,0.97707,0.00346
140.70000,1.05394,0.01644,0.00863,0.97132,0.00361
140.80000,1.05394,0.01599,0.00836,0.97193,0.00372
140.89999,1.05394,0.01226,0.00635,0.97829,0.00311
141.00000,1.05394,0.01444,0.00611,0.97667,0.00278
141.10001,1.05392,0.01480,0.00537,0.97749,0.00234
141.20000,1.05394,0.01735,0.00616,0.97411,0.00238
141.30000,1.05394,0.01586,0.00616,0.97579,0.00219
141.39999,1.05394,0.01701,0.00657,0.97398,0.00245
141.50000,1.05394,0.01190,0.00418,0.98215,0.00177
141.60001,1.05392,0.01553,0.00496,0.97745,0.00206
141.70000,1.05394,0.01376,0.00532,0.97880,0.00212
141.80000,1.05394,0.01472,0.00512,0.97790,0.00226
141.89999,1.05394,0.01212,0.00367,0.98172,0.00248
142.00000,1.05394,0.01234,0.00530,0.97944,0.00291
142.10001,1.05392,0.01419,0.00475,0.97823,0.00283
142.20000,1.05394,0.01532,0.00587,0.97553,0.00328
142.30000,1.05394,0.01495,0.00543,0.97549,0.00413
142.39999,1.05394,0.01433,0.00694,0.97416,0.00457
142.50000,1.05394,0.01822,0.00562,0.97234,0.00381
142.60001,1.05392,0.01487,0.00593,0.97559,0.00361
142.70000,1.05394,0.02001,0.00688,0.96923,0.00388
142.80000,1.05394,0.01778,0.00647,0.97147,0.00427
142.89999,1.05394,0.02033,0.00936,0.96618,0.00413
143.00000,1.05394,0.01836,0.00751,0.97023,0.00390
143.10001,1.05392,0.01952,0.00856,0.96812,0.00380
143.20000,1.05394,0.01852,0.00809,0.96967,0.00372
143.30000,1.05394,0.01973,0.00708,0.97016,0.00304
143.39999,1.05394,0.01737,0.00846,0.97067,0.00350
143.50000,1.05394,0.01704,0.00628,0.97375,0.00293
143.60001,1.05392,0.01497,0.00685,0.97496,0.00322
143.70000,1.05394,0.01050,0.00360,0.98279,0.00311
143.80000,1.05394,0.00764,0.00330,0.98642,0.00265
143.89999,1.05394,0.00659,0.00210,0.98812,0.00319
144.00000,1.05394,0.00623,0.00254,0.98744,0.00379
144.10001,1.05392,0.00489,0.00147,0.99010,0.00353
144.20000,1.05394,0.00469,0.00206,0.98839,0.00486
144.30000,1.05394,0.00389,0.00169,0.99063,0.00379
144.39999,1.05394,0.00323,0.00155,0.99062,0.00460
144.50000,1.05394,0.00308,0.00129,0.99111,0.00452
144.60001,1.05392,0.00493,0.00278,0.98601,0.00628
144.70000,1.05394,0.00412,0.00294,0.98649,0.00645
144.80000,1.05394,0.00504,0.00295,0.98759,0.00442
144.89999,1.05394,0.00453,0.00312,0.98881,0.00355
145.00000,1.05394,0.00537,0.00306,0.98793,0.00364
145.10001,1.05392,0.00620,0.00419,0.98601,0.00360
145.20000,1.05394,0.00707,0.00359,0.98536,0.00397
145.30000,1.05394,0.00750,0.00573,0.98304,0.00373
145.39999,1.05394,0.00963,0.00494,0.98165,0.00377
145.50000,1.05394,0.00964,0.00669,0.97946,0.00421
145.60001,1.05392,0.01141,0.00580,0.97890,0.00389
145.70000,1.05394,0.01081,0.00816,0.97531,0.00572
145.80000,1.05394,0.01958,0.00865,0.96332,0.00845
145.89999,1.05394,0.03530,0.00827,0.94174,0.01469
146.00000,1.05394,0.06864,0.01470,0.87726,0.03940
146.10001,1.05392,0.10657,0.01110,0.77343,0.10890
146.20000,1.05394,0.13665,0.01130,0.55251,0.29954
146.30000,1.05394,0.17226,0.00737,0.32204,0.49833
146.39999,1.05394,0.17961,0.00644,0.18435,0.62960
146.50000,1.05394,0.13202,0.00235,0.08634,0.77929
146.60001,1.05392,0.11349,0.00174,0.04723,0.83754
146.70000,1.05394,0.09711,0.00102,0.02174,0.88012
146.80000,1.05394,0.09156,0.00094,0.01572,0.89178
146.89999,1.05394,0.09517,0.00077,0.01318,0.89087
147.00000,1.05394,0.14617,0.00105,0.01668,0.83610
147.10001,1.05392,0.23390,0.00169,0.02445,0.73996
147.20000,1.05394,0.32902,0.00159,0.02319,0.64620
147.30000,1.05394,0.30859,0.00141,0.02440,0.66560
147.39999,1.05394,0.35061,0.00155,0.02157,0.62626
147.50000,1.05394,0.38695,0.00119,0.01473,0.59713
147.60001,1.05392,0.40927,0.00134,0.01561,0.57377
147.70000,1.05394,0.35941,0.00123,0.01235,0.62701
147.80000,1.05394,0.37076,0.00123,0.01103,0.61698
147.89999,1.05394,0.35116,0.00095,0.00924,0.63865
148.00000,1.05394,0.33783,0.00098,0.01009,0.65109
148.10001,1.05392,0.32128,0.00103,0.01068,0.66700
148.20000,1.05394,0.27792,0.00125,0.01054,0.71028
148.30000,1.05394,0.35762,0.00132,0.01104,0.63001
148.39999,1.05394,0.31393,0.00129,0.01034,0.67444
148.50000,1.05394,0.33730,0.00134,0.01077,0.65058
148.60001,1.05392,0.30586,0.00135,0.01090,0.68188
148.70000,1.05394,0.32313,0.00136,0.01154,0.66397
148.80000,1.05394,0.36057,0.00121,0.01113,0.62709
148.89999,1.05394,0.35964,0.00101,0.01194,0.62741
149.00000,1.05394,0.41742,0.00109,0.01134,0.57015
149.10001,1.05392,0.42094,0.00109,0.01149,0.56648
149.20000,1.05394,0.42604,0.00101,0.01118,0.56178
149.30000,1.05394,0.40789,0.00110,0.01066,0.58035
149.39999,1.05394,0.41782,0.00119,0.01066,0.57033
149.50000,1.05394,0.41067,0.00119,0.01115,0.57699
149.60001,1.05392,0.42126,0.00115,0.01182,0.56578
149.70000,1.05394,0.41237,0.00153,0.01345,0.57265
149.80000,1.05394,0.36505,0.00195,0.01356,0.61944
149.89999,1.05394,0.37183,0.00184,0.01179,0.61454
150.00000,1.05394,0.33533,0.00143,0.01130,0.65193
150.10001,1.05392,0.33029,0.00134,0.01085,0.65751
150.20000,1.05394,0.35125,0.00131,0.01146,0.63597
150.30000,1.05394,0.34216,0.00136,0.01091,0.64557
150.39999,1.05394,0.32591,0.00126,0.01066,0.66216
150.50000,1.05394,0.32260,0.00146,0.01123,0.66471
150.60001,1.05392,0.31382,0.00117,0.01066,0.67436
150.70000,1.05394,0.29892,0.00119,0.01020,0.68969
150.80000,1.05394,0.29897,0.00141,0.01035,0.68927
150.89999,1.05394,0.25584,0.00155,0.01038,0.73223
151.00000,1.05394,0.28494,0.00164,0.01065,0.70277
151.10001,1.05392,0.30595,0.00163,0.01018,0.68225
151.20000,1.05394,0.32189,0.00159,0.01059,0.66593
151.30000,1.05394,0.28260,0.00149,0.00985,0.70606
151.39999,1.05394,0.30244,0.00150,0.01056,0.68550
151.50000,1.05394,0.34702,0.00184,0.01101,0.64012
151.60001,1.05392,0.41968,0.00170,0.01156,0.56706
151.70000,1.05394,0.37008,0.00126,0.01180,0.61687
151.80000,1.05394,0.41532,0.00113,0.01209,0.57145
151.89999,1.05394,0.38446,0.00108,0.01204,0.60241
152.00000,1.05394,0.42379,0.00104,0.01166,0.56351
152.10001,1.05392,0.37611,0.00105,0.01081,0.61202
152.20000,1.05394,0.38535,0.00103,0.01065,0.60297
152.30000,1.05394,0.37128,0.00110,0.01100,0.61662
152.39999,1.05394,0.33904,0.00101,0.01049,0.64946
152.50000,1.05394,0.30209,0.00111,0.01183,0.68497
152.60001,1.05392,0.27484,0.00129,0.01173,0.71214
152.70000,1.05394,0.27566,0.00138,0.01101,0.71194
152.80000,1.05394,0.26468,0.00133,0.01011,0.72387
152.89999,1.05394,0.29178,0.00141,0.01076,0.69605
153.00000,1.05394,0.28246,0.00144,0.01112,0.70499
153.10001,1.05392,0.27353,0.00128,0.01101,0.71418
153.20000,1.05394,0.26707,0.00122,0.01065,0.72106
153.30000,1.05394,0.24357,0.00116,0.01016,0.74511
153.39999,1.05394,0.29416,0.00131,0.01153,0.69300
153.50000,1.05394,0.28418,0.00141,0.01155,0.70286
153.60001,1.05392,0.30917,0.00123,0.01063,0.67897
153.70000,1.05394,0.26681,0.00137,0.01111,0.72071
153.80000,1.05394,0.27485,0.00123,0.00996,0.71396
153.89999,1.05394,0.21423,0.00126,0.01072,0.77378
154.00000,1.05394,0.25695,0.00111,0.00953,0.73241
154.10001,1.05392,0.24387,0.00121,0.01030,0.74462
154.20000,1.05394,0.26183,0.00105,0.00833,0.72878
154.30000,1.05394,0.23430,0.00110,0.00791,0.75669
154.39999,1.05394,0.25684,0.00122,0.00849,0.73345
154.50000,1.05394,0.17278,0.00103,0.00891,0.81728
154.60001,1.05392,0.23238,0.00083,0.00669,0.76011
154.70000,1.05394,0.23288,0.00100,0.00830,0.75783
154.80000,1.05394,0.22126,0.00111,0.00788,0.76975
154.89999,1.05394,0.29608,0.00107,0.00904,0.69381
155.00000,1.05394,0.28195,0.00114,0.00839,0.70852
155.10001,1.05392,0.27977,0.00128,0.00943,0.70953
155.20000,1.05394,0.24608,0.00106,0.00838,0.74447
