Time (seconds), Duration (seconds),pred_(unlabeled),pred_brushing_teeth,pred_hair_drying,pred_showering
0.00000,1.02194,1.00000,0.00000,0.00000,0.00000
0.14000,1.02194,1.00000,0.00000,0.00000,0.00000
0.28000,1.02194,1.00000,0.00000,0.00000,0.00000
0.42000,1.02194,1.00000,0.00000,0.00000,0.00000
0.56000,1.02194,1.00000,0.00000,0.00000,0.00000
0.70000,1.02194,1.00000,0.00000,0.00000,0.00000
0.84000,1.02194,1.00000,0.00000,0.00000,0.00000
0.98000,1.02194,1.00000,0.00000,0.00000,0.00000
1.12000,1.02194,0.99999,0.00000,0.00000,0.00001
1.26000,1.02194,0.99981,0.00000,0.00002,0.00017
1.40000,1.02194,0.99974,0.00000,0.00001,0.00025
1.54000,1.02194,0.99993,0.00000,0.00000,0.00006
1.68000,1.02194,0.99998,0.00000,0.00000,0.00001
1.82000,1.02194,0.99999,0.00000,0.00000,0.00001
1.96000,1.02194,1.00000,0.00000,0.00000,0.00000
2.10000,1.02194,0.99999,0.00000,0.00000,0.00001
2.24000,1.02194,0.99988,0.00000,0.00002,0.00010
2.38000,1.02194,0.99285,0.00000,0.00033,0.00682
2.52000,1.02194,0.99371,0.00000,0.00014,0.00615
2.66000,1.02194,0.94201,0.00000,0.00022,0.05777
2.80000,1.02194,0.99888,0.00000,0.00004,0.00108
2.94000,1.02194,0.99993,0.00000,0.00000,0.00006
3.08000,1.02194,0.99999,0.00000,0.00000,0.00001
3.22000,1.02194,1.00000,0.00000,0.00000,0.00000
3.36000,1.02194,1.00000,0.00000,0.00000,0.00000
3.50000,1.02194,1.00000,0.00000,0.00000,0.00000
3.64000,1.02194,1.00000,0.00000,0.00000,0.00000
3.78000,1.02194,1.00000,0.00000,0.00000,0.00000
3.92000,1.02194,1.00000,0.00000,0.00000,0.00000
4.06000,1.02194,1.00000,0.00000,0.00000,0.00000
4.20000,1.02194,1.00000,0.00000,0.00000,0.00000
4.34000,1.02194,1.00000,0.00000,0.00000,0.00000
4.48000,1.02194,1.00000,0.00000,0.00000,0.00000
4.62000,1.02194,1.00000,0.00000,0.00000,0.00000
4.76000,1.02194,1.00000,0.00000,0.00000,0.00000
4.90000,1.02194,1.00000,0.00000,0.00000,0.00000
5.04000,1.02194,1.00000,0.00000,0.00000,0.00000
5.18000,1.02194,0.99999,0.00000,0.00001,0.00001
5.32000,1.02194,0.99989,0.00000,0.00003,0.00008
5.46000,1.02194,0.99969,0.00000,0.00003,0.00028
5.60000,1.02194,0.99986,0.00000,0.00004,0.00011
5.74000,1.02194,0.99997,0.00000,0.00001,0.00002
5.88000,1.02194,0.99784,0.00000,0.00029,0.00187
6.02000,1.02194,0.99472,0.00000,0.00177,0.00351
6.16000,1.02194,0.99841,0.00000,0.00003,0.00156
6.30000,1.02194,0.99377,0.00000,0.00007,0.00617
6.44000,1.02194,0.99923,0.00000,0.00002,0.00075
6.58000,1.02194,0.99958,0.00000,0.00001,0.00041
6.72000,1.02194,0.99998,0.00000,0.00001,0.00001
6.86000,1.02194,1.00000,0.00000,0.00000,0.00000
7.00000,1.02194,1.00000,0.00000,0.00000,0.00000
7.14000,1.02194,1.00000,0.00000,0.00000,0.00000
7.28000,1.02194,1.00000,0.00000,0.00000,0.00000
7.42000,1.02194,1.00000,0.00000,0.00000,0.00000
7.56000,1.02194,1.00000,0.00000,0.00000,0.00000
7.70000,1.02194,1.00000,0.00000,0.00000,0.00000
7.84000,1.02194,1.00000,0.00000,0.00000,0.00000
7.98000,1.02194,0.99999,0.00000,0.00000,0.00000
8.12000,1.02194,1.00000,0.00000,0.00000,0.00000
8.26000,1.02194,1.00000,0.00000,0.00000,0.00000
8.40000,1.02194,1.00000,0.00000,0.00000,0.00000
8.54000,1.02194,1.00000,0.00000,0.00000,0.00000
8.68000,1.02194,1.00000,0.00000,0.00000,0.00000
8.82000,1.02194,0.99999,0.00000,0.00000,0.00001
8.96000,1.02194,0.99998,0.00000,0.00000,0.00002
9.10000,1.02194,0.99997,0.00000,0.00000,0.00002
9.24000,1.02194,0.99994,0.00000,0.00001,0.00005
9.38000,1.02194,0.99998,0.00000,0.00000,0.00002
9.52000,1.02194,0.99992,0.00000,0.00001,0.00007
9.66000,1.02194,0.99997,0.00000,0.00000,0.00003
9.80000,1.02194,0.99994,0.00000,0.00001,0.00006
9.94000,1.02194,0.99986,0.00000,0.00001,0.00013
10.08000,1.02194,0.99916,0.00000,0.00003,0.00081
10.22000,1.02194,0.99158,0.00000,0.00016,0.00825
10.36000,1.02194,0.99705,0.00000,0.00005,0.00291
10.50000,1.02194,0.99503,0.00000,0.00014,0.00483
10.64000,1.02194,0.99468,0.00000,0.00014,0.00518
10.78000,1.02194,0.99735,0.00000,0.00005,0.00259
10.92000,1.02194,0.98087,0.00000,0.00018,0.01896
11.06000,1.02194,0.99959,0.00000,0.00002,0.00040
11.20000,1.02194,0.99891,0.00000,0.00001,0.00108
11.34000,1.02194,0.99980,0.00000,0.00001,0.00019
11.48000,1.02194,0.99996,0.00000,0.00000,0.00003
11.62000,1.02194,0.99999,0.00000,0.00000,0.00001
11.76000,1.02194,1.00000,0.00000,0.00000,0.00000
11.90000,1.02194,1.00000,0.00000,0.00000,0.00000
12.04000,1.02194,1.00000,0.00000,0.00000,0.00000
12.18000,1.02194,1.00000,0.00000,0.00000,0.00000
12.32000,1.02194,1.00000,0.00000,0.00000,0.00000
12.46000,1.02194,1.00000,0.00000,0.00000,0.00000
12.60000,1.02194,1.00000,0.00000,0.00000,0.00000
12.74000,1.02194,1.00000,0.00000,0.00000,0.00000
12.88000,1.02194,1.00000,0.00000,0.00000,0.00000
13.02000,1.02194,1.00000,0.00000,0.00000,0.00000
13.16000,1.02194,0.99999,0.00000,0.00001,0.00001
13.30000,1.02194,0.99993,0.00000,0.00001,0.00006
13.44000,1.02194,0.99994,0.00000,0.00001,0.00006
13.58000,1.02194,0.99999,0.00000,0.00000,0.00000
13.72000,1.02194,1.00000,0.00000,0.00000,0.00000
13.86000,1.02194,1.00000,0.00000,0.00000,0.00000
14.00000,1.02194,1.00000,0.00000,0.00000,0.00000
14.14000,1.02194,0.99988,0.00000,0.00005,0.00007
14.28000,1.02194,0.99760,0.00000,0.00008,0.00232
14.42000,1.02194,0.99535,0.00000,0.00018,0.00447
14.56000,1.02194,0.99269,0.00000,0.00113,0.00618
14.70000,1.02194,0.78709,0.00000,0.00700,0.20591
14.84000,1.02194,0.91729,0.00000,0.00638,0.07633
14.98000,1.02194,0.97073,0.00000,0.00122,0.02805
15.12000,1.02194,0.99985,0.00000,0.00002,0.00013
15.26000,1.02194,0.99991,0.00000,0.00001,0.00008
15.40000,1.02194,0.99995,0.00000,0.00001,0.00004
15.54000,1.02194,0.99965,0.00000,0.00005,0.00030
15.68000,1.02194,0.99607,0.00000,0.00005,0.00387
15.82000,1.02194,0.97364,0.00000,0.00010,0.02626
15.96000,1.02194,0.99849,0.00000,0.00007,0.00144
16.10000,1.02194,0.99524,0.00000,0.00014,0.00462
16.24000,1.02194,0.99275,0.00000,0.00085,0.00640
16.38000,1.02194,0.99988,0.00000,0.00003,0.00009
16.52000,1.02194,0.99995,0.00000,0.00002,0.00003
16.66000,1.02194,0.99942,0.00000,0.00005,0.00054
16.80000,1.02194,0.98533,0.00000,0.00043,0.01424
16.94000,1.02194,0.95895,0.00000,0.00063,0.04042
17.08000,1.02194,0.97723,0.00000,0.00010,0.02266
17.22000,1.02194,0.99616,0.00000,0.00006,0.00378
17.36000,1.02194,0.99994,0.00000,0.00000,0.00006
17.50000,1.02194,0.99997,0.00000,0.00000,0.00002
17.64000,1.02194,1.00000,0.00000,0.00000,0.00000
17.78000,1.02194,1.00000,0.00000,0.00000,0.00000
17.92000,1.02194,1.00000,0.00000,0.00000,0.00000
18.06000,1.02194,1.00000,0.00000,0.00000,0.00000
18.20000,1.02194,1.00000,0.00000,0.00000,0.00000
18.34000,1.02194,1.00000,0.00000,0.00000,0.00000
18.48000,1.02194,1.00000,0.00000,0.00000,0.00000
18.62000,1.02194,1.00000,0.00000,0.00000,0.00000
18.76000,1.02194,0.99999,0.00000,0.00000,0.00001
18.90000,1.02194,0.99977,0.00000,0.00003,0.00020
19.04000,1.02194,0.99990,0.00000,0.00001,0.00009
19.18000,1.02194,0.99993,0.00000,0.00001,0.00006
19.32000,1.02194,0.99999,0.00000,0.00000,0.00001
19.46000,1.02194,0.99998,0.00000,0.00000,0.00002
19.60000,1.02194,1.00000,0.00000,0.00000,0.00000
19.74000,1.02194,1.00000,0.00000,0.00000,0.00000
19.88000,1.02194,0.99998,0.00000,0.00001,0.00001
20.02000,1.02194,0.99942,0.00000,0.00011,0.00047
20.16000,1.02194,0.99877,0.00000,0.00003,0.00121
20.30000,1.02194,0.99919,0.00000,0.00003,0.00078
20.44000,1.02194,0.99996,0.00000,0.00001,0.00003
20.58000,1.02194,0.99996,0.00000,0.00002,0.00003
20.72000,1.02194,0.99999,0.00000,0.00001,0.00000
20.86000,1.02194,1.00000,0.00000,0.00000,0.00000
21.00000,1.02194,1.00000,0.00000,0.00000,0.00000
21.14000,1.02194,1.00000,0.00000,0.00000,0.00000
21.28000,1.02194,1.00000,0.00000,0.00000,0.00000
21.42000,1.02194,1.00000,0.00000,0.00000,0.00000
21.56000,1.02194,1.00000,0.00000,0.00000,0.00000
21.70000,1.02194,0.99999,0.00000,0.00000,0.00000
21.84000,1.02194,1.00000,0.00000,0.00000,0.00000
21.98000,1.02194,1.00000,0.00000,0.00000,0.00000
22.12000,1.02194,1.00000,0.00000,0.00000,0.00000
22.26000,1.02194,1.00000,0.00000,0.00000,0.00000
22.40000,1.02194,1.00000,0.00000,0.00000,0.00000
22.54000,1.02194,1.00000,0.00000,0.00000,0.00000
22.68000,1.02194,1.00000,0.00000,0.00000,0.00000
22.82000,1.02194,1.00000,0.00000,0.00000,0.00000
22.96000,1.02194,1.00000,0.00000,0.00000,0.00000
23.10000,1.02194,1.00000,0.00000,0.00000,0.00000
23.24000,1.02194,1.00000,0.00000,0.00000,0.00000
23.38000,1.02194,0.99996,0.00000,0.00001,0.00004
23.52000,1.02194,0.99928,0.00001,0.00007,0.00064
23.66000,1.02194,0.99888,0.00001,0.00017,0.00094
23.80000,1.02194,0.99991,0.00000,0.00004,0.00005
23.94000,1.02194,0.99999,0.00000,0.00000,0.00000
24.08000,1.02194,1.00000,0.00000,0.00000,0.00000
24.22000,1.02194,1.00000,0.00000,0.00000,0.00000
24.36000,1.02194,1.00000,0.00000,0.00000,0.00000
24.50000,1.02194,1.00000,0.00000,0.00000,0.00000
24.64000,1.02194,1.00000,0.00000,0.00000,0.00000
24.78000,1.02194,1.00000,0.00000,0.00000,0.00000
24.92000,1.02194,1.00000,0.00000,0.00000,0.00000
25.06000,1.02194,1.00000,0.00000,0.00000,0.00000
25.20000,1.02194,1.00000,0.00000,0.00000,0.00000
25.34000,1.02194,1.00000,0.00000,0.00000,0.00000
25.48000,1.02194,1.00000,0.00000,0.00000,0.00000
25.62000,1.02194,1.00000,0.00000,0.00000,0.00000
25.76000,1.02194,1.00000,0.00000,0.00000,0.00000
25.90000,1.02194,1.00000,0.00000,0.00000,0.00000
26.04000,1.02194,0.99999,0.00000,0.00000,0.00001
26.18000,1.02194,0.99975,0.00000,0.00003,0.00022
26.32000,1.02194,0.99839,0.00000,0.00017,0.00144
26.46000,1.02194,0.99975,0.00000,0.00005,0.00020
26.60000,1.02194,0.99998,0.00000,0.00001,0.00001
26.74000,1.02194,1.00000,0.00000,0.00000,0.00000
26.88000,1.02194,1.00000,0.00000,0.00000,0.00000
27.02000,1.02194,1.00000,0.00000,0.00000,0.00000
27.16000,1.02194,1.00000,0.00000,0.00000,0.00000
27.30000,1.02194,1.00000,0.00000,0.00000,0.00000
27.44000,1.02194,0.99999,0.00000,0.00000,0.00000
27.58000,1.02194,1.00000,0.00000,0.00000,0.00000
27.72000,1.02194,0.99999,0.00000,0.00001,0.00001
27.86000,1.02194,0.99991,0.00000,0.00003,0.00006
28.00000,1.02194,0.99983,0.00000,0.00008,0.00010
28.14000,1.02194,0.99730,0.00000,0.00005,0.00265
28.28000,1.02194,0.99976,0.00000,0.00013,0.00012
28.42000,1.02194,0.99998,0.00000,0.00001,0.00001
28.56000,1.02194,0.99998,0.00000,0.00002,0.00000
28.70000,1.02194,1.00000,0.00000,0.00000,0.00000
28.84000,1.02194,1.00000,0.00000,0.00000,0.00000
28.98000,1.02194,0.99999,0.00000,0.00000,0.00000
29.12000,1.02194,0.99995,0.00000,0.00001,0.00004
29.26000,1.02194,0.99957,0.00000,0.00002,0.00042
29.40000,1.02194,0.99322,0.00000,0.00009,0.00669
29.54000,1.02194,0.92940,0.00000,0.00026,0.07034
29.68000,1.02194,0.66240,0.00001,0.00241,0.33518
29.82000,1.02194,0.49846,0.00000,0.00029,0.50125
29.96000,1.02194,0.38133,0.00001,0.00114,0.61752
30.10000,1.02194,0.35962,0.00002,0.00051,0.63986
30.24000,1.02194,0.34694,0.00002,0.00090,0.65214
30.38000,1.02194,0.42409,0.00001,0.00167,0.57423
30.52000,1.02194,0.24153,0.00007,0.00096,0.75745
30.66000,1.02194,0.25739,0.00002,0.00065,0.74194
30.80000,1.02194,0.46733,0.00000,0.00046,0.53221
30.94000,1.02194,0.90389,0.00000,0.00017,0.09594
31.08000,1.02194,0.94480,0.00000,0.00005,0.05516
31.22000,1.02194,0.98770,0.00000,0.00014,0.01216
31.36000,1.02194,0.99190,0.00000,0.00015,0.00795
31.50000,1.02194,0.99883,0.00000,0.00003,0.00114
31.64000,1.02194,0.98637,0.00000,0.00014,0.01349
31.78000,1.02194,0.89107,0.00000,0.00130,0.10763
31.92000,1.02194,0.61332,0.00000,0.00066,0.38602
32.06000,1.02193,0.54014,0.00001,0.00083,0.45902
32.20000,1.02194,0.90403,0.00000,0.00056,0.09541
32.34000,1.02194,0.88866,0.00001,0.00037,0.11096
32.48000,1.02194,0.99022,0.00000,0.00037,0.00941
32.62000,1.02194,0.99847,0.00000,0.00006,0.00146
32.76000,1.02194,0.99799,0.00000,0.00008,0.00193
32.90000,1.02193,0.99645,0.00000,0.00007,0.00347
33.04000,1.02194,0.98942,0.00000,0.00011,0.01046
33.18000,1.02194,0.88974,0.00001,0.00083,0.10942
33.32000,1.02194,0.68423,0.00001,0.00262,0.31314
33.46000,1.02194,0.53300,0.00000,0.00157,0.46543
33.60000,1.02194,0.36950,0.00001,0.00096,0.62953
33.74000,1.02193,0.58565,0.00001,0.00152,0.41281
33.88000,1.02194,0.27429,0.00002,0.00063,0.72506
34.02000,1.02194,0.15552,0.00000,0.00195,0.84253
34.16000,1.02194,0.18884,0.00000,0.00088,0.81028
34.30000,1.02194,0.43231,0.00000,0.00097,0.56671
34.44000,1.02194,0.59236,0.00000,0.00020,0.40744
34.58000,1.02193,0.90596,0.00000,0.00106,0.09297
34.72000,1.02193,0.92392,0.00000,0.00062,0.07545
34.86000,1.02194,0.82008,0.00000,0.00046,0.17946
35.00000,1.02194,0.87502,0.00000,0.00160,0.12338
35.14000,1.02194,0.65676,0.00000,0.00044,0.34281
35.28000,1.02194,0.64110,0.00000,0.00061,0.35829
35.42000,1.02194,0.93107,0.00000,0.00031,0.06861
35.56000,1.02193,0.83611,0.00000,0.00032,0.16357
35.70000,1.02194,0.65948,0.00003,0.00673,0.33376
35.84000,1.02194,0.84683,0.00005,0.00213,0.15100
35.98000,1.02194,0.77333,0.00002,0.00095,0.22570
36.12000,1.02194,0.75939,0.00002,0.00127,0.23933
36.26000,1.02194,0.47897,0.00007,0.00190,0.51906
36.40000,1.02193,0.31500,0.00080,0.00341,0.68080
36.54000,1.02194,0.38172,0.00012,0.00136,0.61680
36.68000,1.02194,0.66506,0.00003,0.00193,0.33298
36.82000,1.02194,0.53430,0.00001,0.00066,0.46502
36.96000,1.02194,0.32508,0.00010,0.00686,0.66796
37.10000,1.02194,0.24784,0.00006,0.00124,0.75086
37.24000,1.02193,0.62279,0.00000,0.00150,0.37571
37.38000,1.02194,0.77690,0.00000,0.00008,0.22301
37.52000,1.02194,0.97802,0.00000,0.00013,0.02185
37.66000,1.02194,0.99734,0.00000,0.00004,0.00263
37.80000,1.02194,0.99983,0.00000,0.00001,0.00016
37.94000,1.02194,1.00000,0.00000,0.00000,0.00000
38.08000,1.02193,1.00000,0.00000,0.00000,0.00000
38.22000,1.02193,1.00000,0.00000,0.00000,0.00000
38.36000,1.02194,1.00000,0.00000,0.00000,0.00000
38.50000,1.02194,1.00000,0.00000,0.00000,0.00000
38.64000,1.02194,1.00000,0.00000,0.00000,0.00000
38.78000,1.02194,1.00000,0.00000,0.00000,0.00000
38.92000,1.02194,1.00000,0.00000,0.00000,0.00000
39.06000,1.02193,1.00000,0.00000,0.00000,0.00000
39.20000,1.02194,1.00000,0.00000,0.00000,0.00000
39.34000,1.02194,0.99982,0.00000,0.00002,0.00017
39.48000,1.02194,0.99832,0.00000,0.00002,0.00166
39.62000,1.02194,0.94486,0.00000,0.00065,0.05449
39.76000,1.02194,0.72188,0.00000,0.00354,0.27457
39.90000,1.02193,0.66252,0.00000,0.00066,0.33682
40.04000,1.02194,0.93342,0.00000,0.00023,0.06636
40.18000,1.02194,0.81633,0.00001,0.00139,0.18227
40.32000,1.02194,0.46097,0.00004,0.00051,0.53848
40.46000,1.02194,0.93469,0.00000,0.00017,0.06513
40.60000,1.02194,0.89057,0.00000,0.00024,0.10920
40.74000,1.02193,0.60748,0.00000,0.00004,0.39248
40.88000,1.02194,0.74134,0.00000,0.00003,0.25863
41.02000,1.02194,0.98416,0.00000,0.00002,0.01582
41.16000,1.02194,0.99755,0.00000,0.00001,0.00244
41.30000,1.02194,0.99988,0.00000,0.00004,0.00009
41.44000,1.02194,0.99967,0.00000,0.00002,0.00031
41.58000,1.02193,0.99999,0.00000,0.00000,0.00001
41.72000,1.02193,1.00000,0.00000,0.00000,0.00000
41.86000,1.02194,1.00000,0.00000,0.00000,0.00000
42.00000,1.02194,1.00000,0.00000,0.00000,0.00000
42.14000,1.02194,1.00000,0.00000,0.00000,0.00000
42.28000,1.02194,1.00000,0.00000,0.00000,0.00000
42.42000,1.02194,1.00000,0.00000,0.00000,0.00000
42.56000,1.02193,0.99994,0.00000,0.00000,0.00006
42.70000,1.02194,0.99743,0.00000,0.00000,0.00257
42.84000,1.02194,0.99328,0.00000,0.00000,0.00672
42.98000,1.02194,0.99980,0.00000,0.00000,0.00020
43.12000,1.02194,0.99969,0.00000,0.00000,0.00031
43.26000,1.02194,0.99989,0.00000,0.00005,0.00005
43.40000,1.02193,0.99996,0.00000,0.00002,0.00003
43.54000,1.02194,0.99999,0.00000,0.00000,0.00001
43.68000,1.02194,0.99998,0.00000,0.00001,0.00001
43.82000,1.02194,0.99985,0.00000,0.00001,0.00014
43.96000,1.02194,0.99733,0.00000,0.00005,0.00262
44.10000,1.02194,0.99862,0.00000,0.00004,0.00134
44.24000,1.02193,0.99976,0.00000,0.00001,0.00023
44.38000,1.02194,0.99995,0.00000,0.00001,0.00005
44.52000,1.02194,1.00000,0.00000,0.00000,0.00000
44.66000,1.02194,1.00000,0.00000,0.00000,0.00000
44.80000,1.02194,1.00000,0.00000,0.00000,0.00000
44.94000,1.02194,1.00000,0.00000,0.00000,0.00000
45.08000,1.02193,0.99992,0.00000,0.00000,0.00008
45.22000,1.02193,0.99502,0.00000,0.00000,0.00498
45.36000,1.02194,0.98808,0.00000,0.00000,0.01192
45.50000,1.02194,0.99979,0.00000,0.00000,0.00021
45.64000,1.02194,0.99991,0.00000,0.00000,0.00009
45.78000,1.02194,0.99993,0.00000,0.00005,0.00002
45.92000,1.02194,0.99997,0.00000,0.00001,0.00002
46.06000,1.02193,1.00000,0.00000,0.00000,0.00000
46.20000,1.02194,0.99994,0.00000,0.00001,0.00005
46.34000,1.02194,0.99956,0.00000,0.00002,0.00042
46.48000,1.02194,0.99518,0.00000,0.00007,0.00475
46.62000,1.02194,0.99746,0.00000,0.00007,0.00247
46.76000,1.02194,0.99961,0.00000,0.00001,0.00038
46.90000,1.02193,0.99992,0.00000,0.00001,0.00008
47.04000,1.02194,1.00000,0.00000,0.00000,0.00000
47.18000,1.02194,1.00000,0.00000,0.00000,0.00000
47.32000,1.02194,1.00000,0.00000,0.00000,0.00000
47.46000,1.02194,1.00000,0.00000,0.00000,0.00000
47.60000,1.02194,1.00000,0.00000,0.00000,0.00000
47.74000,1.02193,0.99984,0.00000,0.00000,0.00016
47.88000,1.02194,0.99577,0.00000,0.00000,0.00423
48.02000,1.02194,0.99416,0.00000,0.00000,0.00583
48.16000,1.02194,0.99988,0.00000,0.00000,0.00012
48.30000,1.02194,0.99994,0.00000,0.00000,0.00006
48.44000,1.02194,0.99996,0.00000,0.00003,0.00001
48.58000,1.02193,0.99997,0.00000,0.00002,0.00001
48.72000,1.02193,1.00000,0.00000,0.00000,0.00000
48.86000,1.02194,1.00000,0.00000,0.00000,0.00000
49.00000,1.02194,1.00000,0.00000,0.00000,0.00000
49.14000,1.02194,1.00000,0.00000,0.00000,0.00000
49.28000,1.02194,1.00000,0.00000,0.00000,0.00000
49.42000,1.02194,1.00000,0.00000,0.00000,0.00000
49.56000,1.02193,1.00000,0.00000,0.00000,0.00000
49.70000,1.02194,1.00000,0.00000,0.00000,0.00000
49.84000,1.02194,1.00000,0.00000,0.00000,0.00000
49.98000,1.02194,1.00000,0.00000,0.00000,0.00000
50.12000,1.02194,1.00000,0.00000,0.00000,0.00000
50.26000,1.02194,1.00000,0.00000,0.00000,0.00000
50.40000,1.02193,1.00000,0.00000,0.00000,0.00000
50.54000,1.02194,1.00000,0.00000,0.00000,0.00000
50.68000,1.02194,1.00000,0.00000,0.00000,0.00000
50.82000,1.02194,1.00000,0.00000,0.00000,0.00000
50.96000,1.02194,1.00000,0.00000,0.00000,0.00000
51.10000,1.02194,1.00000,0.00000,0.00000,0.00000
51.24000,1.02193,1.00000,0.00000,0.00000,0.00000
51.38000,1.02194,1.00000,0.00000,0.00000,0.00000
51.52000,1.02194,1.00000,0.00000,0.00000,0.00000
51.66000,1.02194,1.00000,0.00000,0.00000,0.00000
51.80000,1.02194,1.00000,0.00000,0.00000,0.00000
51.94000,1.02194,1.00000,0.00000,0.00000,0.00000
52.08000,1.02193,1.00000,0.00000,0.00000,0.00000
52.22000,1.02193,1.00000,0.00000,0.00000,0.00000
52.36000,1.02194,1.00000,0.00000,0.00000,0.00000
52.50000,1.02194,1.00000,0.00000,0.00000,0.00000
52.64000,1.02194,1.00000,0.00000,0.00000,0.00000
52.78000,1.02194,1.00000,0.00000,0.00000,0.00000
52.92000,1.02194,1.00000,0.00000,0.00000,0.00000
53.06000,1.02193,1.00000,0.00000,0.00000,0.00000
53.20000,1.02194,1.00000,0.00000,0.00000,0.00000
53.34000,1.02194,1.00000,0.00000,0.00000,0.00000
53.48000,1.02194,0.99999,0.00000,0.00000,0.00001
53.62000,1.02194,0.99998,0.00000,0.00000,0.00002
53.76000,1.02194,0.99999,0.00000,0.00000,0.00001
53.90000,1.02193,1.00000,0.00000,0.00000,0.00000
54.04000,1.02194,1.00000,0.00000,0.00000,0.00000
54.18000,1.02194,1.00000,0.00000,0.00000,0.00000
54.32000,1.02194,0.99998,0.00000,0.00001,0.00001
54.46000,1.02194,0.99958,0.00000,0.00008,0.00034
54.60000,1.02194,0.98065,0.00000,0.00004,0.01931
54.74000,1.02193,0.96721,0.00000,0.00026,0.03252
54.88000,1.02194,0.96306,0.00000,0.00004,0.03690
55.02000,1.02194,0.99324,0.00000,0.00018,0.00658
55.16000,1.02194,0.98572,0.00000,0.00004,0.01424
55.30000,1.02194,0.96831,0.00000,0.00047,0.03123
55.44000,1.02194,0.98790,0.00000,0.00006,0.01204
55.58000,1.02193,0.98599,0.00000,0.00002,0.01399
55.72000,1.02193,0.99933,0.00000,0.00002,0.00066
55.86000,1.02194,0.99996,0.00000,0.00000,0.00004
56.00000,1.02194,0.99999,0.00000,0.00000,0.00001
56.14000,1.02194,1.00000,0.00000,0.00000,0.00000
56.28000,1.02194,1.00000,0.00000,0.00000,0.00000
56.42000,1.02194,1.00000,0.00000,0.00000,0.00000
56.56000,1.02193,1.00000,0.00000,0.00000,0.00000
56.70000,1.02194,1.00000,0.00000,0.00000,0.00000
56.84000,1.02194,1.00000,0.00000,0.00000,0.00000
56.98000,1.02194,1.00000,0.00000,0.00000,0.00000
57.12000,1.02194,1.00000,0.00000,0.00000,0.00000
57.26000,1.02194,1.00000,0.00000,0.00000,0.00000
57.40000,1.02193,1.00000,0.00000,0.00000,0.00000
57.54000,1.02194,1.00000,0.00000,0.00000,0.00000
57.68000,1.02194,1.00000,0.00000,0.00000,0.00000
57.82000,1.02194,1.00000,0.00000,0.00000,0.00000
57.96000,1.02194,1.00000,0.00000,0.00000,0.00000
58.10000,1.02194,1.00000,0.00000,0.00000,0.00000
58.24000,1.02193,0.99996,0.00000,0.00001,0.00002
58.38000,1.02194,0.99946,0.00000,0.00004,0.00050
58.52000,1.02194,0.99072,0.00000,0.00018,0.00910
58.66000,1.02194,0.99549,0.00000,0.00003,0.00448
58.80000,1.02194,0.99740,0.00000,0.00003,0.00256
58.94000,1.02194,0.99977,0.00000,0.00003,0.00020
59.08000,1.02193,0.99999,0.00000,0.00000,0.00001
59.22000,1.02193,1.00000,0.00000,0.00000,0.00000
59.36000,1.02194,0.99999,0.00000,0.00000,0.00001
59.50000,1.02194,0.99951,0.00000,0.00004,0.00044
59.64000,1.02194,0.99858,0.00000,0.00001,0.00141
59.78000,1.02194,0.99900,0.00000,0.00002,0.00098
59.92000,1.02194,0.99993,0.00000,0.00001,0.00006
60.06000,1.02193,0.99999,0.00000,0.00000,0.00001
60.20000,1.02194,1.00000,0.00000,0.00000,0.00000
60.34000,1.02194,1.00000,0.00000,0.00000,0.00000
60.48000,1.02194,1.00000,0.00000,0.00000,0.00000
60.62000,1.02194,1.00000,0.00000,0.00000,0.00000
60.76000,1.02194,1.00000,0.00000,0.00000,0.00000
60.90000,1.02193,1.00000,0.00000,0.00000,0.00000
61.04000,1.02194,0.99998,0.00000,0.00001,0.00002
61.18000,1.02194,0.99946,0.00000,0.00009,0.00044
61.32000,1.02194,0.99100,0.00000,0.00003,0.00896
61.46000,1.02194,0.97112,0.00000,0.00012,0.02876
61.60000,1.02194,0.98983,0.00000,0.00003,0.01014
61.74000,1.02193,0.99856,0.00000,0.00003,0.00142
61.88000,1.02194,0.99980,0.00000,0.00002,0.00018
62.02000,1.02194,1.00000,0.00000,0.00000,0.00000
62.16000,1.02194,1.00000,0.00000,0.00000,0.00000
62.30000,1.02194,1.00000,0.00000,0.00000,0.00000
62.44000,1.02194,1.00000,0.00000,0.00000,0.00000
62.58000,1.02193,1.00000,0.00000,0.00000,0.00000
62.72000,1.02193,1.00000,0.00000,0.00000,0.00000
62.86000,1.02194,1.00000,0.00000,0.00000,0.00000
63.00000,1.02193,1.00000,0.00000,0.00000,0.00000
63.14000,1.02193,0.99999,0.00000,0.00000,0.00000
63.28000,1.02194,0.99997,0.00000,0.00000,0.00003
63.42000,1.02194,0.99997,0.00000,0.00000,0.00002
63.56000,1.02194,0.99998,0.00000,0.00001,0.00002
63.70000,1.02194,1.00000,0.00000,0.00000,0.00000
63.84000,1.02194,1.00000,0.00000,0.00000,0.00000
63.98000,1.02194,1.00000,0.00000,0.00000,0.00000
64.12000,1.02193,1.00000,0.00000,0.00000,0.00000
64.26000,1.02193,1.00000,0.00000,0.00000,0.00000
64.40000,1.02193,1.00000,0.00000,0.00000,0.00000
64.54000,1.02193,0.99999,0.00000,0.00000,0.00001
64.68000,1.02193,0.99999,0.00000,0.00000,0.00001
64.82000,1.02193,0.99999,0.00000,0.00000,0.00001
64.96000,1.02194,0.99999,0.00000,0.00000,0.00000
65.10000,1.02194,1.00000,0.00000,0.00000,0.00000
65.24000,1.02194,1.00000,0.00000,0.00000,0.00000
65.38000,1.02194,1.00000,0.00000,0.00000,0.00000
65.52000,1.02194,1.00000,0.00000,0.00000,0.00000
65.66000,1.02193,1.00000,0.00000,0.00000,0.00000
65.80000,1.02193,1.00000,0.00000,0.00000,0.00000
65.94000,1.02193,1.00000,0.00000,0.00000,0.00000
66.08000,1.02193,1.00000,0.00000,0.00000,0.00000
66.22000,1.02193,0.99999,0.00000,0.00001,0.00000
66.36000,1.02193,0.99999,0.00000,0.00001,0.00000
66.50000,1.02193,0.99999,0.00000,0.00001,0.00001
66.64000,1.02193,1.00000,0.00000,0.00000,0.00000
66.78000,1.02194,1.00000,0.00000,0.00000,0.00000
66.92000,1.02194,1.00000,0.00000,0.00000,0.00000
67.06000,1.02194,1.00000,0.00000,0.00000,0.00000
67.20000,1.02194,1.00000,0.00000,0.00000,0.00000
67.34000,1.02194,1.00000,0.00000,0.00000,0.00000
67.48000,1.02193,1.00000,0.00000,0.00000,0.00000
67.62000,1.02193,1.00000,0.00000,0.00000,0.00000
67.76000,1.02193,1.00000,0.00000,0.00000,0.00000
67.90000,1.02193,1.00000,0.00000,0.00000,0.00000
68.04000,1.02193,1.00000,0.00000,0.00000,0.00000
68.18000,1.02193,1.00000,0.00000,0.00000,0.00000
68.32000,1.02193,1.00000,0.00000,0.00000,0.00000
68.46000,1.02194,1.00000,0.00000,0.00000,0.00000
68.60000,1.02194,1.00000,0.00000,0.00000,0.00000
68.74000,1.02194,1.00000,0.00000,0.00000,0.00000
68.88000,1.02194,1.00000,0.00000,0.00000,0.00000
69.02000,1.02194,1.00000,0.00000,0.00000,0.00000
69.16000,1.02193,1.00000,0.00000,0.00000,0.00000
69.30000,1.02193,1.00000,0.00000,0.00000,0.00000
69.44000,1.02193,1.00000,0.00000,0.00000,0.00000
69.58000,1.02193,1.00000,0.00000,0.00000,0.00000
69.72000,1.02193,1.00000,0.00000,0.00000,0.00000
69.86000,1.02193,1.00000,0.00000,0.00000,0.00000
70.00000,1.02193,1.00000,0.00000,0.00000,0.00000
70.14000,1.02193,1.00000,0.00000,0.00000,0.00000
70.28000,1.02194,1.00000,0.00000,0.00000,0.00000
70.42000,1.02194,1.00000,0.00000,0.00000,0.00000
70.56000,1.02194,1.00000,0.00000,0.00000,0.00000
70.70000,1.02194,0.99999,0.00000,0.00000,0.00001
70.84000,1.02194,0.99893,0.00000,0.00007,0.00100
70.98000,1.02193,0.98092,0.00000,0.00005,0.01903
71.12000,1.02193,0.86518,0.00000,0.00027,0.13455
71.26000,1.02193,0.78625,0.00000,0.00136,0.21239
71.40000,1.02193,0.12761,0.00000,0.00033,0.87206
71.54000,1.02193,0.29091,0.00000,0.00124,0.70785
71.68000,1.02193,0.89211,0.00000,0.00204,0.10585
71.82000,1.02193,0.67689,0.00416,0.00958,0.30938
71.96000,1.02194,0.59165,0.00112,0.09076,0.31647
72.10000,1.02194,0.51570,0.00126,0.00865,0.47439
72.24000,1.02194,0.97377,0.00002,0.00164,0.02457
72.38000,1.02194,0.99826,0.00001,0.00041,0.00132
72.52000,1.02194,0.99989,0.00000,0.00005,0.00007
72.66000,1.02193,0.99982,0.00000,0.00001,0.00016
72.80000,1.02193,0.99869,0.00000,0.00007,0.00123
72.94000,1.02193,0.98241,0.00000,0.00016,0.01743
73.08000,1.02193,0.94298,0.00000,0.00008,0.05693
73.22000,1.02193,0.93747,0.00000,0.00022,0.06231
73.36000,1.02193,0.91566,0.00000,0.00026,0.08407
73.50000,1.02193,0.50173,0.00001,0.00440,0.49386
73.64000,1.02193,0.71194,0.00002,0.00416,0.28388
73.78000,1.02194,0.84550,0.00000,0.00418,0.15032
73.92000,1.02194,0.78284,0.00001,0.00199,0.21516
74.06000,1.02194,0.97775,0.00000,0.00161,0.02064
74.20000,1.02194,0.99006,0.00000,0.00041,0.00953
74.34000,1.02194,0.79137,0.00004,0.00478,0.20381
74.48000,1.02193,0.92135,0.00004,0.00924,0.06937
74.62000,1.02193,0.95091,0.00002,0.01651,0.03256
74.76000,1.02193,0.77286,0.00003,0.01114,0.21597
74.90000,1.02193,0.73877,0.00003,0.00549,0.25571
75.04000,1.02193,0.53826,0.00047,0.13061,0.33066
75.18000,1.02193,0.67679,0.00002,0.02243,0.30076
75.32000,1.02193,0.48822,0.00002,0.00196,0.50980
75.46000,1.02194,0.81693,0.00001,0.01791,0.16516
75.60000,1.02194,0.63339,0.00005,0.00969,0.35687
75.74000,1.02194,0.52193,0.00006,0.02106,0.45695
75.88000,1.02194,0.69479,0.00002,0.00401,0.30117
76.02000,1.02194,0.45477,0.00008,0.00279,0.54237
76.16000,1.02193,0.19871,0.00074,0.00702,0.79353
76.30000,1.02193,0.19270,0.00002,0.00516,0.80211
76.44000,1.02193,0.43422,0.00002,0.05600,0.50976
76.58000,1.02193,0.30331,0.00003,0.00432,0.69234
76.72000,1.02193,0.19204,0.00006,0.01775,0.79015
76.86000,1.02193,0.57270,0.00001,0.00317,0.42412
77.00000,1.02193,0.48571,0.00006,0.01655,0.49768
77.14000,1.02193,0.28428,0.00017,0.02315,0.69240
77.28000,1.02194,0.11301,0.00030,0.00441,0.88228
77.42000,1.02194,0.21061,0.00002,0.01810,0.77127
77.56000,1.02194,0.58572,0.00000,0.00089,0.41339
77.70000,1.02194,0.92074,0.00000,0.00079,0.07848
77.84000,1.02194,0.98842,0.00000,0.00034,0.01124
77.98000,1.02193,0.94669,0.00000,0.00034,0.05297
78.12000,1.02193,0.97858,0.00000,0.00419,0.01723
78.26000,1.02193,0.98944,0.00000,0.00299,0.00758
78.40000,1.02193,0.90801,0.00011,0.04873,0.04316
78.54000,1.02193,0.74248,0.00177,0.01619,0.23956
78.68000,1.02193,0.26204,0.09453,0.04139,0.60203
78.82000,1.02193,0.44110,0.00040,0.03876,0.51974
78.96000,1.02194,0.58727,0.00004,0.00636,0.40633
79.10000,1.02194,0.71203,0.00013,0.00350,0.28434
79.24000,1.02194,0.43598,0.00021,0.00203,0.56178
79.38000,1.02194,0.62091,0.00008,0.01308,0.36593
79.52000,1.02194,0.86536,0.00000,0.00106,0.13357
79.66000,1.02193,0.99602,0.00000,0.00026,0.00372
79.80000,1.02193,0.95576,0.00001,0.00063,0.04361
79.94000,1.02193,0.88884,0.00002,0.01088,0.10026
80.08000,1.02193,0.62465,0.00015,0.03025,0.34495
80.22000,1.02193,0.76965,0.00006,0.01256,0.21773
80.36000,1.02193,0.82926,0.00001,0.00643,0.16431
80.50000,1.02193,0.67816,0.00004,0.00858,0.31321
80.64000,1.02193,0.52629,0.00084,0.03136,0.44151
80.78000,1.02194,0.19709,0.00258,0.03451,0.76582
80.92000,1.02194,0.16656,0.00073,0.01214,0.82058
81.06000,1.02194,0.12769,0.00111,0.00247,0.86873
81.20000,1.02194,0.22400,0.00013,0.00850,0.76738
81.34000,1.02194,0.95921,0.00000,0.00076,0.04003
81.48000,1.02193,0.99047,0.00000,0.00035,0.00917
81.62000,1.02193,0.99935,0.00000,0.00021,0.00044
81.76000,1.02193,0.99992,0.00000,0.00002,0.00006
81.90000,1.02193,0.99999,0.00000,0.00000,0.00000
82.04000,1.02193,1.00000,0.00000,0.00000,0.00000
82.18000,1.02193,0.99999,0.00000,0.00000,0.00001
82.32000,1.02193,0.99975,0.00000,0.00004,0.00021
82.46000,1.02194,0.99507,0.00000,0.00002,0.00490
82.60000,1.02194,0.91637,0.00000,0.00088,0.08274
82.74000,1.02194,0.94552,0.00000,0.00057,0.05392
82.88000,1.02194,0.39085,0.00000,0.00035,0.60880
83.02000,1.02194,0.86393,0.00000,0.00133,0.13473
83.16000,1.02193,0.99460,0.00000,0.00003,0.00537
83.30000,1.02193,0.99993,0.00000,0.00001,0.00006
83.44000,1.02193,0.99999,0.00000,0.00000,0.00001
83.58000,1.02193,1.00000,0.00000,0.00000,0.00000
83.72000,1.02193,1.00000,0.00000,0.00000,0.00000
83.86000,1.02193,1.00000,0.00000,0.00000,0.00000
84.00000,1.02193,1.00000,0.00000,0.00000,0.00000
84.14000,1.02193,1.00000,0.00000,0.00000,0.00000
84.28000,1.02194,1.00000,0.00000,0.00000,0.00000
