Time (seconds), Duration (seconds),pred_(unlabeled),pred_brushing_teeth,pred_hair_drying,pred_showering
0.00000,1.02194,0.99674,0.00223,0.00088,0.00016
0.14000,1.02194,0.99727,0.00180,0.00078,0.00015
0.28000,1.02194,0.99729,0.00158,0.00091,0.00022
0.42000,1.02194,0.99712,0.00170,0.00098,0.00021
0.56000,1.02194,0.99699,0.00175,0.00101,0.00025
0.70000,1.02194,0.99905,0.00057,0.00027,0.00011
0.84000,1.02194,0.99888,0.00077,0.00028,0.00006
0.98000,1.02194,0.99899,0.00072,0.00025,0.00005
1.12000,1.02194,0.99905,0.00066,0.00023,0.00006
1.26000,1.02194,0.99891,0.00075,0.00028,0.00006
1.40000,1.02194,0.99896,0.00071,0.00027,0.00006
1.54000,1.02194,0.99906,0.00064,0.00024,0.00006
1.68000,1.02194,0.99896,0.00072,0.00027,0.00006
1.82000,1.02194,0.99896,0.00072,0.00026,0.00006
1.96000,1.02194,0.99883,0.00081,0.00029,0.00006
2.10000,1.02194,0.99890,0.00076,0.00028,0.00006
2.24000,1.02194,0.99907,0.00064,0.00024,0.00005
2.38000,1.02194,0.99892,0.00075,0.00027,0.00006
2.52000,1.02194,0.99884,0.00082,0.00028,0.00005
2.66000,1.02194,0.99893,0.00075,0.00026,0.00005
2.80000,1.02194,0.99899,0.00070,0.00025,0.00006
2.94000,1.02194,0.99912,0.00059,0.00022,0.00006
3.08000,1.02194,0.99917,0.00055,0.00021,0.00006
3.22000,1.02194,0.99912,0.00060,0.00022,0.00006
3.36000,1.02194,0.99902,0.00067,0.00025,0.00006
3.50000,1.02194,0.99917,0.00055,0.00022,0.00006
3.64000,1.02194,0.99904,0.00065,0.00025,0.00006
3.78000,1.02194,0.99904,0.00065,0.00025,0.00006
3.92000,1.02194,0.99888,0.00078,0.00029,0.00006
4.06000,1.02194,0.99905,0.00065,0.00024,0.00006
4.20000,1.02194,0.99894,0.00074,0.00026,0.00005
4.34000,1.02194,0.99913,0.00060,0.00022,0.00005
4.48000,1.02194,0.99901,0.00069,0.00024,0.00005
4.62000,1.02194,0.99903,0.00068,0.00024,0.00006
4.76000,1.02194,0.99911,0.00061,0.00022,0.00006
4.90000,1.02194,0.99915,0.00058,0.00021,0.00006
5.04000,1.02194,0.99905,0.00065,0.00024,0.00006
5.18000,1.02194,0.99912,0.00059,0.00023,0.00006
5.32000,1.02194,0.99900,0.00070,0.00025,0.00006
5.46000,1.02194,0.99903,0.00065,0.00025,0.00006
5.60000,1.02194,0.99910,0.00061,0.00024,0.00006
5.74000,1.02194,0.99881,0.00083,0.00030,0.00006
5.88000,1.02194,0.99887,0.00078,0.00029,0.00006
6.02000,1.02194,0.99884,0.00081,0.00030,0.00006
6.16000,1.02194,0.99880,0.00084,0.00031,0.00006
6.30000,1.02194,0.99893,0.00073,0.00028,0.00006
6.44000,1.02194,0.99892,0.00074,0.00028,0.00006
6.58000,1.02194,0.99893,0.00074,0.00027,0.00006
6.72000,1.02194,0.99889,0.00078,0.00027,0.00005
6.86000,1.02194,0.99894,0.00073,0.00026,0.00006
7.00000,1.02194,0.99903,0.00066,0.00025,0.00006
7.14000,1.02194,0.99900,0.00069,0.00026,0.00006
7.28000,1.02194,0.99901,0.00066,0.00026,0.00007
7.42000,1.02194,0.99902,0.00067,0.00025,0.00006
7.56000,1.02194,0.99892,0.00074,0.00028,0.00006
7.70000,1.02194,0.99891,0.00075,0.00028,0.00006
7.84000,1.02194,0.99901,0.00068,0.00025,0.00005
7.98000,1.02194,0.99901,0.00064,0.00027,0.00007
8.12000,1.02194,0.99882,0.00083,0.00029,0.00005
8.26000,1.02194,0.99891,0.00076,0.00028,0.00006
8.40000,1.02194,0.99891,0.00076,0.00028,0.00006
8.54000,1.02194,0.99903,0.00067,0.00025,0.00005
8.68000,1.02194,0.99895,0.00074,0.00026,0.00005
8.82000,1.02194,0.99904,0.00066,0.00024,0.00006
8.96000,1.02194,0.99896,0.00073,0.00026,0.00005
9.10000,1.02194,0.99894,0.00075,0.00026,0.00005
9.24000,1.02194,0.99894,0.00072,0.00028,0.00007
9.38000,1.02194,0.99908,0.00060,0.00025,0.00007
9.52000,1.02194,0.99903,0.00064,0.00026,0.00007
9.66000,1.02194,0.99892,0.00076,0.00027,0.00005
9.80000,1.02194,0.99886,0.00080,0.00028,0.00006
9.94000,1.02194,0.99901,0.00069,0.00024,0.00005
10.08000,1.02194,0.99912,0.00061,0.00022,0.00005
10.22000,1.02194,0.99913,0.00059,0.00022,0.00006
10.36000,1.02194,0.99909,0.00062,0.00023,0.00006
10.50000,1.02194,0.99902,0.00066,0.00026,0.00006
10.64000,1.02194,0.99887,0.00080,0.00028,0.00006
10.78000,1.02194,0.99898,0.00070,0.00026,0.00006
10.92000,1.02194,0.99895,0.00071,0.00028,0.00006
11.06000,1.02194,0.99886,0.00077,0.00030,0.00007
11.20000,1.02194,0.99877,0.00085,0.00031,0.00006
11.34000,1.02194,0.99886,0.00078,0.00030,0.00006
11.48000,1.02194,0.99874,0.00089,0.00032,0.00006
11.62000,1.02194,0.99873,0.00088,0.00032,0.00006
11.76000,1.02194,0.99877,0.00084,0.00032,0.00007
11.90000,1.02194,0.99881,0.00082,0.00031,0.00006
12.04000,1.02194,0.99879,0.00083,0.00031,0.00006
12.18000,1.02194,0.99891,0.00076,0.00028,0.00005
12.32000,1.02194,0.99894,0.00072,0.00027,0.00006
12.46000,1.02194,0.99885,0.00082,0.00028,0.00005
12.60000,1.02194,0.99905,0.00066,0.00024,0.00005
12.74000,1.02194,0.99905,0.00066,0.00024,0.00005
12.88000,1.02194,0.99908,0.00063,0.00023,0.00006
13.02000,1.02194,0.99903,0.00066,0.00025,0.00006
13.16000,1.02194,0.99893,0.00074,0.00027,0.00006
13.30000,1.02194,0.99881,0.00083,0.00030,0.00006
13.44000,1.02194,0.99885,0.00079,0.00030,0.00006
13.58000,1.02194,0.99880,0.00083,0.00031,0.00007
13.72000,1.02194,0.99866,0.00094,0.00034,0.00006
13.86000,1.02194,0.99888,0.00076,0.00030,0.00007
14.00000,1.02194,0.99889,0.00076,0.00028,0.00007
14.14000,1.02194,0.99891,0.00076,0.00027,0.00006
14.28000,1.02194,0.99894,0.00074,0.00026,0.00006
14.42000,1.02194,0.99900,0.00069,0.00025,0.00006
14.56000,1.02194,0.99913,0.00059,0.00022,0.00006
14.70000,1.02194,0.99920,0.00051,0.00022,0.00007
14.84000,1.02194,0.99913,0.00058,0.00023,0.00006
14.98000,1.02194,0.99906,0.00064,0.00024,0.00006
15.12000,1.02194,0.99907,0.00063,0.00024,0.00006
15.26000,1.02194,0.99909,0.00063,0.00023,0.00005
15.40000,1.02194,0.99907,0.00062,0.00024,0.00006
15.54000,1.02194,0.99885,0.00081,0.00029,0.00005
15.68000,1.02194,0.99877,0.00085,0.00032,0.00006
15.82000,1.02194,0.99882,0.00082,0.00030,0.00006
15.96000,1.02194,0.99895,0.00071,0.00028,0.00006
16.10000,1.02194,0.99888,0.00078,0.00028,0.00005
16.24000,1.02194,0.99877,0.00085,0.00032,0.00006
16.38000,1.02194,0.99888,0.00077,0.00029,0.00006
16.52000,1.02194,0.99888,0.00075,0.00031,0.00006
16.66000,1.02194,0.99889,0.00077,0.00028,0.00006
16.80000,1.02194,0.99891,0.00076,0.00027,0.00007
16.94000,1.02194,0.99876,0.00090,0.00029,0.00006
17.08000,1.02194,0.99884,0.00083,0.00027,0.00006
17.22000,1.02194,0.99884,0.00077,0.00030,0.00008
17.36000,1.02194,0.99909,0.00053,0.00026,0.00012
17.50000,1.02194,0.99904,0.00060,0.00027,0.00009
17.64000,1.02194,0.99894,0.00073,0.00027,0.00006
17.78000,1.02194,0.99900,0.00070,0.00025,0.00005
17.92000,1.02194,0.99893,0.00075,0.00026,0.00005
18.06000,1.02194,0.99903,0.00068,0.00024,0.00006
18.20000,1.02194,0.99898,0.00068,0.00027,0.00007
18.34000,1.02194,0.99891,0.00073,0.00029,0.00007
18.48000,1.02194,0.99905,0.00062,0.00026,0.00007
18.62000,1.02194,0.99897,0.00072,0.00025,0.00005
18.76000,1.02194,0.99901,0.00068,0.00025,0.00006
18.90000,1.02194,0.99883,0.00082,0.00029,0.00006
19.04000,1.02194,0.99901,0.00069,0.00025,0.00005
19.18000,1.02194,0.99894,0.00073,0.00028,0.00006
19.32000,1.02194,0.99911,0.00059,0.00024,0.00006
19.46000,1.02194,0.99888,0.00077,0.00029,0.00006
19.60000,1.02194,0.99887,0.00079,0.00028,0.00006
19.74000,1.02194,0.99895,0.00072,0.00027,0.00006
19.88000,1.02194,0.99900,0.00070,0.00025,0.00005
20.02000,1.02194,0.99894,0.00074,0.00027,0.00005
20.16000,1.02194,0.99894,0.00074,0.00027,0.00005
20.30000,1.02194,0.99905,0.00064,0.00025,0.00006
20.44000,1.02194,0.99884,0.00082,0.00029,0.00006
20.58000,1.02194,0.99901,0.00067,0.00025,0.00006
20.72000,1.02194,0.99890,0.00078,0.00027,0.00005
20.86000,1.02194,0.99898,0.00071,0.00025,0.00006
21.00000,1.02194,0.99903,0.00067,0.00025,0.00006
21.14000,1.02194,0.99917,0.00055,0.00022,0.00007
21.28000,1.02194,0.99895,0.00073,0.00026,0.00006
21.42000,1.02194,0.99906,0.00064,0.00024,0.00006
21.56000,1.02194,0.99905,0.00065,0.00024,0.00006
21.70000,1.02194,0.99904,0.00067,0.00024,0.00005
21.84000,1.02194,0.99906,0.00063,0.00025,0.00006
21.98000,1.02194,0.99881,0.00082,0.00030,0.00006
22.12000,1.02194,0.99890,0.00077,0.00028,0.00005
22.26000,1.02194,0.99896,0.00071,0.00027,0.00006
22.40000,1.02194,0.99899,0.00069,0.00026,0.00006
22.54000,1.02194,0.99896,0.00071,0.00027,0.00006
22.68000,1.02194,0.99892,0.00075,0.00027,0.00006
22.82000,1.02194,0.99895,0.00073,0.00026,0.00005
22.96000,1.02194,0.99907,0.00063,0.00024,0.00006
23.10000,1.02194,0.99906,0.00065,0.00024,0.00006
23.24000,1.02194,0.99911,0.00061,0.00022,0.00006
23.38000,1.02194,0.99910,0.00061,0.00023,0.00006
23.52000,1.02194,0.99913,0.00060,0.00022,0.00006
23.66000,1.02194,0.99911,0.00060,0.00023,0.00006
23.80000,1.02194,0.99919,0.00056,0.00020,0.00005
23.94000,1.02194,0.99915,0.00057,0.00022,0.00006
24.08000,1.02194,0.99907,0.00064,0.00023,0.00006
24.22000,1.02194,0.99905,0.00065,0.00024,0.00006
24.36000,1.02194,0.99906,0.00064,0.00024,0.00006
24.50000,1.02194,0.99896,0.00071,0.00027,0.00006
24.64000,1.02194,0.99896,0.00072,0.00026,0.00005
24.78000,1.02194,0.99896,0.00070,0.00027,0.00006
24.92000,1.02194,0.99889,0.00077,0.00029,0.00006
25.06000,1.02194,0.99895,0.00072,0.00027,0.00006
25.20000,1.02194,0.99888,0.00078,0.00028,0.00006
25.34000,1.02194,0.99894,0.00074,0.00027,0.00006
25.48000,1.02194,0.99905,0.00065,0.00025,0.00006
25.62000,1.02194,0.99900,0.00070,0.00024,0.00005
25.76000,1.02194,0.99904,0.00066,0.00024,0.00006
25.90000,1.02194,0.99905,0.00066,0.00024,0.00005
26.04000,1.02194,0.99896,0.00072,0.00026,0.00006
26.18000,1.02194,0.99895,0.00071,0.00028,0.00006
26.32000,1.02194,0.99897,0.00069,0.00027,0.00006
26.46000,1.02194,0.99879,0.00084,0.00031,0.00006
26.60000,1.02194,0.99884,0.00081,0.00029,0.00006
26.74000,1.02194,0.99898,0.00071,0.00025,0.00006
26.88000,1.02194,0.99906,0.00064,0.00024,0.00006
27.02000,1.02194,0.99910,0.00061,0.00023,0.00006
27.16000,1.02194,0.99909,0.00063,0.00023,0.00005
27.30000,1.02194,0.99916,0.00058,0.00021,0.00005
27.44000,1.02194,0.99921,0.00054,0.00020,0.00005
27.58000,1.02194,0.99906,0.00066,0.00023,0.00005
27.72000,1.02194,0.99909,0.00061,0.00024,0.00006
27.86000,1.02194,0.99907,0.00062,0.00024,0.00006
28.00000,1.02194,0.99917,0.00055,0.00022,0.00006
28.14000,1.02194,0.99903,0.00066,0.00025,0.00006
28.28000,1.02194,0.99893,0.00075,0.00027,0.00005
28.42000,1.02194,0.99894,0.00072,0.00028,0.00006
28.56000,1.02194,0.99893,0.00073,0.00027,0.00006
28.70000,1.02194,0.99899,0.00070,0.00026,0.00006
28.84000,1.02194,0.99899,0.00070,0.00025,0.00005
28.98000,1.02194,0.99889,0.00078,0.00027,0.00005
29.12000,1.02194,0.99892,0.00076,0.00027,0.00006
29.26000,1.02194,0.99915,0.00057,0.00023,0.00006
29.40000,1.02194,0.99902,0.00067,0.00025,0.00005
29.54000,1.02194,0.99904,0.00065,0.00025,0.00006
29.68000,1.02194,0.99897,0.00071,0.00026,0.00006
29.82000,1.02194,0.99886,0.00079,0.00029,0.00006
29.96000,1.02194,0.99894,0.00074,0.00027,0.00005
30.10000,1.02194,0.99898,0.00070,0.00026,0.00006
30.24000,1.02194,0.99882,0.00083,0.00030,0.00006
30.38000,1.02194,0.99891,0.00074,0.00028,0.00006
30.52000,1.02194,0.99892,0.00074,0.00028,0.00006
30.66000,1.02194,0.99892,0.00076,0.00027,0.00005
30.80000,1.02194,0.99906,0.00064,0.00024,0.00006
30.94000,1.02194,0.99888,0.00078,0.00028,0.00006
31.08000,1.02194,0.99902,0.00069,0.00024,0.00005
31.22000,1.02194,0.99902,0.00068,0.00024,0.00006
31.36000,1.02194,0.99907,0.00064,0.00024,0.00006
31.50000,1.02194,0.99900,0.00070,0.00025,0.00005
31.64000,1.02194,0.99903,0.00066,0.00025,0.00006
31.78000,1.02194,0.99902,0.00067,0.00025,0.00006
31.92000,1.02194,0.99902,0.00068,0.00025,0.00006
32.06000,1.02193,0.99888,0.00078,0.00028,0.00006
32.20000,1.02194,0.99905,0.00065,0.00025,0.00006
32.34000,1.02194,0.99902,0.00066,0.00025,0.00006
32.48000,1.02194,0.99893,0.00075,0.00027,0.00005
32.62000,1.02194,0.99903,0.00067,0.00025,0.00006
32.76000,1.02194,0.99904,0.00066,0.00024,0.00005
32.90000,1.02193,0.99886,0.00082,0.00027,0.00005
33.04000,1.02194,0.99913,0.00057,0.00023,0.00006
33.18000,1.02194,0.99897,0.00071,0.00026,0.00006
33.32000,1.02194,0.99886,0.00079,0.00029,0.00006
33.46000,1.02194,0.99887,0.00076,0.00030,0.00007
33.60000,1.02194,0.99882,0.00080,0.00031,0.00007
33.74000,1.02193,0.99873,0.00089,0.00032,0.00006
33.88000,1.02194,0.99879,0.00084,0.00031,0.00006
34.02000,1.02194,0.99891,0.00076,0.00027,0.00006
34.16000,1.02194,0.99904,0.00066,0.00024,0.00006
34.30000,1.02194,0.99891,0.00075,0.00027,0.00006
34.44000,1.02194,0.99904,0.00066,0.00024,0.00006
34.58000,1.02193,0.99906,0.00064,0.00024,0.00006
34.72000,1.02193,0.99914,0.00057,0.00023,0.00006
34.86000,1.02194,0.99909,0.00063,0.00023,0.00006
35.00000,1.02194,0.99899,0.00071,0.00025,0.00005
35.14000,1.02194,0.99907,0.00064,0.00023,0.00005
35.28000,1.02194,0.99911,0.00060,0.00023,0.00006
35.42000,1.02194,0.99915,0.00057,0.00022,0.00006
35.56000,1.02193,0.99906,0.00065,0.00024,0.00006
35.70000,1.02194,0.99904,0.00065,0.00025,0.00006
35.84000,1.02194,0.99888,0.00078,0.00029,0.00006
35.98000,1.02194,0.99888,0.00079,0.00028,0.00005
36.12000,1.02194,0.99891,0.00075,0.00028,0.00006
36.26000,1.02194,0.99898,0.00069,0.00027,0.00006
36.40000,1.02193,0.99882,0.00083,0.00030,0.00006
36.54000,1.02194,0.99889,0.00076,0.00029,0.00006
36.68000,1.02194,0.99893,0.00074,0.00027,0.00005
36.82000,1.02194,0.99899,0.00070,0.00026,0.00005
36.96000,1.02194,0.99888,0.00077,0.00029,0.00006
37.10000,1.02194,0.99898,0.00071,0.00026,0.00005
37.24000,1.02193,0.99898,0.00071,0.00026,0.00005
37.38000,1.02194,0.99899,0.00070,0.00026,0.00006
37.52000,1.02194,0.99907,0.00065,0.00023,0.00005
37.66000,1.02194,0.99915,0.00057,0.00022,0.00006
37.80000,1.02194,0.99910,0.00061,0.00024,0.00006
37.94000,1.02194,0.99909,0.00062,0.00023,0.00006
38.08000,1.02193,0.99910,0.00061,0.00023,0.00006
38.22000,1.02193,0.99917,0.00057,0.00021,0.00005
38.36000,1.02194,0.99911,0.00060,0.00023,0.00006
38.50000,1.02194,0.99909,0.00064,0.00022,0.00005
38.64000,1.02194,0.99908,0.00063,0.00023,0.00006
38.78000,1.02194,0.99906,0.00066,0.00023,0.00005
38.92000,1.02194,0.99913,0.00059,0.00022,0.00006
39.06000,1.02193,0.99911,0.00061,0.00023,0.00006
39.20000,1.02194,0.99919,0.00053,0.00022,0.00007
39.34000,1.02194,0.99905,0.00065,0.00024,0.00006
39.48000,1.02194,0.99906,0.00065,0.00024,0.00005
39.62000,1.02194,0.99902,0.00068,0.00025,0.00006
39.76000,1.02194,0.99899,0.00070,0.00025,0.00006
39.90000,1.02193,0.99901,0.00067,0.00026,0.00006
40.04000,1.02194,0.99893,0.00075,0.00027,0.00005
40.18000,1.02194,0.99905,0.00065,0.00024,0.00006
40.32000,1.02194,0.99896,0.00071,0.00027,0.00006
40.46000,1.02194,0.99885,0.00080,0.00028,0.00006
40.60000,1.02194,0.99888,0.00078,0.00028,0.00005
40.74000,1.02193,0.99895,0.00072,0.00027,0.00006
40.88000,1.02194,0.99897,0.00069,0.00027,0.00007
41.02000,1.02194,0.99886,0.00080,0.00028,0.00006
41.16000,1.02194,0.99892,0.00074,0.00028,0.00006
41.30000,1.02194,0.99890,0.00077,0.00027,0.00005
41.44000,1.02194,0.99906,0.00064,0.00024,0.00006
41.58000,1.02193,0.99897,0.00071,0.00026,0.00006
41.72000,1.02193,0.99903,0.00067,0.00025,0.00006
41.86000,1.02194,0.99894,0.00075,0.00026,0.00005
42.00000,1.02194,0.99900,0.00068,0.00026,0.00006
42.14000,1.02194,0.99891,0.00075,0.00028,0.00006
42.28000,1.02194,0.99892,0.00073,0.00028,0.00007
42.42000,1.02194,0.99894,0.00073,0.00027,0.00006
42.56000,1.02193,0.99895,0.00071,0.00028,0.00006
42.70000,1.02194,0.99875,0.00088,0.00031,0.00006
42.84000,1.02194,0.99894,0.00073,0.00027,0.00006
42.98000,1.02194,0.99901,0.00069,0.00025,0.00005
43.12000,1.02194,0.99894,0.00074,0.00027,0.00005
43.26000,1.02194,0.99890,0.00076,0.00027,0.00006
43.40000,1.02193,0.99896,0.00073,0.00026,0.00006
43.54000,1.02194,0.99902,0.00067,0.00024,0.00006
43.68000,1.02194,0.99910,0.00061,0.00023,0.00006
43.82000,1.02194,0.99897,0.00070,0.00026,0.00006
43.96000,1.02194,0.99888,0.00078,0.00028,0.00006
44.10000,1.02194,0.99891,0.00076,0.00028,0.00006
44.24000,1.02193,0.99895,0.00070,0.00028,0.00007
44.38000,1.02194,0.99894,0.00072,0.00027,0.00006
44.52000,1.02194,0.99876,0.00087,0.00031,0.00006
44.66000,1.02194,0.99906,0.00063,0.00024,0.00006
44.80000,1.02194,0.99893,0.00075,0.00026,0.00006
44.94000,1.02194,0.99903,0.00067,0.00024,0.00006
45.08000,1.02193,0.99894,0.00074,0.00026,0.00006
45.22000,1.02193,0.99910,0.00062,0.00022,0.00005
45.36000,1.02194,0.99922,0.00050,0.00021,0.00007
45.50000,1.02194,0.99903,0.00065,0.00025,0.00006
45.64000,1.02194,0.99894,0.00075,0.00026,0.00005
45.78000,1.02194,0.99893,0.00073,0.00028,0.00006
45.92000,1.02194,0.99909,0.00062,0.00023,0.00006
46.06000,1.02193,0.99911,0.00061,0.00023,0.00005
46.20000,1.02194,0.99914,0.00059,0.00022,0.00006
46.34000,1.02194,0.99900,0.00070,0.00025,0.00005
46.48000,1.02194,0.99904,0.00068,0.00023,0.00005
46.62000,1.02194,0.99904,0.00066,0.00024,0.00006
46.76000,1.02194,0.99909,0.00062,0.00023,0.00006
46.90000,1.02193,0.99909,0.00062,0.00024,0.00006
47.04000,1.02194,0.99904,0.00066,0.00025,0.00006
47.18000,1.02194,0.99911,0.00060,0.00023,0.00006
47.32000,1.02194,0.99893,0.00076,0.00026,0.00005
47.46000,1.02194,0.99903,0.00068,0.00024,0.00005
47.60000,1.02194,0.99908,0.00062,0.00024,0.00006
47.74000,1.02193,0.99909,0.00062,0.00023,0.00006
47.88000,1.02194,0.99916,0.00056,0.00022,0.00006
48.02000,1.02194,0.99909,0.00063,0.00023,0.00006
48.16000,1.02194,0.99908,0.00063,0.00023,0.00005
48.30000,1.02194,0.99910,0.00062,0.00022,0.00005
48.44000,1.02194,0.99907,0.00063,0.00024,0.00006
48.58000,1.02193,0.99907,0.00064,0.00023,0.00006
48.72000,1.02193,0.99903,0.00067,0.00024,0.00006
48.86000,1.02194,0.99895,0.00072,0.00027,0.00006
49.00000,1.02194,0.99903,0.00066,0.00025,0.00006
49.14000,1.02194,0.99895,0.00072,0.00027,0.00006
49.28000,1.02194,0.99912,0.00058,0.00024,0.00006
49.42000,1.02194,0.99899,0.00070,0.00025,0.00005
49.56000,1.02193,0.99900,0.00068,0.00025,0.00006
49.70000,1.02194,0.99912,0.00062,0.00022,0.00005
49.84000,1.02194,0.99912,0.00061,0.00022,0.00005
49.98000,1.02194,0.99917,0.00058,0.00021,0.00005
50.12000,1.02194,0.99914,0.00059,0.00022,0.00005
50.26000,1.02194,0.99912,0.00060,0.00022,0.00006
50.40000,1.02193,0.99917,0.00056,0.00021,0.00006
50.54000,1.02194,0.99916,0.00057,0.00022,0.00005
50.68000,1.02194,0.99915,0.00057,0.00022,0.00006
50.82000,1.02194,0.99901,0.00069,0.00025,0.00005
50.96000,1.02194,0.99897,0.00072,0.00026,0.00005
51.10000,1.02194,0.99903,0.00066,0.00025,0.00006
51.24000,1.02193,0.99899,0.00069,0.00026,0.00006
51.38000,1.02194,0.99901,0.00069,0.00025,0.00006
51.52000,1.02194,0.99901,0.00067,0.00026,0.00006
51.66000,1.02194,0.99882,0.00082,0.00030,0.00006
51.80000,1.02194,0.99879,0.00085,0.00031,0.00006
51.94000,1.02194,0.99896,0.00072,0.00026,0.00006
52.08000,1.02193,0.99901,0.00067,0.00026,0.00006
52.22000,1.02193,0.99886,0.00078,0.00029,0.00006
52.36000,1.02194,0.99888,0.00077,0.00029,0.00006
52.50000,1.02194,0.99895,0.00072,0.00027,0.00006
52.64000,1.02194,0.99895,0.00072,0.00027,0.00006
52.78000,1.02194,0.99900,0.00070,0.00025,0.00005
52.92000,1.02194,0.99888,0.00077,0.00029,0.00006
53.06000,1.02193,0.99901,0.00068,0.00025,0.00006
53.20000,1.02194,0.99888,0.00076,0.00030,0.00006
53.34000,1.02194,0.99889,0.00077,0.00029,0.00006
53.48000,1.02194,0.99877,0.00086,0.00031,0.00006
53.62000,1.02194,0.99869,0.00093,0.00032,0.00006
53.76000,1.02194,0.99883,0.00081,0.00030,0.00006
53.90000,1.02193,0.99889,0.00077,0.00028,0.00006
54.04000,1.02194,0.99896,0.00072,0.00026,0.00006
54.18000,1.02194,0.99879,0.00085,0.00030,0.00006
54.32000,1.02194,0.99876,0.00088,0.00030,0.00006
54.46000,1.02194,0.99899,0.00071,0.00025,0.00005
54.60000,1.02194,0.99909,0.00061,0.00024,0.00006
54.74000,1.02193,0.99902,0.00067,0.00025,0.00006
54.88000,1.02194,0.99900,0.00068,0.00026,0.00006
55.02000,1.02194,0.99888,0.00079,0.00028,0.00005
55.16000,1.02194,0.99901,0.00068,0.00025,0.00006
55.30000,1.02194,0.99895,0.00073,0.00027,0.00006
55.44000,1.02194,0.99886,0.00079,0.00029,0.00006
55.58000,1.02193,0.99888,0.00078,0.00029,0.00006
55.72000,1.02193,0.99882,0.00081,0.00031,0.00006
55.86000,1.02194,0.99886,0.00079,0.00029,0.00006
56.00000,1.02194,0.99888,0.00079,0.00028,0.00006
56.14000,1.02194,0.99898,0.00071,0.00026,0.00006
56.28000,1.02194,0.99903,0.00066,0.00025,0.00006
56.42000,1.02194,0.99908,0.00064,0.00023,0.00005
56.56000,1.02193,0.99899,0.00071,0.00025,0.00006
56.70000,1.02194,0.99906,0.00064,0.00024,0.00006
56.84000,1.02194,0.99909,0.00063,0.00023,0.00005
56.98000,1.02194,0.99916,0.00056,0.00022,0.00006
57.12000,1.02194,0.99910,0.00059,0.00024,0.00007
57.26000,1.02194,0.99890,0.00076,0.00027,0.00006
57.40000,1.02193,0.99882,0.00082,0.00030,0.00006
57.54000,1.02194,0.99889,0.00076,0.00029,0.00007
57.68000,1.02194,0.99904,0.00064,0.00026,0.00007
57.82000,1.02194,0.99888,0.00077,0.00029,0.00006
57.96000,1.02194,0.99890,0.00075,0.00029,0.00007
58.10000,1.02194,0.99891,0.00075,0.00027,0.00006
58.24000,1.02193,0.99889,0.00077,0.00028,0.00006
58.38000,1.02194,0.99888,0.00078,0.00029,0.00006
58.52000,1.02194,0.99901,0.00068,0.00026,0.00006
58.66000,1.02194,0.99884,0.00081,0.00029,0.00006
58.80000,1.02194,0.99897,0.00071,0.00026,0.00006
58.94000,1.02194,0.99904,0.00066,0.00025,0.00006
59.08000,1.02193,0.99911,0.00060,0.00023,0.00006
59.22000,1.02193,0.99903,0.00066,0.00025,0.00006
59.36000,1.02194,0.99901,0.00069,0.00024,0.00005
59.50000,1.02194,0.99912,0.00060,0.00022,0.00005
59.64000,1.02194,0.99911,0.00061,0.00022,0.00006
59.78000,1.02194,0.99916,0.00057,0.00022,0.00006
59.92000,1.02194,0.99901,0.00069,0.00024,0.00005
60.06000,1.02193,0.99894,0.00073,0.00026,0.00007
60.20000,1.02194,0.99859,0.00095,0.00037,0.00009
60.34000,1.02194,0.99865,0.00095,0.00033,0.00007
60.48000,1.02194,0.99876,0.00087,0.00030,0.00006
60.62000,1.02194,0.99874,0.00085,0.00033,0.00008
60.76000,1.02194,0.99834,0.00112,0.00044,0.00011
60.90000,1.02193,0.99868,0.00082,0.00037,0.00013
61.04000,1.02194,0.99902,0.00062,0.00027,0.00010
61.18000,1.02194,0.99916,0.00053,0.00023,0.00008
61.32000,1.02194,0.99888,0.00074,0.00030,0.00008
61.46000,1.02194,0.99875,0.00087,0.00031,0.00007
61.60000,1.02194,0.99862,0.00096,0.00036,0.00007
61.74000,1.02193,0.99888,0.00075,0.00030,0.00007
61.88000,1.02194,0.99892,0.00074,0.00028,0.00006
62.02000,1.02194,0.99904,0.00063,0.00026,0.00007
62.16000,1.02194,0.99895,0.00072,0.00027,0.00006
62.30000,1.02194,0.99875,0.00087,0.00032,0.00006
62.44000,1.02194,0.99881,0.00083,0.00030,0.00006
62.58000,1.02193,0.99902,0.00067,0.00025,0.00006
62.72000,1.02193,0.99902,0.00066,0.00025,0.00006
62.86000,1.02194,0.99885,0.00081,0.00028,0.00006
63.00000,1.02193,0.99891,0.00075,0.00028,0.00006
63.14000,1.02193,0.99898,0.00068,0.00027,0.00006
63.28000,1.02194,0.99884,0.00082,0.00029,0.00006
63.42000,1.02194,0.99902,0.00067,0.00025,0.00006
63.56000,1.02194,0.99897,0.00071,0.00026,0.00006
63.70000,1.02194,0.99897,0.00072,0.00025,0.00005
63.84000,1.02194,0.99889,0.00078,0.00028,0.00006
63.98000,1.02194,0.99909,0.00060,0.00024,0.00006
64.12000,1.02193,0.99906,0.00065,0.00024,0.00006
64.26000,1.02193,0.99909,0.00063,0.00023,0.00005
64.40000,1.02193,0.99907,0.00063,0.00024,0.00006
64.54000,1.02193,0.99904,0.00067,0.00024,0.00005
64.68000,1.02193,0.99906,0.00066,0.00023,0.00005
64.82000,1.02193,0.99915,0.00058,0.00022,0.00005
64.96000,1.02194,0.99905,0.00063,0.00025,0.00006
65.10000,1.02194,0.99900,0.00069,0.00026,0.00005
65.24000,1.02194,0.99902,0.00068,0.00025,0.00006
65.38000,1.02194,0.99901,0.00068,0.00026,0.00006
65.52000,1.02194,0.99895,0.00071,0.00028,0.00007
65.66000,1.02193,0.99894,0.00075,0.00025,0.00005
65.80000,1.02193,0.99899,0.00070,0.00025,0.00006
65.94000,1.02193,0.99910,0.00060,0.00023,0.00007
66.08000,1.02193,0.99900,0.00069,0.00025,0.00006
66.22000,1.02193,0.99906,0.00063,0.00025,0.00006
66.36000,1.02193,0.99908,0.00061,0.00024,0.00007
66.50000,1.02193,0.99887,0.00078,0.00029,0.00006
66.64000,1.02193,0.99902,0.00067,0.00025,0.00006
66.78000,1.02194,0.99874,0.00088,0.00032,0.00006
66.92000,1.02194,0.99888,0.00077,0.00028,0.00006
67.06000,1.02194,0.99901,0.00068,0.00026,0.00006
67.20000,1.02194,0.99896,0.00072,0.00026,0.00006
67.34000,1.02194,0.99902,0.00068,0.00025,0.00005
67.48000,1.02193,0.99904,0.00065,0.00025,0.00006
67.62000,1.02193,0.99906,0.00065,0.00024,0.00005
67.76000,1.02193,0.99908,0.00062,0.00024,0.00006
67.90000,1.02193,0.99914,0.00059,0.00022,0.00005
68.04000,1.02193,0.99906,0.00065,0.00023,0.00005
68.18000,1.02193,0.99919,0.00055,0.00021,0.00006
68.32000,1.02193,0.99911,0.00063,0.00022,0.00005
68.46000,1.02194,0.99918,0.00056,0.00021,0.00006
68.60000,1.02194,0.99908,0.00064,0.00023,0.00006
68.74000,1.02194,0.99897,0.00071,0.00026,0.00005
68.88000,1.02194,0.99914,0.00057,0.00023,0.00006
69.02000,1.02194,0.99901,0.00067,0.00025,0.00006
69.16000,1.02193,0.99888,0.00078,0.00028,0.00005
69.30000,1.02193,0.99901,0.00068,0.00025,0.00006
69.44000,1.02193,0.99891,0.00075,0.00028,0.00006
69.58000,1.02193,0.99904,0.00066,0.00024,0.00005
69.72000,1.02193,0.99898,0.00071,0.00025,0.00005
69.86000,1.02193,0.99900,0.00068,0.00026,0.00006
70.00000,1.02193,0.99899,0.00068,0.00027,0.00006
70.14000,1.02193,0.99893,0.00075,0.00027,0.00006
70.28000,1.02194,0.99893,0.00073,0.00028,0.00006
70.42000,1.02194,0.99899,0.00070,0.00026,0.00005
70.56000,1.02194,0.99885,0.00081,0.00029,0.00006
70.70000,1.02194,0.99897,0.00071,0.00026,0.00006
70.84000,1.02194,0.99891,0.00076,0.00028,0.00006
70.98000,1.02193,0.99891,0.00076,0.00027,0.00006
71.12000,1.02193,0.99896,0.00070,0.00028,0.00006
71.26000,1.02193,0.99888,0.00077,0.00028,0.00006
71.40000,1.02193,0.99903,0.00066,0.00025,0.00006
71.54000,1.02193,0.99894,0.00073,0.00027,0.00006
71.68000,1.02193,0.99893,0.00075,0.00026,0.00005
71.82000,1.02193,0.99901,0.00069,0.00024,0.00005
71.96000,1.02194,0.99922,0.00052,0.00020,0.00006
72.10000,1.02194,0.99910,0.00062,0.00023,0.00006
72.24000,1.02194,0.99908,0.00063,0.00023,0.00006
72.38000,1.02194,0.99903,0.00066,0.00025,0.00006
72.52000,1.02194,0.99906,0.00065,0.00024,0.00006
72.66000,1.02193,0.99904,0.00065,0.00025,0.00006
72.80000,1.02193,0.99896,0.00071,0.00027,0.00006
72.94000,1.02193,0.99900,0.00067,0.00027,0.00006
73.08000,1.02193,0.99900,0.00068,0.00026,0.00006
73.22000,1.02193,0.99887,0.00079,0.00028,0.00006
73.36000,1.02193,0.99896,0.00073,0.00026,0.00005
73.50000,1.02193,0.99901,0.00068,0.00025,0.00006
73.64000,1.02193,0.99892,0.00076,0.00027,0.00006
73.78000,1.02194,0.99899,0.00068,0.00026,0.00006
73.92000,1.02194,0.99892,0.00074,0.00028,0.00006
74.06000,1.02194,0.99877,0.00086,0.00031,0.00006
74.20000,1.02194,0.99897,0.00070,0.00027,0.00006
74.34000,1.02194,0.99897,0.00070,0.00027,0.00006
74.48000,1.02193,0.99882,0.00083,0.00029,0.00006
74.62000,1.02193,0.99887,0.00079,0.00029,0.00006
74.76000,1.02193,0.99890,0.00077,0.00027,0.00006
74.90000,1.02193,0.99903,0.00067,0.00024,0.00006
75.04000,1.02193,0.99911,0.00059,0.00023,0.00007
75.18000,1.02193,0.99899,0.00070,0.00026,0.00006
75.32000,1.02193,0.99901,0.00069,0.00024,0.00005
75.46000,1.02194,0.99908,0.00063,0.00023,0.00006
75.60000,1.02194,0.99912,0.00059,0.00023,0.00006
75.74000,1.02194,0.99912,0.00060,0.00023,0.00006
75.88000,1.02194,0.99901,0.00068,0.00024,0.00006
76.02000,1.02194,0.99907,0.00062,0.00024,0.00006
76.16000,1.02193,0.99900,0.00068,0.00026,0.00006
76.30000,1.02193,0.99900,0.00068,0.00026,0.00006
76.44000,1.02193,0.99895,0.00072,0.00027,0.00006
76.58000,1.02193,0.99895,0.00070,0.00028,0.00007
76.72000,1.02193,0.99883,0.00081,0.00030,0.00006
76.86000,1.02193,0.99888,0.00077,0.00029,0.00006
77.00000,1.02193,0.99896,0.00072,0.00026,0.00006
77.14000,1.02193,0.99901,0.00069,0.00025,0.00006
77.28000,1.02194,0.99904,0.00067,0.00024,0.00005
77.42000,1.02194,0.99915,0.00059,0.00021,0.00005
77.56000,1.02194,0.99914,0.00059,0.00022,0.00006
77.70000,1.02194,0.99916,0.00058,0.00021,0.00006
77.84000,1.02194,0.99901,0.00068,0.00025,0.00006
77.98000,1.02193,0.99907,0.00063,0.00024,0.00006
78.12000,1.02193,0.99905,0.00065,0.00025,0.00006
78.26000,1.02193,0.99900,0.00068,0.00025,0.00006
78.40000,1.02193,0.99908,0.00063,0.00024,0.00006
78.54000,1.02193,0.99891,0.00077,0.00027,0.00005
78.68000,1.02193,0.99905,0.00066,0.00024,0.00005
78.82000,1.02193,0.99907,0.00062,0.00025,0.00006
78.96000,1.02194,0.99895,0.00073,0.00027,0.00006
79.10000,1.02194,0.99899,0.00069,0.00026,0.00006
79.24000,1.02194,0.99903,0.00066,0.00025,0.00006
79.38000,1.02194,0.99895,0.00073,0.00026,0.00006
79.52000,1.02194,0.99889,0.00077,0.00028,0.00006
79.66000,1.02193,0.99893,0.00074,0.00027,0.00006
79.80000,1.02193,0.99891,0.00075,0.00028,0.00006
79.94000,1.02193,0.99899,0.00070,0.00026,0.00006
80.08000,1.02193,0.99908,0.00063,0.00023,0.00006
80.22000,1.02193,0.99912,0.00059,0.00022,0.00006
80.36000,1.02193,0.99921,0.00054,0.00020,0.00006
80.50000,1.02193,0.99918,0.00056,0.00021,0.00005
80.64000,1.02193,0.99913,0.00061,0.00021,0.00005
80.78000,1.02194,0.99923,0.00051,0.00020,0.00006
80.92000,1.02194,0.99906,0.00062,0.00025,0.00007
81.06000,1.02194,0.99898,0.00068,0.00027,0.00006
81.20000,1.02194,0.99894,0.00073,0.00027,0.00006
81.34000,1.02194,0.99891,0.00075,0.00028,0.00006
81.48000,1.02193,0.99880,0.00085,0.00029,0.00005
81.62000,1.02193,0.99885,0.00080,0.00029,0.00006
81.76000,1.02193,0.99895,0.00071,0.00028,0.00006
81.90000,1.02193,0.99895,0.00071,0.00027,0.00007
82.04000,1.02193,0.99885,0.00080,0.00029,0.00006
82.18000,1.02193,0.99893,0.00074,0.00027,0.00006
82.32000,1.02193,0.99882,0.00083,0.00029,0.00006
82.46000,1.02194,0.99897,0.00072,0.00025,0.00006
82.60000,1.02194,0.99895,0.00070,0.00028,0.00007
82.74000,1.02194,0.99887,0.00077,0.00030,0.00007
82.88000,1.02194,0.99885,0.00076,0.00031,0.00007
83.02000,1.02194,0.99867,0.00091,0.00035,0.00007
83.16000,1.02193,0.99864,0.00094,0.00035,0.00007
83.30000,1.02193,0.99867,0.00094,0.00033,0.00006
83.44000,1.02193,0.99867,0.00094,0.00033,0.00006
83.58000,1.02193,0.99887,0.00077,0.00029,0.00006
83.72000,1.02193,0.99893,0.00074,0.00027,0.00006
83.86000,1.02193,0.99886,0.00079,0.00029,0.00006
84.00000,1.02193,0.99898,0.00070,0.00026,0.00006
84.14000,1.02193,0.99896,0.00071,0.00027,0.00006
84.28000,1.02194,0.99889,0.00078,0.00028,0.00005
84.42000,1.02194,0.99904,0.00065,0.00025,0.00006
84.56000,1.02194,0.99901,0.00068,0.00025,0.00006
84.70000,1.02194,0.99904,0.00066,0.00025,0.00006
84.84000,1.02194,0.99895,0.00074,0.00026,0.00005
84.98000,1.02193,0.99890,0.00076,0.00028,0.00006
85.12000,1.02193,0.99898,0.00070,0.00026,0.00006
85.26000,1.02193,0.99908,0.00063,0.00023,0.00006
85.40000,1.02193,0.99889,0.00076,0.00029,0.00006
85.54000,1.02193,0.99882,0.00080,0.00031,0.00007
85.68000,1.02193,0.99883,0.00082,0.00029,0.00005
85.82000,1.02193,0.99896,0.00072,0.00026,0.00005
85.96000,1.02194,0.99905,0.00064,0.00025,0.00006
86.10000,1.02194,0.99887,0.00080,0.00028,0.00005
86.24000,1.02194,0.99892,0.00076,0.00027,0.00005
86.38000,1.02194,0.99902,0.00068,0.00025,0.00006
86.52000,1.02194,0.99903,0.00067,0.00024,0.00005
86.66000,1.02193,0.99908,0.00064,0.00023,0.00005
86.80000,1.02193,0.99915,0.00057,0.00022,0.00006
86.94000,1.02193,0.99913,0.00061,0.00022,0.00005
87.08000,1.02193,0.99920,0.00055,0.00020,0.00005
87.22000,1.02193,0.99912,0.00060,0.00022,0.00005
87.36000,1.02193,0.99928,0.00049,0.00018,0.00005
87.50000,1.02193,0.99929,0.00049,0.00018,0.00005
87.64000,1.02193,0.99927,0.00050,0.00018,0.00005
87.78000,1.02194,0.99913,0.00059,0.00022,0.00006
87.92000,1.02194,0.99911,0.00061,0.00023,0.00006
88.06000,1.02194,0.99931,0.00045,0.00018,0.00005
88.20000,1.02194,0.99926,0.00049,0.00019,0.00005
88.34000,1.02194,0.99916,0.00057,0.00022,0.00005
88.48000,1.02193,0.99913,0.00061,0.00022,0.00005
88.62000,1.02193,0.99915,0.00060,0.00021,0.00005
88.76000,1.02193,0.99921,0.00054,0.00020,0.00005
88.90000,1.02193,0.99930,0.00047,0.00018,0.00005
89.04000,1.02193,0.99911,0.00060,0.00023,0.00006
89.18000,1.02193,0.99910,0.00061,0.00023,0.00006
89.32000,1.02193,0.99902,0.00066,0.00026,0.00006
89.46000,1.02194,0.99895,0.00074,0.00025,0.00005
89.60000,1.02194,0.99915,0.00058,0.00021,0.00005
89.74000,1.02194,0.99902,0.00069,0.00024,0.00005
89.88000,1.02194,0.99911,0.00062,0.00022,0.00005
90.02000,1.02194,0.99917,0.00054,0.00022,0.00007
90.16000,1.02193,0.99914,0.00057,0.00023,0.00006
90.30000,1.02193,0.99899,0.00068,0.00027,0.00006
90.44000,1.02193,0.99896,0.00072,0.00027,0.00006
90.58000,1.02193,0.99891,0.00077,0.00027,0.00005
90.72000,1.02193,0.99893,0.00076,0.00026,0.00005
90.86000,1.02193,0.99892,0.00074,0.00028,0.00006
91.00000,1.02193,0.99898,0.00068,0.00027,0.00007
91.14000,1.02193,0.99896,0.00072,0.00027,0.00006
91.28000,1.02194,0.99898,0.00070,0.00026,0.00006
91.42000,1.02194,0.99889,0.00076,0.00029,0.00006
91.56000,1.02194,0.99874,0.00089,0.00032,0.00006
91.70000,1.02194,0.99874,0.00087,0.00033,0.00006
91.84000,1.02194,0.99870,0.00090,0.00033,0.00006
91.98000,1.02193,0.99874,0.00088,0.00032,0.00006
92.12000,1.02193,0.99867,0.00094,0.00033,0.00006
92.26000,1.02193,0.99868,0.00092,0.00034,0.00006
92.40000,1.02193,0.99861,0.00099,0.00034,0.00006
92.54000,1.02193,0.99880,0.00081,0.00031,0.00007
92.68000,1.02193,0.99873,0.00089,0.00032,0.00006
92.82000,1.02193,0.99882,0.00080,0.00031,0.00007
92.96000,1.02194,0.99869,0.00093,0.00032,0.00006
93.10000,1.02194,0.99880,0.00083,0.00030,0.00006
93.24000,1.02194,0.99887,0.00079,0.00028,0.00006
93.38000,1.02194,0.99907,0.00063,0.00024,0.00006
93.52000,1.02194,0.99901,0.00069,0.00024,0.00005
93.66000,1.02193,0.99908,0.00062,0.00024,0.00006
93.80000,1.02193,0.99911,0.00060,0.00023,0.00006
93.94000,1.02193,0.99914,0.00058,0.00022,0.00006
94.08000,1.02193,0.99912,0.00061,0.00022,0.00005
94.22000,1.02193,0.99909,0.00063,0.00023,0.00005
94.36000,1.02193,0.99898,0.00072,0.00025,0.00005
94.50000,1.02193,0.99915,0.00058,0.00022,0.00005
94.64000,1.02193,0.99920,0.00054,0.00020,0.00005
94.78000,1.02194,0.99924,0.00050,0.00020,0.00006
94.92000,1.02194,0.99915,0.00059,0.00021,0.00005
95.06000,1.02194,0.99915,0.00059,0.00021,0.00005
95.20000,1.02194,0.99926,0.00050,0.00018,0.00005
95.34000,1.02194,0.99928,0.00049,0.00018,0.00005
95.48000,1.02193,0.99921,0.00053,0.00020,0.00005
95.62000,1.02193,0.99917,0.00056,0.00021,0.00005
95.76000,1.02193,0.99915,0.00057,0.00022,0.00006
95.90000,1.02193,0.99911,0.00060,0.00023,0.00006
96.04000,1.02193,0.99911,0.00060,0.00023,0.00006
96.18000,1.02193,0.99901,0.00069,0.00025,0.00005
96.32000,1.02193,0.99906,0.00064,0.00024,0.00006
96.46000,1.02194,0.99911,0.00061,0.00022,0.00006
96.60000,1.02194,0.99907,0.00065,0.00023,0.00005
96.74000,1.02194,0.99914,0.00059,0.00022,0.00006
96.88000,1.02194,0.99903,0.00065,0.00025,0.00007
97.02000,1.02194,0.99896,0.00071,0.00027,0.00006
97.16000,1.02193,0.99891,0.00074,0.00028,0.00007
97.30000,1.02193,0.99897,0.00069,0.00027,0.00007
97.44000,1.02193,0.99888,0.00077,0.00029,0.00006
97.58000,1.02193,0.99902,0.00068,0.00025,0.00006
97.72000,1.02193,0.99900,0.00069,0.00026,0.00006
97.86000,1.02193,0.99901,0.00070,0.00024,0.00005
98.00000,1.02193,0.99897,0.00072,0.00026,0.00005
98.14000,1.02193,0.99905,0.00065,0.00024,0.00006
98.28000,1.02194,0.99906,0.00065,0.00024,0.00006
98.42000,1.02194,0.99900,0.00067,0.00026,0.00006
98.56000,1.02194,0.99903,0.00065,0.00026,0.00006
98.70000,1.02194,0.99887,0.00080,0.00027,0.00005
98.84000,1.02194,0.99899,0.00070,0.00026,0.00006
98.98000,1.02193,0.99895,0.00073,0.00026,0.00006
99.12000,1.02193,0.99888,0.00079,0.00027,0.00006
99.26000,1.02193,0.99914,0.00058,0.00022,0.00006
99.40000,1.02193,0.99912,0.00058,0.00023,0.00007
99.54000,1.02193,0.99900,0.00069,0.00025,0.00006
99.68000,1.02193,0.99905,0.00064,0.00025,0.00007
99.82000,1.02193,0.99910,0.00060,0.00024,0.00006
99.96000,1.02194,0.99909,0.00062,0.00023,0.00006
100.10000,1.02194,0.99912,0.00061,0.00022,0.00005
100.24000,1.02194,0.99911,0.00061,0.00023,0.00005
100.38000,1.02194,0.99902,0.00068,0.00024,0.00005
100.52000,1.02194,0.99913,0.00059,0.00022,0.00006
100.66000,1.02193,0.99912,0.00059,0.00023,0.00006
100.80000,1.02193,0.99914,0.00060,0.00021,0.00005
100.94000,1.02193,0.99912,0.00060,0.00022,0.00006
101.08000,1.02193,0.99906,0.00064,0.00024,0.00006
101.22000,1.02193,0.99905,0.00066,0.00024,0.00005
101.36000,1.02193,0.99906,0.00064,0.00024,0.00006
101.50000,1.02193,0.99911,0.00059,0.00024,0.00006
101.64000,1.02193,0.99898,0.00067,0.00028,0.00007
101.78000,1.02194,0.99883,0.00082,0.00029,0.00005
101.92000,1.02194,0.99890,0.00077,0.00027,0.00006
102.06000,1.02194,0.99878,0.00086,0.00030,0.00006
102.20000,1.02194,0.99884,0.00081,0.00030,0.00006
102.34000,1.02194,0.99887,0.00078,0.00029,0.00006
102.48000,1.02193,0.99901,0.00067,0.00026,0.00006
102.62000,1.02193,0.99898,0.00069,0.00026,0.00006
102.76000,1.02193,0.99892,0.00076,0.00027,0.00005
102.90000,1.02193,0.99905,0.00067,0.00023,0.00005
103.04000,1.02193,0.99915,0.00059,0.00021,0.00005
103.18000,1.02193,0.99919,0.00055,0.00021,0.00005
103.32000,1.02193,0.99921,0.00055,0.00019,0.00005
103.46000,1.02194,0.99917,0.00058,0.00021,0.00005
103.60000,1.02194,0.99924,0.00052,0.00019,0.00005
103.74000,1.02194,0.99920,0.00055,0.00021,0.00005
103.88000,1.02194,0.99913,0.00059,0.00022,0.00005
104.02000,1.02194,0.99919,0.00055,0.00021,0.00005
104.16000,1.02193,0.99907,0.00065,0.00024,0.00005
104.30000,1.02193,0.99911,0.00061,0.00023,0.00006
104.44000,1.02193,0.99909,0.00062,0.00023,0.00006
104.58000,1.02193,0.99903,0.00066,0.00025,0.00006
104.72000,1.02193,0.99892,0.00074,0.00028,0.00006
104.86000,1.02193,0.99891,0.00074,0.00029,0.00006
105.00000,1.02193,0.99894,0.00072,0.00028,0.00006
105.14000,1.02193,0.99883,0.00080,0.00030,0.00006
105.28000,1.02194,0.99872,0.00090,0.00032,0.00006
105.42000,1.02194,0.99882,0.00083,0.00029,0.00006
105.56000,1.02194,0.99900,0.00069,0.00026,0.00006
105.70000,1.02194,0.99887,0.00079,0.00029,0.00006
105.84000,1.02194,0.99895,0.00070,0.00028,0.00006
105.98000,1.02193,0.99901,0.00067,0.00026,0.00006
106.12000,1.02193,0.99882,0.00082,0.00030,0.00006
106.26000,1.02193,0.99883,0.00082,0.00029,0.00005
106.40000,1.02193,0.99888,0.00078,0.00028,0.00006
106.54000,1.02193,0.99887,0.00079,0.00028,0.00006
106.68000,1.02193,0.99890,0.00075,0.00028,0.00007
106.82000,1.02193,0.99899,0.00068,0.00026,0.00007
106.96000,1.02194,0.99891,0.00076,0.00028,0.00006
107.10000,1.02194,0.99899,0.00069,0.00026,0.00006
107.24000,1.02194,0.99889,0.00077,0.00028,0.00006
107.38000,1.02194,0.99897,0.00071,0.00026,0.00006
107.52000,1.02194,0.99891,0.00077,0.00027,0.00005
107.66000,1.02193,0.99891,0.00075,0.00028,0.00006
107.80000,1.02193,0.99894,0.00074,0.00027,0.00006
107.94000,1.02193,0.99902,0.00067,0.00025,0.00006
108.08000,1.02193,0.99911,0.00061,0.00022,0.00006
108.22000,1.02193,0.99917,0.00056,0.00021,0.00006
108.36000,1.02193,0.99918,0.00055,0.00021,0.00006
108.50000,1.02193,0.99918,0.00057,0.00020,0.00005
108.64000,1.02193,0.99925,0.00051,0.00019,0.00006
108.78000,1.02194,0.99904,0.00067,0.00024,0.00006
108.92000,1.02194,0.99891,0.00077,0.00027,0.00006
109.06000,1.02194,0.99903,0.00066,0.00025,0.00006
109.20000,1.02194,0.99893,0.00073,0.00027,0.00007
109.34000,1.02194,0.99882,0.00080,0.00031,0.00007
109.48000,1.02193,0.99888,0.00077,0.00029,0.00006
109.62000,1.02193,0.99892,0.00074,0.00028,0.00006
109.76000,1.02193,0.99886,0.00077,0.00030,0.00007
109.90000,1.02193,0.99884,0.00080,0.00030,0.00006
110.04000,1.02193,0.99892,0.00076,0.00027,0.00005
110.18000,1.02193,0.99903,0.00066,0.00025,0.00006
110.32000,1.02193,0.99907,0.00064,0.00024,0.00005
110.46000,1.02194,0.99854,0.00101,0.00037,0.00007
110.60000,1.02194,0.99577,0.00336,0.00072,0.00016
110.74000,1.02194,0.99659,0.00250,0.00074,0.00018
110.88000,1.02194,0.99628,0.00267,0.00087,0.00018
111.02000,1.02194,0.99504,0.00346,0.00126,0.00024
111.16000,1.02193,0.99382,0.00444,0.00141,0.00033
111.30000,1.02193,0.98854,0.00836,0.00251,0.00060
111.44000,1.02193,0.99543,0.00358,0.00086,0.00013
111.58000,1.02193,0.99416,0.00465,0.00103,0.00016
111.72000,1.02193,0.99336,0.00507,0.00133,0.00024
111.86000,1.02193,0.99398,0.00439,0.00123,0.00040
112.00000,1.02193,0.99361,0.00438,0.00152,0.00049
112.14000,1.02193,0.99205,0.00583,0.00171,0.00041
112.28000,1.02194,0.99495,0.00347,0.00116,0.00042
112.42000,1.02194,0.99454,0.00391,0.00124,0.00030
112.56000,1.02194,0.99557,0.00305,0.00103,0.00035
112.70000,1.02194,0.99553,0.00313,0.00103,0.00031
112.84000,1.02194,0.99612,0.00252,0.00095,0.00041
112.98000,1.02193,0.99638,0.00238,0.00095,0.00029
113.12000,1.02193,0.99664,0.00223,0.00083,0.00030
113.26000,1.02193,0.99588,0.00280,0.00103,0.00029
113.40000,1.02193,0.99597,0.00277,0.00096,0.00030
113.54000,1.02193,0.99604,0.00261,0.00097,0.00038
113.68000,1.02193,0.99139,0.00606,0.00172,0.00083
113.82000,1.02193,0.98357,0.01134,0.00276,0.00233
113.96000,1.02194,0.95791,0.03278,0.00477,0.00454
114.10000,1.02194,0.90149,0.08104,0.00766,0.00981
114.24000,1.02194,0.87253,0.10504,0.00835,0.01407
114.38000,1.02194,0.75646,0.21614,0.00942,0.01797
114.52000,1.02194,0.81657,0.16566,0.00596,0.01181
114.66000,1.02193,0.82471,0.15975,0.00467,0.01087
114.80000,1.02193,0.66813,0.31706,0.00593,0.00888
114.94000,1.02193,0.63832,0.34874,0.00595,0.00699
115.08000,1.02193,0.89846,0.08950,0.00352,0.00853
115.22000,1.02193,0.88537,0.10721,0.00509,0.00233
115.36000,1.02193,0.98208,0.01379,0.00202,0.00211
115.50000,1.02193,0.99175,0.00645,0.00120,0.00060
115.64000,1.02193,0.99706,0.00189,0.00066,0.00039
115.78000,1.02194,0.99900,0.00062,0.00025,0.00013
115.92000,1.02194,0.99918,0.00052,0.00022,0.00008
116.06000,1.02194,0.99905,0.00064,0.00025,0.00006
116.20000,1.02194,0.99894,0.00073,0.00027,0.00006
116.34000,1.02194,0.99885,0.00080,0.00029,0.00006
116.48000,1.02193,0.99887,0.00079,0.00028,0.00006
116.62000,1.02193,0.99896,0.00072,0.00026,0.00005
116.76000,1.02193,0.99893,0.00073,0.00028,0.00006
116.90000,1.02193,0.99891,0.00076,0.00028,0.00006
117.04000,1.02193,0.99899,0.00070,0.00026,0.00006
117.18000,1.02193,0.99903,0.00068,0.00024,0.00005
117.32000,1.02193,0.99900,0.00070,0.00025,0.00005
117.46000,1.02194,0.99910,0.00062,0.00022,0.00005
117.60000,1.02194,0.99907,0.00065,0.00023,0.00005
117.74000,1.02194,0.99919,0.00057,0.00019,0.00005
117.88000,1.02194,0.99919,0.00056,0.00020,0.00005
118.02000,1.02194,0.99918,0.00056,0.00020,0.00005
118.16000,1.02193,0.99927,0.00050,0.00019,0.00005
118.30000,1.02193,0.99920,0.00055,0.00019,0.00005
118.44000,1.02193,0.99923,0.00052,0.00019,0.00005
118.58000,1.02193,0.99920,0.00055,0.00020,0.00005
118.72000,1.02193,0.99912,0.00062,0.00022,0.00005
118.86000,1.02193,0.99916,0.00059,0.00021,0.00005
119.00000,1.02193,0.99935,0.00042,0.00017,0.00006
119.14000,1.02193,0.99919,0.00056,0.00020,0.00005
119.28000,1.02194,0.99913,0.00061,0.00021,0.00005
119.42000,1.02194,0.99923,0.00053,0.00019,0.00005
119.56000,1.02194,0.99918,0.00057,0.00020,0.00005
119.70000,1.02194,0.99929,0.00048,0.00018,0.00005
119.84000,1.02194,0.99917,0.00056,0.00021,0.00006
119.98000,1.02193,0.99916,0.00057,0.00021,0.00006
120.12000,1.02193,0.99911,0.00062,0.00022,0.00005
120.26000,1.02193,0.99906,0.00064,0.00024,0.00006
120.40000,1.02193,0.99898,0.00071,0.00025,0.00005
120.54000,1.02193,0.99893,0.00074,0.00026,0.00006
120.68000,1.02193,0.99899,0.00068,0.00026,0.00006
120.82000,1.02193,0.99889,0.00077,0.00029,0.00006
120.96000,1.02194,0.99888,0.00078,0.00028,0.00006
121.10000,1.02194,0.99888,0.00078,0.00028,0.00006
121.24000,1.02194,0.99887,0.00078,0.00029,0.00006
121.38000,1.02194,0.99876,0.00088,0.00030,0.00005
121.52000,1.02194,0.99888,0.00077,0.00029,0.00006
121.66000,1.02193,0.99882,0.00082,0.00030,0.00006
121.80000,1.02193,0.99883,0.00082,0.00029,0.00005
121.94000,1.02193,0.99893,0.00075,0.00026,0.00006
122.08000,1.02193,0.99902,0.00067,0.00025,0.00006
122.22000,1.02193,0.99891,0.00077,0.00027,0.00005
122.36000,1.02193,0.99895,0.00073,0.00027,0.00006
122.50000,1.02193,0.99899,0.00070,0.00026,0.00005
122.64000,1.02193,0.99903,0.00065,0.00026,0.00006
122.78000,1.02194,0.99879,0.00085,0.00031,0.00006
122.92000,1.02194,0.99863,0.00096,0.00034,0.00006
123.06000,1.02194,0.99869,0.00091,0.00034,0.00006
123.20000,1.02194,0.99876,0.00086,0.00032,0.00006
123.34000,1.02194,0.99851,0.00102,0.00039,0.00007
123.48000,1.02193,0.99847,0.00106,0.00038,0.00008
123.62000,1.02193,0.99848,0.00109,0.00036,0.00006
123.76000,1.02193,0.99850,0.00106,0.00037,0.00007
123.90000,1.02193,0.99881,0.00081,0.00030,0.00008
124.04000,1.02193,0.99871,0.00089,0.00032,0.00008
124.18000,1.02193,0.99919,0.00048,0.00021,0.00012
124.32000,1.02193,0.99901,0.00068,0.00024,0.00006
124.46000,1.02194,0.99919,0.00054,0.00021,0.00006
124.60000,1.02194,0.99915,0.00056,0.00022,0.00007
124.74000,1.02194,0.99910,0.00061,0.00023,0.00006
124.88000,1.02194,0.99893,0.00074,0.00027,0.00006
125.02000,1.02194,0.99897,0.00069,0.00027,0.00007
125.16000,1.02193,0.99906,0.00062,0.00025,0.00008
125.30000,1.02193,0.99921,0.00051,0.00020,0.00007
125.44000,1.02193,0.99917,0.00056,0.00021,0.00006
125.58000,1.02193,0.99921,0.00054,0.00020,0.00005
125.72000,1.02193,0.99911,0.00062,0.00021,0.00005
125.86000,1.02193,0.99924,0.00051,0.00019,0.00006
126.00000,1.02193,0.99921,0.00053,0.00020,0.00006
126.14000,1.02193,0.99913,0.00060,0.00021,0.00005
126.28000,1.02194,0.99919,0.00054,0.00021,0.00006
126.42000,1.02194,0.99910,0.00060,0.00023,0.00007
126.56000,1.02194,0.99896,0.00072,0.00026,0.00006
126.70000,1.02194,0.99897,0.00071,0.00026,0.00006
126.84000,1.02194,0.99904,0.00065,0.00024,0.00006
126.98000,1.02193,0.99893,0.00074,0.00027,0.00007
127.12000,1.02193,0.99900,0.00067,0.00026,0.00007
127.26000,1.02193,0.99895,0.00073,0.00026,0.00006
127.40000,1.02193,0.99911,0.00061,0.00023,0.00006
127.54000,1.02193,0.99921,0.00052,0.00021,0.00006
127.68000,1.02193,0.99916,0.00057,0.00021,0.00005
127.82000,1.02193,0.99909,0.00064,0.00022,0.00005
127.96000,1.02193,0.99919,0.00055,0.00020,0.00005
128.10001,1.02193,0.99915,0.00060,0.00021,0.00005
128.24001,1.02193,0.99924,0.00052,0.00019,0.00005
128.38000,1.02193,0.99922,0.00052,0.00020,0.00006
128.52000,1.02193,0.99930,0.00046,0.00019,0.00006
128.66000,1.02193,0.99906,0.00065,0.00023,0.00006
128.80000,1.02193,0.99908,0.00063,0.00023,0.00006
128.94000,1.02194,0.99915,0.00058,0.00022,0.00006
129.08000,1.02194,0.99908,0.00063,0.00023,0.00006
129.22000,1.02194,0.99918,0.00056,0.00020,0.00005
129.36000,1.02194,0.99923,0.00052,0.00019,0.00006
129.50000,1.02194,0.99913,0.00061,0.00021,0.00005
129.64000,1.02194,0.99914,0.00060,0.00021,0.00005
129.78000,1.02194,0.99914,0.00058,0.00022,0.00006
129.92000,1.02194,0.99916,0.00058,0.00021,0.00005
130.06000,1.02194,0.99914,0.00057,0.00022,0.00006
130.20000,1.02194,0.99903,0.00066,0.00025,0.00006
130.34000,1.02194,0.99888,0.00079,0.00028,0.00006
130.48000,1.02194,0.99895,0.00073,0.00026,0.00006
130.62000,1.02194,0.99898,0.00070,0.00026,0.00006
130.75999,1.02194,0.99893,0.00074,0.00027,0.00006
130.89999,1.02194,0.99890,0.00078,0.00027,0.00005
131.03999,1.02194,0.99903,0.00066,0.00024,0.00006
131.17999,1.02194,0.99907,0.00065,0.00023,0.00005
131.32001,1.02193,0.99908,0.00064,0.00022,0.00005
131.46001,1.02193,0.99918,0.00057,0.00020,0.00005
131.60001,1.02193,0.99921,0.00055,0.00020,0.00005
131.74001,1.02193,0.99925,0.00051,0.00019,0.00005
131.88000,1.02193,0.99930,0.00048,0.00017,0.00005
132.02000,1.02193,0.99923,0.00053,0.00019,0.00005
132.16000,1.02193,0.99927,0.00049,0.00018,0.00005
132.30000,1.02193,0.99917,0.00057,0.00020,0.00005
132.44000,1.02194,0.99923,0.00051,0.00020,0.00006
132.58000,1.02194,0.99923,0.00051,0.00020,0.00006
132.72000,1.02194,0.99903,0.00068,0.00024,0.00005
132.86000,1.02194,0.99912,0.00061,0.00022,0.00006
133.00000,1.02194,0.99918,0.00056,0.00021,0.00006
133.14000,1.02194,0.99909,0.00063,0.00022,0.00006
133.28000,1.02194,0.99913,0.00060,0.00021,0.00005
133.42000,1.02194,0.99917,0.00055,0.00022,0.00006
133.56000,1.02194,0.99907,0.00064,0.00023,0.00006
133.70000,1.02194,0.99905,0.00065,0.00025,0.00006
133.84000,1.02194,0.99917,0.00056,0.00021,0.00006
133.98000,1.02194,0.99909,0.00064,0.00022,0.00005
134.12000,1.02194,0.99918,0.00057,0.00020,0.00006
134.25999,1.02194,0.99918,0.00057,0.00020,0.00005
134.39999,1.02194,0.99916,0.00058,0.00020,0.00006
134.53999,1.02194,0.99921,0.00049,0.00022,0.00008
134.67999,1.02194,0.99921,0.00052,0.00021,0.00006
134.82001,1.02193,0.99920,0.00055,0.00020,0.00005
134.96001,1.02193,0.99915,0.00058,0.00021,0.00006
135.10001,1.02193,0.99918,0.00054,0.00021,0.00006
135.24001,1.02193,0.99915,0.00057,0.00021,0.00006
135.38000,1.02193,0.99912,0.00062,0.00021,0.00005
135.52000,1.02193,0.99926,0.00050,0.00019,0.00005
135.66000,1.02193,0.99909,0.00063,0.00023,0.00006
135.80000,1.02193,0.99910,0.00063,0.00022,0.00005
135.94000,1.02194,0.99921,0.00054,0.00020,0.00006
136.08000,1.02194,0.99920,0.00053,0.00021,0.00006
136.22000,1.02194,0.99912,0.00061,0.00022,0.00005
136.36000,1.02194,0.99920,0.00055,0.00020,0.00005
136.50000,1.02194,0.99918,0.00056,0.00020,0.00006
136.64000,1.02194,0.99912,0.00060,0.00022,0.00006
136.78000,1.02194,0.99907,0.00064,0.00023,0.00006
136.92000,1.02194,0.99909,0.00062,0.00023,0.00006
137.06000,1.02194,0.99908,0.00060,0.00025,0.00008
137.20000,1.02194,0.99886,0.00078,0.00029,0.00006
137.34000,1.02194,0.99869,0.00093,0.00032,0.00007
137.48000,1.02194,0.99887,0.00077,0.00029,0.00007
137.62000,1.02194,0.99894,0.00071,0.00028,0.00007
137.75999,1.02194,0.99885,0.00080,0.00029,0.00006
137.89999,1.02194,0.99880,0.00083,0.00030,0.00007
138.03999,1.02194,0.99889,0.00073,0.00030,0.00008
138.17999,1.02194,0.99887,0.00078,0.00029,0.00006
138.32001,1.02193,0.99904,0.00062,0.00026,0.00007
138.46001,1.02193,0.99899,0.00070,0.00026,0.00006
138.60001,1.02193,0.99885,0.00078,0.00030,0.00007
138.74001,1.02193,0.99886,0.00081,0.00028,0.00006
138.88000,1.02193,0.99915,0.00044,0.00031,0.00010
139.02000,1.02193,0.99655,0.00110,0.00132,0.00103
139.16000,1.02193,0.98420,0.00177,0.00271,0.01133
139.30000,1.02193,0.97081,0.00451,0.00418,0.02050
139.44000,1.02194,0.95525,0.00751,0.00644,0.03080
139.58000,1.02194,0.95231,0.00810,0.00747,0.03212
139.72000,1.02194,0.96179,0.01177,0.00876,0.01768
139.86000,1.02194,0.99236,0.00209,0.00240,0.00315
140.00000,1.02194,0.96394,0.02598,0.00936,0.00072
140.14000,1.02194,0.97428,0.01908,0.00626,0.00038
140.28000,1.02194,0.98601,0.00970,0.00402,0.00027
140.42000,1.02194,0.98612,0.00833,0.00525,0.00030
140.56000,1.02194,0.99308,0.00444,0.00229,0.00018
140.70000,1.02194,0.99547,0.00320,0.00122,0.00010
140.84000,1.02194,0.99666,0.00239,0.00086,0.00008
140.98000,1.02194,0.99747,0.00184,0.00062,0.00007
141.12000,1.02194,0.99771,0.00171,0.00052,0.00006
141.25999,1.02194,0.99864,0.00098,0.00032,0.00006
141.39999,1.02194,0.99887,0.00077,0.00029,0.00007
141.53999,1.02194,0.99882,0.00079,0.00032,0.00007
141.67999,1.02194,0.99866,0.00092,0.00035,0.00007
141.82001,1.02193,0.99873,0.00086,0.00033,0.00007
141.96001,1.02193,0.99833,0.00114,0.00045,0.00008
142.10001,1.02193,0.99868,0.00094,0.00032,0.00006
142.24001,1.02193,0.99886,0.00078,0.00029,0.00007
142.38000,1.02193,0.99884,0.00077,0.00031,0.00008
142.52000,1.02193,0.99884,0.00080,0.00029,0.00007
142.66000,1.02193,0.99890,0.00075,0.00029,0.00007
142.80000,1.02193,0.99878,0.00083,0.00031,0.00007
142.94000,1.02194,0.99879,0.00084,0.00031,0.00006
143.08000,1.02194,0.99885,0.00077,0.00030,0.00007
143.22000,1.02194,0.99887,0.00078,0.00029,0.00006
143.36000,1.02194,0.99883,0.00082,0.00029,0.00006
143.50000,1.02194,0.99890,0.00076,0.00028,0.00006
143.64000,1.02194,0.99883,0.00082,0.00029,0.00005
143.78000,1.02194,0.99892,0.00074,0.00028,0.00007
143.92000,1.02194,0.99891,0.00076,0.00028,0.00006
144.06000,1.02194,0.99893,0.00073,0.00028,0.00006
144.20000,1.02194,0.99883,0.00082,0.00029,0.00006
144.34000,1.02194,0.99893,0.00075,0.00027,0.00005
144.48000,1.02194,0.99903,0.00067,0.00025,0.00006
144.62000,1.02194,0.99894,0.00075,0.00026,0.00005
144.75999,1.02194,0.99904,0.00067,0.00024,0.00005
144.89999,1.02194,0.99906,0.00064,0.00024,0.00006
145.03999,1.02194,0.99904,0.00066,0.00024,0.00006
145.17999,1.02194,0.99909,0.00062,0.00023,0.00006
145.32001,1.02193,0.99908,0.00063,0.00023,0.00006
145.46001,1.02193,0.99901,0.00068,0.00025,0.00006
145.60001,1.02193,0.99900,0.00069,0.00025,0.00006
145.74001,1.02193,0.99911,0.00060,0.00023,0.00006
145.88000,1.02193,0.99913,0.00058,0.00023,0.00006
146.02000,1.02193,0.99913,0.00060,0.00022,0.00005
146.16000,1.02193,0.99909,0.00063,0.00022,0.00005
146.30000,1.02193,0.99913,0.00059,0.00022,0.00006
146.44000,1.02194,0.99910,0.00062,0.00022,0.00006
146.58000,1.02194,0.99910,0.00063,0.00022,0.00005
146.72000,1.02194,0.99913,0.00059,0.00022,0.00006
146.86000,1.02194,0.99915,0.00055,0.00023,0.00007
147.00000,1.02194,0.99908,0.00062,0.00023,0.00006
147.14000,1.02194,0.99908,0.00063,0.00023,0.00006
147.28000,1.02194,0.99908,0.00063,0.00023,0.00006
147.42000,1.02194,0.99908,0.00063,0.00023,0.00006
147.56000,1.02194,0.99899,0.00070,0.00025,0.00006
147.70000,1.02194,0.99913,0.00058,0.00023,0.00006
147.84000,1.02194,0.99904,0.00065,0.00025,0.00006
147.98000,1.02194,0.99891,0.00073,0.00028,0.00007
148.12000,1.02194,0.99888,0.00079,0.00028,0.00006
148.25999,1.02194,0.99887,0.00078,0.00029,0.00006
148.39999,1.02194,0.99888,0.00078,0.00028,0.00006
148.53999,1.02194,0.99905,0.00064,0.00024,0.00006
148.67999,1.02194,0.99899,0.00070,0.00026,0.00006
148.82001,1.02193,0.99896,0.00072,0.00026,0.00006
148.96001,1.02193,0.99898,0.00071,0.00026,0.00006
149.10001,1.02193,0.99902,0.00066,0.00025,0.00006
149.24001,1.02193,0.99899,0.00070,0.00026,0.00006
149.38000,1.02193,0.99896,0.00073,0.00026,0.00006
149.52000,1.02193,0.99902,0.00066,0.00025,0.00006
149.66000,1.02193,0.99900,0.00069,0.00025,0.00006
149.80000,1.02193,0.99912,0.00059,0.00023,0.00006
149.94000,1.02194,0.99915,0.00058,0.00022,0.00006
150.08000,1.02194,0.99912,0.00061,0.00022,0.00006
150.22000,1.02194,0.99908,0.00065,0.00022,0.00005
150.36000,1.02194,0.99916,0.00058,0.00021,0.00006
150.50000,1.02194,0.99912,0.00060,0.00022,0.00006
150.64000,1.02194,0.99914,0.00059,0.00022,0.00006
150.78000,1.02194,0.99914,0.00056,0.00023,0.00007
150.92000,1.02194,0.99912,0.00059,0.00023,0.00007
151.06000,1.02194,0.99889,0.00076,0.00028,0.00006
151.20000,1.02194,0.99888,0.00078,0.00028,0.00006
151.34000,1.02194,0.99895,0.00072,0.00027,0.00006
151.48000,1.02194,0.99905,0.00062,0.00025,0.00008
151.62000,1.02194,0.99896,0.00070,0.00027,0.00007
151.75999,1.02194,0.99885,0.00079,0.00029,0.00006
151.89999,1.02194,0.99889,0.00075,0.00028,0.00007
152.03999,1.02194,0.99894,0.00074,0.00026,0.00006
152.17999,1.02194,0.99910,0.00060,0.00024,0.00006
152.32001,1.02193,0.99912,0.00061,0.00022,0.00006
152.46001,1.02193,0.99901,0.00068,0.00025,0.00006
152.60001,1.02193,0.99897,0.00071,0.00026,0.00006
152.74001,1.02193,0.99901,0.00070,0.00024,0.00005
152.88000,1.02193,0.99900,0.00070,0.00024,0.00006
153.02000,1.02193,0.99907,0.00062,0.00024,0.00006
153.16000,1.02193,0.99897,0.00070,0.00027,0.00007
153.30000,1.02193,0.99891,0.00076,0.00027,0.00005
153.44000,1.02194,0.99903,0.00064,0.00026,0.00007
153.58000,1.02194,0.99889,0.00077,0.00028,0.00006
153.72000,1.02194,0.99879,0.00085,0.00030,0.00006
153.86000,1.02194,0.99901,0.00068,0.00025,0.00006
154.00000,1.02194,0.99887,0.00078,0.00029,0.00006
154.14000,1.02194,0.99888,0.00078,0.00028,0.00006
154.28000,1.02194,0.99885,0.00080,0.00029,0.00006
154.42000,1.02194,0.99890,0.00077,0.00028,0.00006
154.56000,1.02194,0.99899,0.00070,0.00025,0.00006
154.70000,1.02194,0.99908,0.00061,0.00024,0.00006
154.84000,1.02194,0.99906,0.00065,0.00024,0.00006
154.98000,1.02194,0.99906,0.00066,0.00023,0.00006
155.12000,1.02194,0.99909,0.00065,0.00022,0.00005
155.25999,1.02194,0.99920,0.00054,0.00020,0.00006
155.39999,1.02194,0.99916,0.00057,0.00021,0.00006
155.53999,1.02194,0.99919,0.00053,0.00021,0.00006
155.67999,1.02194,0.99895,0.00073,0.00027,0.00006
155.82001,1.02193,0.99893,0.00074,0.00027,0.00006
155.96001,1.02193,0.99889,0.00075,0.00029,0.00007
156.10001,1.02193,0.99894,0.00072,0.00027,0.00006
156.24001,1.02193,0.99876,0.00085,0.00032,0.00006
156.38000,1.02193,0.99879,0.00085,0.00031,0.00006
156.52000,1.02193,0.99880,0.00083,0.00031,0.00006
156.66000,1.02193,0.99885,0.00081,0.00029,0.00006
156.80000,1.02193,0.99886,0.00077,0.00030,0.00006
156.94000,1.02194,0.99887,0.00079,0.00029,0.00006
157.08000,1.02194,0.99887,0.00079,0.00029,0.00006
157.22000,1.02194,0.99885,0.00079,0.00030,0.00006
157.36000,1.02194,0.99892,0.00076,0.00027,0.00005
157.50000,1.02194,0.99878,0.00088,0.00029,0.00005
157.64000,1.02194,0.99897,0.00071,0.00026,0.00006
157.78000,1.02194,0.99903,0.00067,0.00024,0.00006
157.92000,1.02194,0.99903,0.00068,0.00024,0.00006
158.06000,1.02194,0.99911,0.00060,0.00023,0.00006
158.20000,1.02194,0.99895,0.00072,0.00026,0.00006
158.34000,1.02194,0.99892,0.00077,0.00026,0.00005
158.48000,1.02194,0.99912,0.00060,0.00022,0.00006
158.62000,1.02194,0.99921,0.00051,0.00021,0.00007
158.75999,1.02194,0.99912,0.00061,0.00022,0.00005
158.89999,1.02194,0.99910,0.00061,0.00023,0.00006
159.03999,1.02194,0.99908,0.00063,0.00023,0.00006
159.17999,1.02194,0.99909,0.00063,0.00023,0.00005
159.32001,1.02193,0.99906,0.00065,0.00024,0.00005
159.46001,1.02193,0.99899,0.00068,0.00026,0.00006
159.60001,1.02193,0.99894,0.00073,0.00027,0.00006
159.74001,1.02193,0.99878,0.00085,0.00031,0.00006
159.88000,1.02193,0.99870,0.00089,0.00034,0.00007
160.02000,1.02193,0.99860,0.00097,0.00036,0.00007
160.16000,1.02193,0.99871,0.00088,0.00034,0.00007
160.30000,1.02193,0.99877,0.00084,0.00032,0.00007
160.44000,1.02194,0.99868,0.00094,0.00033,0.00006
160.58000,1.02194,0.99883,0.00082,0.00029,0.00006
160.72000,1.02194,0.99896,0.00072,0.00026,0.00006
160.86000,1.02194,0.99899,0.00070,0.00025,0.00006
161.00000,1.02194,0.99912,0.00060,0.00022,0.00006
161.14000,1.02194,0.99907,0.00064,0.00023,0.00005
161.28000,1.02194,0.99904,0.00067,0.00024,0.00006
161.42000,1.02194,0.99900,0.00071,0.00024,0.00005
161.56000,1.02194,0.99912,0.00059,0.00023,0.00007
161.70000,1.02194,0.99901,0.00068,0.00026,0.00006
161.84000,1.02194,0.99896,0.00071,0.00027,0.00006
161.98000,1.02194,0.99888,0.00076,0.00029,0.00007
162.12000,1.02194,0.99893,0.00073,0.00028,0.00006
162.25999,1.02194,0.99889,0.00078,0.00027,0.00006
162.39999,1.02194,0.99883,0.00083,0.00028,0.00005
162.53999,1.02194,0.99896,0.00073,0.00026,0.00006
162.67999,1.02194,0.99904,0.00066,0.00024,0.00006
162.82001,1.02193,0.99912,0.00059,0.00023,0.00006
162.96001,1.02193,0.99907,0.00062,0.00025,0.00006
163.10001,1.02193,0.99894,0.00073,0.00027,0.00006
163.24001,1.02193,0.99888,0.00077,0.00028,0.00006
163.38000,1.02193,0.99890,0.00076,0.00028,0.00006
163.52000,1.02193,0.99879,0.00084,0.00031,0.00006
163.66000,1.02193,0.99889,0.00077,0.00028,0.00006
163.80000,1.02193,0.99888,0.00077,0.00029,0.00007
163.94000,1.02194,0.99882,0.00083,0.00029,0.00006
164.08000,1.02194,0.99892,0.00074,0.00027,0.00006
164.22000,1.02194,0.99893,0.00073,0.00027,0.00006
164.36000,1.02194,0.99903,0.00066,0.00025,0.00006
164.50000,1.02194,0.99899,0.00069,0.00026,0.00006
164.64000,1.02194,0.99904,0.00065,0.00025,0.00006
164.78000,1.02194,0.99905,0.00065,0.00024,0.00006
164.92000,1.02194,0.99902,0.00068,0.00025,0.00005
165.06000,1.02194,0.99901,0.00069,0.00025,0.00005
165.20000,1.02194,0.99899,0.00070,0.00025,0.00005
165.34000,1.02194,0.99903,0.00067,0.00024,0.00005
165.48000,1.02194,0.99912,0.00060,0.00022,0.00006
165.62000,1.02194,0.99901,0.00069,0.00025,0.00006
165.75999,1.02194,0.99897,0.00070,0.00026,0.00006
165.89999,1.02194,0.99895,0.00073,0.00026,0.00005
166.03999,1.02194,0.99897,0.00070,0.00027,0.00006
166.17999,1.02194,0.99905,0.00063,0.00025,0.00007
166.32001,1.02193,0.99884,0.00082,0.00028,0.00005
166.46001,1.02193,0.99874,0.00091,0.00030,0.00005
166.60001,1.02193,0.99890,0.00076,0.00027,0.00006
166.74001,1.02193,0.99898,0.00069,0.00027,0.00006
166.88000,1.02193,0.99891,0.00074,0.00028,0.00006
167.02000,1.02193,0.99889,0.00075,0.00029,0.00007
167.16000,1.02193,0.99872,0.00090,0.00032,0.00006
167.30000,1.02193,0.99886,0.00078,0.00029,0.00006
167.44000,1.02194,0.99889,0.00077,0.00028,0.00006
167.58000,1.02194,0.99886,0.00078,0.00029,0.00007
167.72000,1.02194,0.99896,0.00070,0.00027,0.00007
167.86000,1.02194,0.99890,0.00077,0.00028,0.00006
168.00000,1.02194,0.99896,0.00073,0.00026,0.00005
168.14000,1.02194,0.99903,0.00065,0.00026,0.00007
168.28000,1.02194,0.99898,0.00070,0.00026,0.00006
168.42000,1.02194,0.99904,0.00063,0.00027,0.00007
168.56000,1.02194,0.99900,0.00067,0.00025,0.00008
168.70000,1.02194,0.99905,0.00063,0.00024,0.00008
168.84000,1.02194,0.99883,0.00079,0.00029,0.00009
168.98000,1.02194,0.99882,0.00080,0.00030,0.00008
169.12000,1.02194,0.99898,0.00063,0.00028,0.00010
169.25999,1.02194,0.99905,0.00054,0.00027,0.00014
169.39999,1.02194,0.99862,0.00096,0.00035,0.00007
169.53999,1.02194,0.99864,0.00089,0.00037,0.00010
169.67999,1.02194,0.99889,0.00075,0.00029,0.00007
169.82001,1.02193,0.99893,0.00073,0.00027,0.00006
169.96001,1.02193,0.99900,0.00069,0.00026,0.00006
170.10001,1.02193,0.99904,0.00064,0.00025,0.00007
170.24001,1.02193,0.99907,0.00063,0.00024,0.00006
170.38000,1.02193,0.99897,0.00072,0.00025,0.00006
170.52000,1.02193,0.99904,0.00067,0.00024,0.00006
170.66000,1.02193,0.99905,0.00066,0.00024,0.00005
170.80000,1.02193,0.99903,0.00067,0.00025,0.00006
170.94000,1.02194,0.99898,0.00070,0.00026,0.00006
171.08000,1.02194,0.99907,0.00060,0.00025,0.00007
171.22000,1.02194,0.99880,0.00083,0.00031,0.00006
171.36000,1.02194,0.99897,0.00071,0.00026,0.00006
171.50000,1.02194,0.99892,0.00075,0.00027,0.00006
171.64000,1.02194,0.99878,0.00085,0.00030,0.00007
171.78000,1.02194,0.99885,0.00080,0.00029,0.00006
171.92000,1.02194,0.99885,0.00078,0.00030,0.00007
172.06000,1.02194,0.99905,0.00061,0.00026,0.00008
172.20000,1.02194,0.99904,0.00064,0.00025,0.00007
172.34000,1.02194,0.99890,0.00076,0.00028,0.00006
172.48000,1.02194,0.99900,0.00070,0.00025,0.00005
172.62000,1.02194,0.99907,0.00064,0.00023,0.00006
172.75999,1.02194,0.99916,0.00057,0.00022,0.00006
172.89999,1.02194,0.99909,0.00063,0.00023,0.00005
173.03999,1.02194,0.99912,0.00061,0.00021,0.00005
173.17999,1.02194,0.99921,0.00054,0.00020,0.00006
173.32001,1.02193,0.99917,0.00056,0.00021,0.00006
173.46001,1.02193,0.99910,0.00062,0.00022,0.00005
173.60001,1.02193,0.99911,0.00061,0.00023,0.00006
173.74001,1.02193,0.99897,0.00069,0.00027,0.00007
173.88000,1.02193,0.99902,0.00066,0.00026,0.00006
174.02000,1.02193,0.99893,0.00072,0.00028,0.00007
174.16000,1.02193,0.99867,0.00094,0.00033,0.00006
174.30000,1.02193,0.99881,0.00083,0.00030,0.00006
174.44000,1.02194,0.99884,0.00079,0.00030,0.00007
174.58000,1.02194,0.99885,0.00079,0.00030,0.00006
174.72000,1.02194,0.99896,0.00072,0.00027,0.00006
174.86000,1.02194,0.99894,0.00073,0.00027,0.00006
175.00000,1.02194,0.99897,0.00073,0.00025,0.00006
175.14000,1.02194,0.99897,0.00073,0.00025,0.00005
175.28000,1.02194,0.99896,0.00072,0.00025,0.00006
175.42000,1.02194,0.99910,0.00060,0.00023,0.00006
175.56000,1.02194,0.99905,0.00064,0.00025,0.00006
175.70000,1.02194,0.99902,0.00064,0.00027,0.00007
175.84000,1.02194,0.99885,0.00079,0.00030,0.00006
175.98000,1.02194,0.99881,0.00083,0.00030,0.00006
176.12000,1.02194,0.99872,0.00090,0.00032,0.00006
176.25999,1.02194,0.99890,0.00076,0.00028,0.00006
176.39999,1.02194,0.99888,0.00078,0.00029,0.00006
176.53999,1.02194,0.99893,0.00073,0.00028,0.00006
176.67999,1.02194,0.99899,0.00068,0.00027,0.00007
176.82001,1.02193,0.99882,0.00084,0.00029,0.00006
176.96001,1.02193,0.99888,0.00079,0.00028,0.00006
177.10001,1.02193,0.99907,0.00063,0.00024,0.00006
177.24001,1.02193,0.99913,0.00058,0.00022,0.00006
177.38000,1.02193,0.99904,0.00066,0.00024,0.00006
177.52000,1.02193,0.99911,0.00060,0.00023,0.00006
177.66000,1.02193,0.99898,0.00073,0.00025,0.00005
177.80000,1.02193,0.99906,0.00064,0.00024,0.00006
177.94000,1.02194,0.99898,0.00070,0.00027,0.00006
178.08000,1.02194,0.99896,0.00071,0.00027,0.00006
178.22000,1.02194,0.99893,0.00073,0.00028,0.00006
178.36000,1.02194,0.99884,0.00081,0.00029,0.00006
178.50000,1.02194,0.99881,0.00084,0.00029,0.00006
178.64000,1.02194,0.99897,0.00071,0.00026,0.00006
178.78000,1.02194,0.99908,0.00063,0.00023,0.00006
178.92000,1.02194,0.99912,0.00058,0.00023,0.00007
179.06000,1.02194,0.99914,0.00058,0.00022,0.00006
179.20000,1.02194,0.99914,0.00058,0.00022,0.00006
179.34000,1.02194,0.99900,0.00069,0.00025,0.00006
179.48000,1.02194,0.99915,0.00056,0.00022,0.00006
179.62000,1.02194,0.99899,0.00069,0.00026,0.00006
179.75999,1.02194,0.99893,0.00074,0.00027,0.00006
179.89999,1.02194,0.99898,0.00068,0.00027,0.00007
180.03999,1.02194,0.99883,0.00081,0.00029,0.00006
180.17999,1.02194,0.99883,0.00081,0.00029,0.00006
180.32001,1.02193,0.99887,0.00079,0.00028,0.00006
180.46001,1.02193,0.99897,0.00071,0.00026,0.00006
180.60001,1.02193,0.99888,0.00078,0.00028,0.00006
180.74001,1.02193,0.99903,0.00064,0.00026,0.00007
180.88000,1.02193,0.99888,0.00078,0.00028,0.00006
181.02000,1.02193,0.99888,0.00077,0.00029,0.00006
181.16000,1.02193,0.99892,0.00074,0.00028,0.00006
181.30000,1.02193,0.99889,0.00076,0.00029,0.00006
181.44000,1.02194,0.99880,0.00085,0.00029,0.00005
181.58000,1.02194,0.99889,0.00077,0.00028,0.00006
181.72000,1.02194,0.99895,0.00072,0.00026,0.00006
181.86000,1.02194,0.99898,0.00071,0.00025,0.00005
182.00000,1.02194,0.99902,0.00067,0.00024,0.00006
182.14000,1.02194,0.99904,0.00065,0.00025,0.00006
182.28000,1.02194,0.99908,0.00062,0.00024,0.00006
182.42000,1.02194,0.99905,0.00064,0.00024,0.00006
182.56000,1.02194,0.99906,0.00064,0.00024,0.00006
182.70000,1.02194,0.99888,0.00077,0.00028,0.00006
182.84000,1.02194,0.99885,0.00080,0.00029,0.00006
182.98000,1.02194,0.99895,0.00071,0.00028,0.00007
183.12000,1.02194,0.99896,0.00070,0.00028,0.00007
183.25999,1.02194,0.99890,0.00077,0.00027,0.00005
183.39999,1.02194,0.99895,0.00074,0.00026,0.00005
183.53999,1.02194,0.99900,0.00069,0.00025,0.00006
183.67999,1.02194,0.99915,0.00055,0.00023,0.00007
183.82001,1.02193,0.99897,0.00071,0.00026,0.00006
183.96001,1.02193,0.99900,0.00069,0.00025,0.00006
184.10001,1.02193,0.99900,0.00068,0.00026,0.00006
184.24001,1.02193,0.99884,0.00081,0.00029,0.00006
184.38000,1.02193,0.99889,0.00075,0.00029,0.00007
184.52000,1.02193,0.99883,0.00078,0.00032,0.00007
184.66000,1.02193,0.99881,0.00081,0.00031,0.00007
184.80000,1.02193,0.99876,0.00088,0.00030,0.00006
184.94000,1.02194,0.99884,0.00082,0.00028,0.00005
185.08000,1.02194,0.99895,0.00074,0.00026,0.00006
185.22000,1.02194,0.99892,0.00073,0.00028,0.00007
185.36000,1.02194,0.99893,0.00073,0.00027,0.00007
185.50000,1.02194,0.99898,0.00069,0.00026,0.00006
185.64000,1.02194,0.99889,0.00077,0.00028,0.00006
185.78000,1.02194,0.99896,0.00072,0.00026,0.00006
185.92000,1.02194,0.99886,0.00079,0.00029,0.00007
186.06000,1.02194,0.99888,0.00072,0.00031,0.00009
186.20000,1.02194,0.99904,0.00066,0.00024,0.00006
186.34000,1.02194,0.99913,0.00059,0.00022,0.00006
186.48000,1.02194,0.99898,0.00070,0.00025,0.00006
186.62000,1.02194,0.99902,0.00067,0.00025,0.00006
186.75999,1.02194,0.99906,0.00064,0.00024,0.00005
186.89999,1.02194,0.99918,0.00053,0.00022,0.00007
187.03999,1.02194,0.99899,0.00070,0.00025,0.00006
187.17999,1.02194,0.99892,0.00076,0.00026,0.00005
187.32001,1.02193,0.99891,0.00077,0.00027,0.00005
187.46001,1.02193,0.99903,0.00067,0.00024,0.00006
187.60001,1.02193,0.99898,0.00069,0.00026,0.00007
187.74001,1.02193,0.99896,0.00069,0.00028,0.00007
187.88000,1.02193,0.99895,0.00070,0.00029,0.00007
188.02000,1.02193,0.99883,0.00081,0.00030,0.00006
188.16000,1.02193,0.99877,0.00084,0.00032,0.00007
188.30000,1.02193,0.99869,0.00091,0.00033,0.00007
188.44000,1.02194,0.99864,0.00096,0.00034,0.00006
188.58000,1.02194,0.99894,0.00073,0.00027,0.00006
188.72000,1.02194,0.99897,0.00069,0.00027,0.00007
188.86000,1.02194,0.99900,0.00068,0.00025,0.00007
189.00000,1.02194,0.99902,0.00066,0.00025,0.00006
189.14000,1.02194,0.99895,0.00073,0.00026,0.00006
189.28000,1.02194,0.99899,0.00069,0.00025,0.00006
189.42000,1.02194,0.99909,0.00062,0.00024,0.00006
189.56000,1.02194,0.99876,0.00065,0.00045,0.00015
189.70000,1.02194,0.99710,0.00143,0.00113,0.00034
189.84000,1.02194,0.99656,0.00189,0.00116,0.00040
189.98000,1.02194,0.99661,0.00190,0.00111,0.00037
190.12000,1.02194,0.99687,0.00164,0.00114,0.00035
190.25999,1.02194,0.99718,0.00133,0.00107,0.00042
190.39999,1.02194,0.99879,0.00049,0.00039,0.00033
190.53999,1.02194,0.99898,0.00066,0.00028,0.00008
190.67999,1.02194,0.99885,0.00081,0.00028,0.00006
190.82001,1.02193,0.99896,0.00073,0.00026,0.00006
190.96001,1.02193,0.99885,0.00080,0.00029,0.00006
191.10001,1.02193,0.99890,0.00074,0.00029,0.00007
191.24001,1.02193,0.99871,0.00087,0.00034,0.00007
191.38000,1.02193,0.99862,0.00096,0.00035,0.00007
191.52000,1.02193,0.99856,0.00100,0.00037,0.00007
191.66000,1.02193,0.99876,0.00086,0.00032,0.00007
191.80000,1.02193,0.99886,0.00076,0.00030,0.00007
191.94000,1.02194,0.99880,0.00083,0.00030,0.00006
192.08000,1.02194,0.99888,0.00077,0.00029,0.00006
192.22000,1.02194,0.99896,0.00072,0.00026,0.00006
192.36000,1.02194,0.99892,0.00076,0.00027,0.00006
192.50000,1.02194,0.99905,0.00064,0.00025,0.00006
192.64000,1.02194,0.99900,0.00067,0.00026,0.00006
192.78000,1.02194,0.99904,0.00066,0.00024,0.00006
192.92000,1.02194,0.99912,0.00059,0.00023,0.00006
193.06000,1.02194,0.99911,0.00060,0.00023,0.00007
193.20000,1.02194,0.99907,0.00063,0.00024,0.00006
193.34000,1.02194,0.99913,0.00060,0.00022,0.00006
193.48000,1.02194,0.99915,0.00058,0.00021,0.00005
193.62000,1.02194,0.99911,0.00060,0.00023,0.00006
193.75999,1.02194,0.99910,0.00061,0.00023,0.00006
193.89999,1.02194,0.99901,0.00068,0.00025,0.00006
194.03999,1.02194,0.99906,0.00064,0.00024,0.00006
194.17999,1.02194,0.99897,0.00069,0.00027,0.00007
194.32001,1.02193,0.99890,0.00075,0.00029,0.00006
194.46001,1.02193,0.99878,0.00083,0.00032,0.00007
194.60001,1.02193,0.99870,0.00091,0.00032,0.00007
194.74001,1.02193,0.99874,0.00087,0.00032,0.00007
194.88000,1.02193,0.99858,0.00100,0.00035,0.00007
195.02000,1.02193,0.99858,0.00097,0.00037,0.00008
195.16000,1.02193,0.99854,0.00099,0.00039,0.00008
195.30000,1.02193,0.99874,0.00078,0.00037,0.00011
195.44000,1.02194,0.99884,0.00079,0.00030,0.00007
195.58000,1.02194,0.99888,0.00078,0.00028,0.00006
195.72000,1.02194,0.99893,0.00075,0.00027,0.00006
195.86000,1.02194,0.99891,0.00075,0.00027,0.00007
196.00000,1.02194,0.99886,0.00080,0.00028,0.00006
196.14000,1.02194,0.99883,0.00081,0.00029,0.00007
196.28000,1.02194,0.99889,0.00076,0.00029,0.00006
196.42000,1.02194,0.99890,0.00075,0.00028,0.00006
196.56000,1.02194,0.99889,0.00076,0.00029,0.00007
196.70000,1.02194,0.99874,0.00086,0.00032,0.00008
196.84000,1.02194,0.99910,0.00060,0.00024,0.00007
196.98000,1.02194,0.99901,0.00069,0.00024,0.00005
197.12000,1.02194,0.99905,0.00064,0.00025,0.00006
197.25999,1.02194,0.99898,0.00069,0.00026,0.00007
197.39999,1.02194,0.99897,0.00071,0.00026,0.00006
197.53999,1.02194,0.99872,0.00093,0.00030,0.00006
197.67999,1.02194,0.99906,0.00062,0.00025,0.00007
197.82001,1.02193,0.99881,0.00080,0.00031,0.00007
197.96001,1.02193,0.99881,0.00079,0.00032,0.00008
198.10001,1.02193,0.99883,0.00081,0.00030,0.00006
198.24001,1.02193,0.99895,0.00071,0.00027,0.00006
198.38000,1.02193,0.99865,0.00095,0.00034,0.00006
198.52000,1.02193,0.99852,0.00105,0.00037,0.00006
198.66000,1.02193,0.99839,0.00113,0.00041,0.00007
198.80000,1.02193,0.99834,0.00115,0.00044,0.00007
198.94000,1.02194,0.99813,0.00129,0.00049,0.00008
199.08000,1.02194,0.99813,0.00132,0.00048,0.00007
199.22000,1.02194,0.99822,0.00123,0.00047,0.00008
199.36000,1.02194,0.99836,0.00117,0.00040,0.00007
199.50000,1.02194,0.99858,0.00100,0.00036,0.00007
199.64000,1.02194,0.99875,0.00084,0.00033,0.00008
199.78000,1.02194,0.99875,0.00087,0.00031,0.00007
199.92000,1.02194,0.99783,0.00167,0.00042,0.00008
200.06000,1.02194,0.99759,0.00176,0.00055,0.00010
200.20000,1.02194,0.99721,0.00207,0.00062,0.00009
200.34000,1.02194,0.99758,0.00168,0.00061,0.00013
200.48000,1.02194,0.99793,0.00149,0.00049,0.00010
200.62000,1.02194,0.99770,0.00148,0.00067,0.00015
200.75999,1.02194,0.99542,0.00326,0.00114,0.00018
200.89999,1.02194,0.99638,0.00229,0.00101,0.00033
201.03999,1.02194,0.99570,0.00291,0.00112,0.00027
201.17999,1.02194,0.99624,0.00236,0.00112,0.00028
201.32001,1.02193,0.99640,0.00211,0.00116,0.00033
201.46001,1.02193,0.99466,0.00318,0.00173,0.00044
201.60001,1.02193,0.99546,0.00294,0.00139,0.00021
201.74001,1.02193,0.99747,0.00163,0.00075,0.00015
201.88000,1.02193,0.99772,0.00161,0.00059,0.00008
202.02000,1.02193,0.99820,0.00124,0.00048,0.00008
202.16000,1.02193,0.99858,0.00097,0.00038,0.00008
202.30000,1.02193,0.99895,0.00068,0.00028,0.00008
202.44000,1.02194,0.99903,0.00067,0.00024,0.00007
202.58000,1.02194,0.99897,0.00072,0.00025,0.00006
202.72000,1.02194,0.99890,0.00077,0.00027,0.00006
202.86000,1.02194,0.99892,0.00074,0.00027,0.00007
203.00000,1.02194,0.99910,0.00058,0.00024,0.00008
203.14000,1.02194,0.99919,0.00052,0.00022,0.00007
203.28000,1.02194,0.99905,0.00066,0.00023,0.00006
203.42000,1.02194,0.99907,0.00064,0.00023,0.00006
203.56000,1.02194,0.99914,0.00060,0.00021,0.00005
203.70000,1.02194,0.99919,0.00056,0.00020,0.00005
203.84000,1.02194,0.99918,0.00056,0.00020,0.00005
203.98000,1.02194,0.99917,0.00055,0.00021,0.00007
204.12000,1.02194,0.99917,0.00057,0.00021,0.00005
204.25999,1.02194,0.99915,0.00058,0.00022,0.00006
204.39999,1.02194,0.99911,0.00061,0.00022,0.00006
204.53999,1.02194,0.99902,0.00068,0.00024,0.00006
204.67999,1.02194,0.99909,0.00062,0.00023,0.00006
204.82001,1.02193,0.99899,0.00069,0.00026,0.00006
204.96001,1.02193,0.99909,0.00062,0.00023,0.00006
205.10001,1.02193,0.99909,0.00063,0.00023,0.00005
205.24001,1.02193,0.99907,0.00065,0.00023,0.00005
205.38000,1.02193,0.99910,0.00063,0.00022,0.00005
205.52000,1.02193,0.99917,0.00057,0.00021,0.00006
205.66000,1.02193,0.99915,0.00058,0.00021,0.00006
205.80000,1.02193,0.99910,0.00062,0.00023,0.00006
205.94000,1.02194,0.99903,0.00066,0.00025,0.00006
206.08000,1.02194,0.99899,0.00069,0.00025,0.00006
206.22000,1.02194,0.99899,0.00070,0.00026,0.00006
206.36000,1.02194,0.99896,0.00072,0.00027,0.00006
206.50000,1.02194,0.99886,0.00078,0.00030,0.00006
206.64000,1.02194,0.99892,0.00072,0.00029,0.00007
206.78000,1.02194,0.99891,0.00076,0.00028,0.00006
206.92000,1.02194,0.99882,0.00082,0.00030,0.00006
207.06000,1.02194,0.99876,0.00086,0.00031,0.00007
207.20000,1.02194,0.99881,0.00082,0.00030,0.00007
207.34000,1.02194,0.99901,0.00066,0.00026,0.00007
207.48000,1.02194,0.99855,0.00098,0.00038,0.00008
207.62000,1.02194,0.99901,0.00055,0.00036,0.00008
207.75999,1.02194,0.99602,0.00129,0.00190,0.00079
207.89999,1.02194,0.99206,0.00081,0.00109,0.00603
208.03999,1.02194,0.99327,0.00036,0.00083,0.00554
208.17999,1.02194,0.99446,0.00020,0.00073,0.00460
208.32001,1.02193,0.99611,0.00014,0.00047,0.00328
208.46001,1.02193,0.99646,0.00057,0.00098,0.00199
208.60001,1.02193,0.99893,0.00023,0.00028,0.00056
208.74001,1.02193,0.99939,0.00035,0.00017,0.00010
208.88000,1.02193,0.99922,0.00053,0.00020,0.00006
209.02000,1.02193,0.99920,0.00055,0.00020,0.00005
209.16000,1.02193,0.99920,0.00054,0.00020,0.00006
209.30000,1.02193,0.99912,0.00061,0.00022,0.00005
209.44000,1.02194,0.99910,0.00062,0.00022,0.00005
209.58000,1.02194,0.99906,0.00063,0.00024,0.00006
209.72000,1.02194,0.99911,0.00060,0.00022,0.00006
209.86000,1.02194,0.99909,0.00064,0.00022,0.00005
210.00000,1.02194,0.99901,0.00070,0.00023,0.00006
210.14000,1.02194,0.99906,0.00066,0.00022,0.00006
210.28000,1.02194,0.99897,0.00071,0.00025,0.00006
210.42000,1.02194,0.99906,0.00062,0.00025,0.00007
210.56000,1.02194,0.99897,0.00068,0.00027,0.00008
210.70000,1.02194,0.99894,0.00072,0.00027,0.00006
210.84000,1.02194,0.99832,0.00123,0.00039,0.00007
210.98000,1.02194,0.99832,0.00123,0.00038,0.00007
211.12000,1.02194,0.99867,0.00091,0.00034,0.00008
211.25999,1.02194,0.99875,0.00083,0.00033,0.00009
211.39999,1.02194,0.99850,0.00106,0.00037,0.00007
211.53999,1.02194,0.99861,0.00098,0.00034,0.00007
211.67999,1.02194,0.99827,0.00112,0.00051,0.00010
211.82001,1.02193,0.99895,0.00071,0.00027,0.00006
211.96001,1.02193,0.99896,0.00073,0.00026,0.00006
212.10001,1.02193,0.99895,0.00073,0.00026,0.00006
212.24001,1.02193,0.99895,0.00072,0.00027,0.00006
212.38000,1.02193,0.99872,0.00090,0.00032,0.00006
212.52000,1.02193,0.99888,0.00075,0.00029,0.00007
212.66000,1.02193,0.99872,0.00087,0.00033,0.00007
212.80000,1.02193,0.99865,0.00092,0.00035,0.00007
212.94000,1.02194,0.99870,0.00090,0.00034,0.00007
213.08000,1.02194,0.99868,0.00092,0.00034,0.00006
213.22000,1.02194,0.99884,0.00079,0.00030,0.00007
213.36000,1.02194,0.99895,0.00071,0.00028,0.00006
213.50000,1.02194,0.99890,0.00076,0.00028,0.00006
213.64000,1.02194,0.99892,0.00075,0.00028,0.00006
213.78000,1.02194,0.99884,0.00081,0.00029,0.00006
213.92000,1.02194,0.99876,0.00088,0.00031,0.00005
214.06000,1.02194,0.99872,0.00091,0.00032,0.00006
214.20000,1.02194,0.99880,0.00083,0.00031,0.00006
214.34000,1.02194,0.99868,0.00089,0.00036,0.00007
214.48000,1.02194,0.99460,0.00464,0.00066,0.00010
214.62000,1.02194,0.97541,0.02371,0.00072,0.00016
214.75999,1.02194,0.89654,0.10225,0.00094,0.00027
214.89999,1.02194,0.61614,0.38241,0.00113,0.00032
215.03999,1.02194,0.22238,0.77657,0.00080,0.00025
215.17999,1.02194,0.04208,0.95740,0.00035,0.00017
215.32001,1.02193,0.01125,0.98855,0.00014,0.00006
215.46001,1.02193,0.00914,0.99074,0.00008,0.00004
215.60001,1.02193,0.00946,0.99043,0.00007,0.00003
215.74001,1.02193,0.01046,0.98942,0.00008,0.00004
215.88000,1.02193,0.01114,0.98873,0.00009,0.00004
216.02000,1.02193,0.01164,0.98823,0.00010,0.00003
216.16000,1.02193,0.01194,0.98793,0.00010,0.00003
216.30000,1.02193,0.01247,0.98739,0.00011,0.00003
216.44000,1.02194,0.01402,0.98582,0.00012,0.00004
216.58000,1.02194,0.01360,0.98626,0.00011,0.00004
216.72000,1.02194,0.01379,0.98607,0.00010,0.00004
216.86000,1.02194,0.01489,0.98497,0.00010,0.00004
217.00000,1.02194,0.01577,0.98407,0.00012,0.00004
217.14000,1.02194,0.01558,0.98425,0.00013,0.00004
217.28000,1.02194,0.01636,0.98345,0.00016,0.00004
217.42000,1.02194,0.01469,0.98516,0.00012,0.00003
217.56000,1.02194,0.01456,0.98528,0.00012,0.00003
217.70000,1.02194,0.01493,0.98492,0.00012,0.00003
217.84000,1.02194,0.01539,0.98445,0.00012,0.00003
217.98000,1.02194,0.01568,0.98417,0.00012,0.00004
218.12000,1.02194,0.01610,0.98374,0.00013,0.00004
218.25999,1.02194,0.01620,0.98365,0.00012,0.00004
218.39999,1.02194,0.01797,0.98186,0.00013,0.00004
218.53999,1.02194,0.01795,0.98187,0.00014,0.00004
218.67999,1.02194,0.01826,0.98157,0.00013,0.00004
218.82001,1.02193,0.01800,0.98184,0.00013,0.00003
218.96001,1.02193,0.01743,0.98241,0.00012,0.00004
219.10001,1.02193,0.01714,0.98270,0.00013,0.00004
219.24001,1.02193,0.01700,0.98282,0.00014,0.00004
219.38000,1.02193,0.01450,0.98536,0.00010,0.00004
219.52000,1.02193,0.01703,0.98278,0.00015,0.00004
219.66000,1.02193,0.01583,0.98400,0.00012,0.00004
219.80000,1.02193,0.01617,0.98367,0.00013,0.00004
219.94000,1.02194,0.01728,0.98255,0.00013,0.00004
220.08000,1.02194,0.01674,0.98310,0.00012,0.00004
220.22000,1.02194,0.01874,0.98109,0.00014,0.00003
220.36000,1.02194,0.01730,0.98251,0.00014,0.00005
220.50000,1.02194,0.01743,0.98237,0.00016,0.00005
220.64000,1.02194,0.01557,0.98426,0.00013,0.00004
220.78000,1.02194,0.01600,0.98382,0.00014,0.00004
220.92000,1.02194,0.01456,0.98530,0.00011,0.00003
221.06000,1.02194,0.01518,0.98464,0.00014,0.00005
221.20000,1.02194,0.01467,0.98519,0.00011,0.00003
221.34000,1.02194,0.01536,0.98448,0.00013,0.00003
221.48000,1.02194,0.01503,0.98480,0.00013,0.00004
221.62000,1.02194,0.01282,0.98705,0.00010,0.00003
221.75999,1.02194,0.01196,0.98791,0.00009,0.00004
221.89999,1.02194,0.01112,0.98875,0.00009,0.00004
222.03999,1.02194,0.00990,0.98998,0.00008,0.00004
222.17999,1.02194,0.00865,0.99123,0.00008,0.00004
222.32001,1.02193,0.00716,0.99276,0.00005,0.00003
222.46001,1.02193,0.00723,0.99269,0.00005,0.00003
222.60001,1.02193,0.00753,0.99237,0.00007,0.00003
222.74001,1.02193,0.00696,0.99296,0.00005,0.00003
222.88000,1.02193,0.00652,0.99341,0.00004,0.00003
223.02000,1.02193,0.00655,0.99338,0.00004,0.00003
223.16000,1.02193,0.00650,0.99343,0.00004,0.00003
223.30000,1.02193,0.00631,0.99362,0.00005,0.00003
223.44000,1.02194,0.00598,0.99395,0.00004,0.00003
223.58000,1.02194,0.00646,0.99346,0.00005,0.00003
223.72000,1.02194,0.00621,0.99372,0.00004,0.00003
223.86000,1.02194,0.00655,0.99336,0.00005,0.00003
224.00000,1.02194,0.00634,0.99358,0.00004,0.00003
224.14000,1.02194,0.00630,0.99362,0.00004,0.00003
224.28000,1.02194,0.00608,0.99384,0.00004,0.00004
224.42000,1.02194,0.00599,0.99394,0.00003,0.00004
224.56000,1.02194,0.00583,0.99411,0.00004,0.00003
224.70000,1.02194,0.00709,0.99281,0.00007,0.00004
224.84000,1.02194,0.00629,0.99363,0.00004,0.00005
224.98000,1.02194,0.00659,0.99332,0.00004,0.00005
225.12000,1.02194,0.00708,0.99283,0.00005,0.00004
225.25999,1.02194,0.00716,0.99275,0.00004,0.00004
225.39999,1.02194,0.00690,0.99301,0.00005,0.00004
225.53999,1.02194,0.00667,0.99325,0.00004,0.00004
225.67999,1.02194,0.00651,0.99342,0.00004,0.00003
225.82001,1.02193,0.00618,0.99375,0.00004,0.00003
225.96001,1.02193,0.00578,0.99415,0.00004,0.00003
226.10001,1.02193,0.00542,0.99452,0.00003,0.00003
226.24001,1.02193,0.00517,0.99477,0.00003,0.00003
226.38000,1.02193,0.00543,0.99451,0.00003,0.00003
226.52000,1.02193,0.00530,0.99464,0.00003,0.00003
226.66000,1.02193,0.00526,0.99468,0.00003,0.00003
226.80000,1.02193,0.00535,0.99459,0.00003,0.00003
226.94000,1.02194,0.00628,0.99366,0.00004,0.00002
227.08000,1.02194,0.00738,0.99253,0.00005,0.00003
227.22000,1.02194,0.00837,0.99154,0.00006,0.00003
227.36000,1.02194,0.00794,0.99199,0.00004,0.00003
227.50000,1.02194,0.00859,0.99134,0.00005,0.00003
227.64000,1.02194,0.01035,0.98954,0.00008,0.00003
227.78000,1.02194,0.00943,0.99047,0.00007,0.00004
227.92000,1.02194,0.00767,0.99224,0.00005,0.00003
228.06000,1.02194,0.00704,0.99289,0.00004,0.00003
228.20000,1.02194,0.00803,0.99189,0.00005,0.00003
228.34000,1.02194,0.00762,0.99228,0.00006,0.00004
228.48000,1.02194,0.00655,0.99338,0.00004,0.00003
228.62000,1.02194,0.00669,0.99325,0.00004,0.00003
228.75999,1.02194,0.00754,0.99238,0.00005,0.00003
228.89999,1.02194,0.00698,0.99295,0.00004,0.00003
229.03999,1.02194,0.00643,0.99350,0.00004,0.00003
229.17999,1.02194,0.00623,0.99370,0.00003,0.00003
229.32001,1.02193,0.00659,0.99334,0.00004,0.00003
229.46001,1.02193,0.00596,0.99397,0.00004,0.00003
229.60001,1.02193,0.00519,0.99476,0.00003,0.00003
229.74001,1.02193,0.00488,0.99507,0.00002,0.00002
229.88000,1.02193,0.00515,0.99480,0.00003,0.00003
230.02000,1.02193,0.00551,0.99443,0.00004,0.00002
230.16000,1.02193,0.00530,0.99464,0.00003,0.00002
230.30000,1.02193,0.00522,0.99473,0.00003,0.00003
230.44000,1.02194,0.00566,0.99428,0.00003,0.00003
230.58000,1.02194,0.00593,0.99400,0.00004,0.00003
230.72000,1.02194,0.00575,0.99419,0.00003,0.00003
230.86000,1.02194,0.00554,0.99440,0.00003,0.00003
231.00000,1.02194,0.00558,0.99436,0.00003,0.00003
231.14000,1.02194,0.00566,0.99428,0.00003,0.00003
231.28000,1.02194,0.00543,0.99452,0.00003,0.00002
231.42000,1.02194,0.00542,0.99453,0.00003,0.00002
231.56000,1.02194,0.00568,0.99426,0.00004,0.00003
231.70000,1.02194,0.00552,0.99442,0.00003,0.00003
231.84000,1.02194,0.00569,0.99425,0.00003,0.00003
231.98000,1.02194,0.00553,0.99440,0.00003,0.00003
232.12000,1.02194,0.00505,0.99490,0.00002,0.00003
232.25999,1.02194,0.00494,0.99501,0.00003,0.00002
232.39999,1.02194,0.00494,0.99500,0.00003,0.00003
232.53999,1.02194,0.00456,0.99539,0.00002,0.00002
232.67999,1.02194,0.00452,0.99544,0.00002,0.00002
232.82001,1.02193,0.00484,0.99511,0.00002,0.00002
232.96001,1.02193,0.00473,0.99523,0.00002,0.00003
233.10001,1.02193,0.00457,0.99539,0.00002,0.00002
233.24001,1.02193,0.00485,0.99510,0.00002,0.00002
233.38000,1.02193,0.00540,0.99454,0.00003,0.00003
233.52000,1.02193,0.00519,0.99476,0.00003,0.00002
233.66000,1.02193,0.00590,0.99404,0.00003,0.00003
233.80000,1.02193,0.00692,0.99301,0.00004,0.00003
233.94000,1.02194,0.00727,0.99264,0.00005,0.00004
234.08000,1.02194,0.00700,0.99291,0.00005,0.00004
234.22000,1.02194,0.00678,0.99315,0.00004,0.00003
234.36000,1.02194,0.00698,0.99294,0.00005,0.00003
234.50000,1.02194,0.00585,0.99409,0.00004,0.00003
234.64000,1.02194,0.00572,0.99422,0.00003,0.00003
234.78000,1.02194,0.00579,0.99416,0.00003,0.00003
234.92000,1.02194,0.00610,0.99384,0.00004,0.00003
235.06000,1.02194,0.00551,0.99443,0.00003,0.00003
235.20000,1.02194,0.00541,0.99454,0.00003,0.00003
235.34000,1.02194,0.00602,0.99392,0.00004,0.00003
235.48000,1.02194,0.00574,0.99420,0.00003,0.00003
235.62000,1.02194,0.00490,0.99505,0.00003,0.00003
235.75999,1.02194,0.00469,0.99527,0.00002,0.00002
235.89999,1.02194,0.00530,0.99465,0.00003,0.00003
236.03999,1.02194,0.00584,0.99410,0.00003,0.00003
236.17999,1.02194,0.00569,0.99425,0.00003,0.00003
236.32001,1.02193,0.00600,0.99395,0.00003,0.00003
236.46001,1.02193,0.00696,0.99296,0.00004,0.00003
236.60001,1.02193,0.00800,0.99191,0.00006,0.00003
236.74001,1.02193,0.00816,0.99175,0.00006,0.00003
236.88000,1.02193,0.00778,0.99214,0.00005,0.00003
237.02000,1.02193,0.00779,0.99213,0.00005,0.00003
237.16000,1.02193,0.00778,0.99214,0.00005,0.00003
237.30000,1.02193,0.00768,0.99223,0.00005,0.00003
237.44000,1.02194,0.00705,0.99287,0.00005,0.00003
237.58000,1.02194,0.00645,0.99348,0.00004,0.00003
237.72000,1.02194,0.00623,0.99371,0.00004,0.00003
237.86000,1.02194,0.00619,0.99374,0.00004,0.00003
238.00000,1.02194,0.00596,0.99398,0.00004,0.00003
238.14000,1.02194,0.00570,0.99425,0.00003,0.00003
238.28000,1.02194,0.00590,0.99404,0.00004,0.00002
238.42000,1.02194,0.00570,0.99424,0.00003,0.00003
238.56000,1.02194,0.00536,0.99457,0.00003,0.00003
238.70000,1.02194,0.00508,0.99486,0.00002,0.00003
238.84000,1.02194,0.00532,0.99463,0.00003,0.00003
238.98000,1.02194,0.00525,0.99470,0.00002,0.00003
239.12000,1.02194,0.00559,0.99434,0.00003,0.00004
239.25999,1.02194,0.00529,0.99466,0.00003,0.00003
239.39999,1.02194,0.00553,0.99441,0.00003,0.00004
239.53999,1.02194,0.00561,0.99433,0.00003,0.00004
239.67999,1.02194,0.00511,0.99483,0.00003,0.00004
239.82001,1.02193,0.00498,0.99497,0.00002,0.00003
239.96001,1.02193,0.00493,0.99502,0.00002,0.00003
240.10001,1.02193,0.00518,0.99475,0.00003,0.00004
240.24001,1.02193,0.00474,0.99522,0.00002,0.00003
240.38000,1.02193,0.00542,0.99452,0.00002,0.00004
240.52000,1.02193,0.00628,0.99366,0.00003,0.00003
240.66000,1.02193,0.00695,0.99298,0.00004,0.00003
240.80000,1.02193,0.00858,0.99132,0.00006,0.00004
240.94000,1.02194,0.00833,0.99159,0.00005,0.00004
241.08000,1.02194,0.00882,0.99108,0.00006,0.00003
241.22000,1.02194,0.00894,0.99096,0.00007,0.00003
241.36000,1.02194,0.00916,0.99074,0.00007,0.00003
241.50000,1.02194,0.00942,0.99048,0.00007,0.00003
241.64000,1.02194,0.00950,0.99041,0.00006,0.00003
241.78000,1.02194,0.00977,0.99014,0.00006,0.00003
241.92000,1.02194,0.01067,0.98920,0.00010,0.00003
242.06000,1.02194,0.00932,0.99057,0.00007,0.00003
242.20000,1.02194,0.00734,0.99259,0.00005,0.00003
242.34000,1.02194,0.00602,0.99391,0.00003,0.00003
242.48000,1.02194,0.00519,0.99475,0.00003,0.00003
242.62000,1.02194,0.00472,0.99523,0.00002,0.00002
242.75999,1.02194,0.00499,0.99496,0.00003,0.00003
242.89999,1.02194,0.00570,0.99424,0.00003,0.00003
243.03999,1.02194,0.00630,0.99363,0.00004,0.00003
243.17999,1.02194,0.00678,0.99315,0.00004,0.00003
243.32001,1.02193,0.00709,0.99283,0.00005,0.00003
243.46001,1.02193,0.00696,0.99295,0.00005,0.00003
243.60001,1.02193,0.00597,0.99396,0.00004,0.00003
243.74001,1.02193,0.00536,0.99458,0.00003,0.00003
243.88000,1.02193,0.00522,0.99472,0.00003,0.00003
244.02000,1.02193,0.00516,0.99479,0.00003,0.00003
244.16000,1.02193,0.00535,0.99460,0.00003,0.00002
244.30000,1.02193,0.00610,0.99383,0.00004,0.00003
