Time (seconds), Duration (seconds),pred_unlabelled,pred_Air,pred_Floor,pred_Carpet
0.00000,1.05394,0.10378,0.02631,0.77764,0.09227
0.10000,1.05394,0.16514,0.04469,0.64859,0.14158
0.20000,1.05394,0.15207,0.06032,0.62640,0.16121
0.30000,1.05394,0.20781,0.08239,0.50590,0.20390
0.40000,1.05394,0.18862,0.07233,0.56344,0.17562
0.50000,1.05394,0.20348,0.10214,0.47944,0.21493
0.60000,1.05394,0.19041,0.19594,0.43080,0.18285
0.70000,1.05394,0.19925,0.23462,0.37921,0.18691
0.80000,1.05394,0.19612,0.18430,0.39043,0.22916
0.90000,1.05394,0.20712,0.18319,0.40819,0.20150
1.00000,1.05394,0.18643,0.14025,0.51082,0.16250
1.10000,1.05394,0.17686,0.22939,0.41660,0.17716
1.20000,1.05394,0.17313,0.31903,0.35151,0.15632
1.30000,1.05394,0.14301,0.46216,0.21458,0.18025
1.40000,1.05394,0.15784,0.52949,0.17116,0.14150
1.50000,1.05394,0.14668,0.59072,0.12842,0.13419
1.60000,1.05394,0.16453,0.56839,0.13271,0.13438
1.70000,1.05394,0.16900,0.53237,0.15162,0.14702
1.80000,1.05394,0.14301,0.58956,0.13988,0.12755
1.90000,1.05394,0.13967,0.59098,0.13062,0.13872
2.00000,1.05394,0.16849,0.47872,0.23899,0.11380
2.10000,1.05394,0.20460,0.25724,0.40647,0.13169
2.20000,1.05394,0.16090,0.20213,0.54354,0.09343
2.30000,1.05394,0.15325,0.14359,0.58737,0.11579
2.40000,1.05394,0.12811,0.11056,0.69530,0.06602
2.50000,1.05394,0.12301,0.07742,0.71965,0.07992
2.60000,1.05394,0.10931,0.09442,0.72656,0.06971
2.70000,1.05394,0.13760,0.06933,0.68004,0.11302
2.80000,1.05394,0.10756,0.05299,0.77251,0.06694
2.90000,1.05394,0.12809,0.05759,0.65361,0.16070
3.00000,1.05394,0.15406,0.09070,0.60323,0.15202
3.10000,1.05394,0.17814,0.12699,0.51862,0.17624
3.20000,1.05394,0.17429,0.17761,0.46765,0.18045
3.30000,1.05394,0.21323,0.18277,0.43060,0.17340
3.40000,1.05394,0.21663,0.16075,0.42667,0.19595
3.50000,1.05394,0.20522,0.15310,0.50255,0.13913
3.60000,1.05394,0.18892,0.18298,0.50067,0.12742
3.70000,1.05394,0.19387,0.23791,0.45553,0.11269
3.80000,1.05394,0.18238,0.24178,0.47325,0.10258
3.90000,1.05394,0.20632,0.23227,0.45563,0.10578
4.00000,1.05394,0.22331,0.25767,0.41007,0.10895
4.10000,1.05394,0.20269,0.20915,0.49163,0.09653
4.20000,1.05394,0.18354,0.22215,0.47436,0.11995
4.30000,1.05394,0.18820,0.19747,0.50114,0.11319
4.40000,1.05394,0.19170,0.25468,0.45635,0.09727
4.50000,1.05394,0.15029,0.12786,0.62454,0.09731
4.60000,1.05394,0.17019,0.13011,0.57518,0.12453
4.70000,1.05394,0.16052,0.13885,0.58772,0.11291
4.80000,1.05394,0.13344,0.12620,0.66053,0.07983
4.90000,1.05394,0.11388,0.10872,0.71063,0.06677
5.00000,1.05394,0.14341,0.16255,0.62184,0.07221
5.10000,1.05394,0.13939,0.12019,0.66414,0.07627
5.20000,1.05394,0.14112,0.13968,0.64131,0.07789
5.30000,1.05394,0.12871,0.10971,0.68944,0.07214
5.40000,1.05394,0.16406,0.16107,0.57031,0.10455
5.50000,1.05394,0.14447,0.15696,0.60839,0.09018
5.60000,1.05394,0.16457,0.21632,0.51801,0.10110
5.70000,1.05394,0.15311,0.17751,0.56192,0.10746
5.80000,1.05394,0.18424,0.13190,0.56796,0.11590
5.90000,1.05394,0.16851,0.10536,0.60066,0.12547
6.00000,1.05394,0.14553,0.07186,0.66390,0.11871
6.10000,1.05394,0.11284,0.06770,0.74039,0.07908
6.20000,1.05394,0.14414,0.07486,0.66237,0.11863
6.30000,1.05394,0.12901,0.09779,0.66649,0.10671
6.40000,1.05394,0.15475,0.09499,0.60128,0.14899
6.50000,1.05394,0.13523,0.10527,0.64425,0.11525
6.60000,1.05394,0.17674,0.08948,0.58704,0.14674
6.70000,1.05394,0.16395,0.16667,0.46161,0.20777
6.80000,1.05394,0.16937,0.19307,0.41966,0.21789
6.90000,1.05394,0.15954,0.30309,0.26542,0.27194
7.00000,1.05394,0.18528,0.27560,0.27068,0.26843
7.10000,1.05394,0.20949,0.18594,0.33446,0.27011
7.20000,1.05394,0.17531,0.13482,0.47344,0.21643
7.30000,1.05394,0.17429,0.10111,0.53433,0.19027
7.40000,1.05394,0.14799,0.13160,0.58243,0.13798
7.50000,1.05394,0.13690,0.08154,0.66638,0.11519
7.60000,1.05394,0.10935,0.09008,0.69361,0.10696
7.70000,1.05394,0.08879,0.02539,0.83152,0.05430
7.80000,1.05394,0.08290,0.01817,0.85259,0.04634
7.90000,1.05394,0.07203,0.02232,0.86858,0.03707
8.00000,1.05394,0.06505,0.03000,0.86360,0.04134
8.10000,1.05394,0.09061,0.08785,0.77393,0.04761
8.20000,1.05394,0.11322,0.15871,0.65132,0.07675
8.30000,1.05394,0.12339,0.18030,0.60890,0.08741
8.40000,1.05394,0.13943,0.18487,0.60178,0.07392
8.50000,1.05394,0.13840,0.30937,0.46340,0.08883
8.60000,1.05394,0.14549,0.36918,0.40883,0.07649
8.70000,1.05394,0.11557,0.58291,0.23240,0.06913
8.80000,1.05394,0.14582,0.55791,0.23806,0.05820
8.90000,1.05394,0.17044,0.57816,0.17355,0.07785
9.00000,1.05394,0.19433,0.53704,0.20015,0.06848
9.10000,1.05394,0.23456,0.44994,0.21356,0.10195
9.20000,1.05394,0.21339,0.51770,0.18177,0.08715
9.30000,1.05394,0.22752,0.50058,0.16714,0.10476
9.40000,1.05394,0.23471,0.51842,0.16576,0.08110
9.50000,1.05394,0.22513,0.52951,0.14843,0.09693
9.60000,1.05394,0.22940,0.45574,0.19762,0.11723
9.70000,1.05394,0.24405,0.28300,0.36657,0.10638
9.80000,1.05394,0.20463,0.22830,0.49426,0.07280
9.90000,1.05394,0.14655,0.09694,0.69691,0.05960
10.00000,1.05394,0.08509,0.04115,0.84070,0.03306
10.10000,1.05394,0.04730,0.01532,0.91978,0.01761
10.20000,1.05394,0.04219,0.01079,0.92676,0.02026
10.30000,1.05394,0.02403,0.00390,0.96216,0.00991
10.40000,1.05394,0.01487,0.00274,0.97603,0.00636
10.50000,1.05394,0.01061,0.00159,0.98435,0.00345
10.60000,1.05394,0.01357,0.00273,0.97927,0.00443
10.70000,1.05394,0.01303,0.00224,0.97979,0.00494
10.80000,1.05394,0.01675,0.00359,0.97285,0.00681
10.90000,1.05394,0.02561,0.00570,0.95998,0.00871
11.00000,1.05394,0.03772,0.01617,0.93343,0.01268
11.10000,1.05394,0.03602,0.01690,0.93506,0.01202
11.20000,1.05394,0.05286,0.02821,0.90426,0.01467
11.30000,1.05394,0.08221,0.06416,0.83507,0.01856
11.40000,1.05394,0.11418,0.09499,0.74825,0.04258
11.50000,1.05394,0.12888,0.13551,0.69198,0.04362
11.60000,1.05394,0.17116,0.17908,0.58194,0.06782
11.70000,1.05394,0.18959,0.18864,0.55589,0.06588
11.80000,1.05394,0.17453,0.16154,0.58154,0.08240
11.90000,1.05394,0.19223,0.26653,0.43727,0.10398
12.00000,1.05394,0.19100,0.17850,0.50238,0.12812
12.10000,1.05394,0.20112,0.14673,0.53445,0.11769
12.20000,1.05394,0.12725,0.05890,0.72882,0.08503
12.30000,1.05394,0.10093,0.03563,0.81122,0.05222
12.40000,1.05394,0.06531,0.01824,0.88293,0.03351
12.50000,1.05394,0.05619,0.01983,0.89782,0.02616
12.60000,1.05394,0.05563,0.01881,0.88896,0.03661
12.70000,1.05394,0.05421,0.02134,0.89863,0.02582
12.80000,1.05394,0.03836,0.00648,0.93058,0.02458
12.90000,1.05394,0.03713,0.00901,0.93288,0.02098
13.00000,1.05394,0.04226,0.00980,0.91801,0.02993
13.10000,1.05394,0.07085,0.02514,0.84887,0.05513
13.20000,1.05394,0.08394,0.02171,0.81875,0.07560
13.30000,1.05394,0.12420,0.04687,0.72236,0.10657
13.40000,1.05394,0.10340,0.02433,0.77690,0.09538
13.50000,1.05394,0.11976,0.02145,0.74258,0.11621
13.60000,1.05394,0.11440,0.01876,0.76572,0.10112
13.70000,1.05394,0.11871,0.02201,0.76192,0.09736
13.80000,1.05394,0.10785,0.02854,0.79034,0.07327
13.90000,1.05394,0.10883,0.03284,0.79136,0.06698
14.00000,1.05394,0.07580,0.03068,0.84848,0.04503
14.10000,1.05394,0.10811,0.05958,0.76589,0.06642
14.20000,1.05394,0.11124,0.09058,0.73909,0.05909
14.30000,1.05394,0.15246,0.14064,0.62777,0.07913
14.40000,1.05394,0.15168,0.28274,0.47438,0.09120
14.50000,1.05394,0.16793,0.37524,0.35834,0.09850
14.60000,1.05394,0.14541,0.45773,0.31378,0.08309
14.70000,1.05394,0.15341,0.45261,0.31219,0.08179
14.80000,1.05394,0.16623,0.27187,0.47796,0.08394
14.90000,1.05394,0.13721,0.18234,0.60469,0.07575
15.00000,1.05394,0.11526,0.13895,0.68982,0.05597
15.10000,1.05394,0.09778,0.11278,0.73849,0.05094
15.20000,1.05394,0.08375,0.06380,0.81212,0.04033
15.30000,1.05394,0.06433,0.04713,0.86225,0.02629
15.40000,1.05394,0.04955,0.02939,0.89789,0.02318
15.50000,1.05394,0.03509,0.03363,0.90862,0.02266
15.60000,1.05394,0.05113,0.05379,0.86102,0.03405
15.70000,1.05394,0.07139,0.09417,0.79870,0.03574
15.80000,1.05394,0.07996,0.13646,0.72944,0.05413
15.90000,1.05394,0.08571,0.09251,0.76844,0.05334
16.00000,1.05394,0.11209,0.08685,0.71728,0.08379
16.10000,1.05394,0.10703,0.12381,0.68821,0.08095
16.20000,1.05394,0.15809,0.19356,0.52627,0.12208
16.30000,1.05394,0.14474,0.27514,0.46493,0.11519
16.40000,1.05394,0.21583,0.32568,0.29385,0.16464
16.50000,1.05394,0.19756,0.25475,0.38410,0.16359
16.60000,1.05394,0.21627,0.24705,0.34968,0.18700
16.70000,1.05394,0.22225,0.33841,0.25211,0.18724
16.80000,1.05394,0.21402,0.40868,0.16144,0.21586
16.90000,1.05394,0.20762,0.42257,0.16154,0.20827
17.00000,1.05394,0.19184,0.44580,0.16565,0.19670
17.10000,1.05394,0.22699,0.38072,0.18610,0.20618
17.20000,1.05394,0.24040,0.23871,0.31059,0.21030
17.30000,1.05394,0.22604,0.12801,0.46683,0.17912
17.40000,1.05394,0.19687,0.09575,0.50903,0.19836
17.50000,1.05394,0.16461,0.07135,0.61716,0.14688
17.60000,1.05394,0.16269,0.07050,0.61591,0.15090
17.70000,1.05394,0.13909,0.03607,0.73311,0.09174
17.80000,1.05394,0.10628,0.02718,0.77267,0.09387
17.90000,1.05394,0.07956,0.01192,0.85477,0.05374
18.00000,1.05394,0.07340,0.00863,0.85933,0.05864
18.10000,1.05394,0.07307,0.01172,0.84936,0.06585
18.20000,1.05394,0.13157,0.03080,0.71147,0.12616
18.30000,1.05394,0.10674,0.03447,0.75386,0.10493
18.40000,1.05394,0.11173,0.05111,0.73404,0.10312
18.50000,1.05394,0.07666,0.02442,0.83135,0.06757
18.60000,1.05394,0.09798,0.02785,0.77795,0.09622
18.70000,1.05394,0.09804,0.03154,0.76779,0.10263
18.80000,1.05394,0.11057,0.06860,0.68051,0.14032
18.90000,1.05394,0.12264,0.12137,0.62570,0.13029
19.00000,1.05394,0.13899,0.11675,0.62399,0.12027
19.10000,1.05394,0.13798,0.08271,0.68736,0.09195
19.20000,1.05394,0.15210,0.11099,0.62162,0.11528
19.30000,1.05394,0.15871,0.23153,0.48632,0.12345
19.40000,1.05394,0.18679,0.31301,0.32132,0.17889
19.50000,1.05394,0.17509,0.44046,0.23488,0.14958
19.60000,1.05394,0.17580,0.50575,0.18336,0.13509
19.70000,1.05394,0.16950,0.52701,0.17562,0.12788
19.80000,1.05394,0.20094,0.36072,0.29722,0.14112
19.90000,1.05394,0.18753,0.32275,0.30972,0.18001
20.00000,1.05394,0.17161,0.37872,0.30466,0.14501
20.10000,1.05394,0.18763,0.32233,0.35847,0.13157
20.20000,1.05394,0.18565,0.21047,0.49579,0.10809
20.30000,1.05394,0.13849,0.10986,0.66655,0.08510
20.40000,1.05394,0.11670,0.07898,0.73203,0.07229
20.50000,1.05394,0.11654,0.06223,0.73014,0.09109
20.60000,1.05394,0.13021,0.06516,0.71052,0.09411
20.70000,1.05394,0.14199,0.10844,0.62978,0.11979
20.80000,1.05394,0.14594,0.18710,0.54979,0.11717
20.90000,1.05394,0.15532,0.15996,0.55093,0.13379
21.00000,1.05394,0.14415,0.12518,0.61025,0.12042
21.10000,1.05394,0.16627,0.14707,0.57898,0.10768
21.20000,1.05394,0.16067,0.17914,0.53944,0.12075
21.30000,1.05394,0.19203,0.28805,0.40325,0.11667
21.40000,1.05394,0.18557,0.28917,0.40453,0.12073
21.50000,1.05394,0.19833,0.24536,0.43263,0.12368
21.60000,1.05394,0.16625,0.20775,0.53428,0.09172
21.70000,1.05394,0.19244,0.15945,0.54199,0.10612
21.80000,1.05394,0.18836,0.16693,0.54136,0.10336
21.90000,1.05394,0.19430,0.20099,0.51906,0.08564
22.00000,1.05394,0.20203,0.23505,0.47031,0.09261
22.10000,1.05394,0.21042,0.24887,0.43474,0.10597
22.20000,1.05394,0.18341,0.16657,0.54626,0.10376
22.30000,1.05394,0.17487,0.17590,0.53986,0.10937
22.40000,1.05394,0.15042,0.12261,0.66041,0.06655
22.50000,1.05394,0.18707,0.18925,0.51492,0.10876
22.60000,1.05394,0.16472,0.14493,0.59552,0.09483
22.70000,1.05394,0.17088,0.17731,0.54054,0.11127
22.80000,1.05394,0.14736,0.18986,0.57340,0.08938
22.90000,1.05394,0.17865,0.22830,0.50052,0.09253
23.00000,1.05394,0.14133,0.16543,0.59484,0.09840
23.10000,1.05394,0.16945,0.23471,0.49600,0.09984
23.20000,1.05394,0.15865,0.17963,0.55313,0.10859
23.30000,1.05394,0.17631,0.16226,0.56907,0.09236
23.40000,1.05394,0.14940,0.15177,0.59888,0.09994
23.50000,1.05394,0.14887,0.20135,0.54275,0.10704
23.60000,1.05394,0.17898,0.22082,0.46900,0.13120
23.70000,1.05394,0.15288,0.17247,0.55612,0.11853
23.80000,1.05394,0.17743,0.09134,0.57080,0.16044
23.90000,1.05394,0.15734,0.07248,0.65302,0.11717
24.00000,1.05394,0.16759,0.05411,0.64478,0.13352
24.10000,1.05394,0.13641,0.03612,0.71513,0.11234
24.20000,1.05394,0.15464,0.03574,0.67582,0.13380
24.30000,1.05394,0.12364,0.03666,0.74643,0.09327
24.40000,1.05394,0.11877,0.03418,0.75342,0.09364
24.50000,1.05394,0.08358,0.01875,0.84715,0.05052
24.60000,1.05394,0.07401,0.01490,0.86314,0.04796
24.70000,1.05394,0.07749,0.01787,0.85344,0.05121
24.80000,1.05394,0.09733,0.01988,0.81706,0.06574
24.90000,1.05394,0.08436,0.02758,0.82533,0.06273
25.00000,1.05394,0.10801,0.03871,0.78626,0.06702
25.10000,1.05394,0.14818,0.07840,0.66859,0.10482
25.20000,1.05394,0.14471,0.12951,0.62546,0.10032
25.30000,1.05394,0.15865,0.19602,0.51069,0.13464
25.40000,1.05394,0.19746,0.25430,0.40936,0.13887
25.50000,1.05394,0.26444,0.30863,0.28922,0.13771
25.60000,1.05394,0.56660,0.20743,0.11845,0.10752
25.70000,1.05394,0.72162,0.15490,0.06736,0.05612
25.80000,1.05394,0.76919,0.13655,0.04710,0.04715
25.90000,1.05394,0.84390,0.10052,0.02790,0.02767
26.00000,1.05394,0.88040,0.07649,0.01868,0.02443
26.10000,1.05394,0.93498,0.04480,0.00753,0.01269
26.20000,1.05394,0.97094,0.01544,0.00396,0.00966
26.30000,1.05394,0.98442,0.00699,0.00213,0.00646
26.40000,1.05394,0.98669,0.00598,0.00124,0.00609
26.50000,1.05394,0.98063,0.00980,0.00166,0.00791
26.60000,1.05394,0.96874,0.01292,0.00269,0.01565
26.70000,1.05394,0.98273,0.00622,0.00156,0.00949
26.80000,1.05394,0.98318,0.00540,0.00101,0.01041
26.90000,1.05394,0.98764,0.00334,0.00067,0.00835
27.00000,1.05394,0.98848,0.00300,0.00067,0.00786
27.10000,1.05394,0.98865,0.00253,0.00067,0.00815
27.20000,1.05394,0.99023,0.00209,0.00055,0.00713
27.30000,1.05394,0.99072,0.00207,0.00070,0.00651
27.40000,1.05394,0.99267,0.00135,0.00046,0.00552
27.50000,1.05394,0.99316,0.00117,0.00043,0.00525
27.60000,1.05394,0.99397,0.00103,0.00035,0.00465
27.70000,1.05394,0.99390,0.00108,0.00038,0.00463
27.80000,1.05394,0.99405,0.00109,0.00040,0.00446
27.90000,1.05394,0.99403,0.00097,0.00039,0.00461
28.00000,1.05394,0.99400,0.00087,0.00038,0.00475
28.10000,1.05394,0.99471,0.00083,0.00035,0.00411
28.20000,1.05394,0.99545,0.00063,0.00028,0.00364
28.30000,1.05394,0.99566,0.00061,0.00022,0.00350
28.40000,1.05394,0.99528,0.00062,0.00022,0.00388
28.50000,1.05394,0.99560,0.00075,0.00025,0.00340
28.60000,1.05394,0.99596,0.00059,0.00020,0.00326
28.70000,1.05394,0.99656,0.00053,0.00015,0.00276
28.80000,1.05394,0.99711,0.00037,0.00009,0.00243
28.90000,1.05394,0.99690,0.00055,0.00013,0.00242
29.00000,1.05394,0.99695,0.00050,0.00012,0.00243
29.10000,1.05394,0.99678,0.00054,0.00014,0.00254
29.20000,1.05394,0.99682,0.00050,0.00013,0.00255
29.30000,1.05394,0.99611,0.00052,0.00014,0.00323
29.40000,1.05394,0.99631,0.00054,0.00015,0.00301
29.50000,1.05394,0.99628,0.00044,0.00014,0.00314
29.60000,1.05394,0.99589,0.00051,0.00017,0.00343
29.70000,1.05394,0.99476,0.00064,0.00026,0.00435
29.80000,1.05394,0.99418,0.00068,0.00029,0.00485
29.90000,1.05394,0.99433,0.00062,0.00027,0.00478
30.00000,1.05394,0.99349,0.00073,0.00031,0.00546
30.10000,1.05394,0.99232,0.00072,0.00035,0.00661
