Time (seconds), Duration (seconds),pred_(unlabeled),pred_brushing_teeth,pred_hair_drying,pred_showering
0.00000,1.02194,1.00000,0.00000,0.00000,0.00000
0.14000,1.02194,1.00000,0.00000,0.00000,0.00000
0.28000,1.02194,1.00000,0.00000,0.00000,0.00000
0.42000,1.02194,1.00000,0.00000,0.00000,0.00000
0.56000,1.02194,1.00000,0.00000,0.00000,0.00000
0.70000,1.02194,1.00000,0.00000,0.00000,0.00000
0.84000,1.02194,1.00000,0.00000,0.00000,0.00000
0.98000,1.02194,1.00000,0.00000,0.00000,0.00000
1.12000,1.02194,1.00000,0.00000,0.00000,0.00000
1.26000,1.02194,1.00000,0.00000,0.00000,0.00000
1.40000,1.02194,1.00000,0.00000,0.00000,0.00000
1.54000,1.02194,1.00000,0.00000,0.00000,0.00000
1.68000,1.02194,1.00000,0.00000,0.00000,0.00000
1.82000,1.02194,1.00000,0.00000,0.00000,0.00000
1.96000,1.02194,1.00000,0.00000,0.00000,0.00000
2.10000,1.02194,1.00000,0.00000,0.00000,0.00000
2.24000,1.02194,1.00000,0.00000,0.00000,0.00000
2.38000,1.02194,1.00000,0.00000,0.00000,0.00000
2.52000,1.02194,1.00000,0.00000,0.00000,0.00000
2.66000,1.02194,1.00000,0.00000,0.00000,0.00000
2.80000,1.02194,1.00000,0.00000,0.00000,0.00000
2.94000,1.02194,1.00000,0.00000,0.00000,0.00000
3.08000,1.02194,1.00000,0.00000,0.00000,0.00000
3.22000,1.02194,1.00000,0.00000,0.00000,0.00000
3.36000,1.02194,1.00000,0.00000,0.00000,0.00000
3.50000,1.02194,1.00000,0.00000,0.00000,0.00000
3.64000,1.02194,1.00000,0.00000,0.00000,0.00000
3.78000,1.02194,1.00000,0.00000,0.00000,0.00000
3.92000,1.02194,1.00000,0.00000,0.00000,0.00000
4.06000,1.02194,1.00000,0.00000,0.00000,0.00000
4.20000,1.02194,1.00000,0.00000,0.00000,0.00000
4.34000,1.02194,1.00000,0.00000,0.00000,0.00000
4.48000,1.02194,1.00000,0.00000,0.00000,0.00000
4.62000,1.02194,1.00000,0.00000,0.00000,0.00000
4.76000,1.02194,1.00000,0.00000,0.00000,0.00000
4.90000,1.02194,1.00000,0.00000,0.00000,0.00000
5.04000,1.02194,1.00000,0.00000,0.00000,0.00000
5.18000,1.02194,1.00000,0.00000,0.00000,0.00000
5.32000,1.02194,1.00000,0.00000,0.00000,0.00000
5.46000,1.02194,1.00000,0.00000,0.00000,0.00000
5.60000,1.02194,1.00000,0.00000,0.00000,0.00000
5.74000,1.02194,1.00000,0.00000,0.00000,0.00000
5.88000,1.02194,1.00000,0.00000,0.00000,0.00000
6.02000,1.02194,1.00000,0.00000,0.00000,0.00000
6.16000,1.02194,1.00000,0.00000,0.00000,0.00000
6.30000,1.02194,1.00000,0.00000,0.00000,0.00000
6.44000,1.02194,1.00000,0.00000,0.00000,0.00000
6.58000,1.02194,1.00000,0.00000,0.00000,0.00000
6.72000,1.02194,1.00000,0.00000,0.00000,0.00000
6.86000,1.02194,0.99998,0.00000,0.00000,0.00002
7.00000,1.02194,0.99965,0.00000,0.00002,0.00033
7.14000,1.02194,0.99441,0.00074,0.00023,0.00462
7.28000,1.02194,0.96007,0.02966,0.00059,0.00968
7.42000,1.02194,0.37007,0.62533,0.00038,0.00422
7.56000,1.02194,0.01563,0.98371,0.00008,0.00058
7.70000,1.02194,0.01112,0.98829,0.00009,0.00050
7.84000,1.02194,0.01088,0.98856,0.00009,0.00047
7.98000,1.02194,0.01024,0.98924,0.00008,0.00044
8.12000,1.02194,0.01024,0.98922,0.00008,0.00046
8.26000,1.02194,0.00967,0.98980,0.00009,0.00044
8.40000,1.02194,0.00963,0.98988,0.00009,0.00041
8.54000,1.02194,0.01027,0.98920,0.00009,0.00044
8.68000,1.02194,0.01120,0.98824,0.00009,0.00047
8.82000,1.02194,0.01121,0.98824,0.00008,0.00047
8.96000,1.02194,0.01141,0.98799,0.00008,0.00052
9.10000,1.02194,0.01447,0.98467,0.00009,0.00077
9.24000,1.02194,0.01752,0.98128,0.00010,0.00110
9.38000,1.02194,0.01912,0.97969,0.00010,0.00109
9.52000,1.02194,0.02323,0.97544,0.00010,0.00122
9.66000,1.02194,0.02542,0.97307,0.00011,0.00140
9.80000,1.02194,0.03178,0.96642,0.00010,0.00170
9.94000,1.02194,0.05749,0.93945,0.00011,0.00294
10.08000,1.02194,0.05041,0.94719,0.00011,0.00230
10.22000,1.02194,0.02830,0.97027,0.00009,0.00134
10.36000,1.02194,0.02381,0.97507,0.00007,0.00105
10.50000,1.02194,0.03080,0.96810,0.00007,0.00103
10.64000,1.02194,0.02873,0.97020,0.00009,0.00098
10.78000,1.02194,0.01690,0.98228,0.00009,0.00073
10.92000,1.02194,0.01009,0.98938,0.00009,0.00044
11.06000,1.02194,0.01121,0.98825,0.00009,0.00044
11.20000,1.02194,0.00970,0.98985,0.00009,0.00036
11.34000,1.02194,0.01297,0.98635,0.00011,0.00056
11.48000,1.02194,0.01729,0.98205,0.00008,0.00057
11.62000,1.02194,0.03674,0.96220,0.00008,0.00097
11.76000,1.02194,0.04159,0.95681,0.00011,0.00149
11.90000,1.02194,0.07190,0.92518,0.00019,0.00273
12.04000,1.02194,0.06744,0.93009,0.00019,0.00228
12.18000,1.02194,0.24475,0.74867,0.00030,0.00628
12.32000,1.02194,0.43990,0.55029,0.00044,0.00938
12.46000,1.02194,0.61550,0.37492,0.00039,0.00918
12.60000,1.02194,0.59810,0.39336,0.00038,0.00816
12.74000,1.02194,0.42181,0.57256,0.00030,0.00533
12.88000,1.02194,0.27569,0.72083,0.00023,0.00325
13.02000,1.02194,0.13727,0.86058,0.00017,0.00199
13.16000,1.02194,0.04200,0.95692,0.00010,0.00099
13.30000,1.02194,0.02712,0.97193,0.00008,0.00086
13.44000,1.02194,0.02148,0.97784,0.00008,0.00060
13.58000,1.02194,0.03124,0.96794,0.00007,0.00075
13.72000,1.02194,0.03344,0.96575,0.00006,0.00074
13.86000,1.02194,0.05676,0.94202,0.00009,0.00113
14.00000,1.02194,0.03894,0.96006,0.00010,0.00090
14.14000,1.02194,0.04214,0.95655,0.00014,0.00116
14.28000,1.02194,0.00791,0.99162,0.00009,0.00038
14.42000,1.02194,0.00712,0.99236,0.00011,0.00040
14.56000,1.02194,0.00701,0.99243,0.00014,0.00043
14.70000,1.02194,0.00811,0.99126,0.00015,0.00048
14.84000,1.02194,0.01041,0.98883,0.00015,0.00060
14.98000,1.02194,0.01379,0.98538,0.00014,0.00069
15.12000,1.02194,0.02037,0.97851,0.00014,0.00098
15.26000,1.02194,0.03916,0.95879,0.00016,0.00190
15.40000,1.02194,0.04125,0.95727,0.00010,0.00139
15.54000,1.02194,0.04583,0.95258,0.00010,0.00149
15.68000,1.02194,0.05004,0.94835,0.00009,0.00152
15.82000,1.02194,0.05931,0.93898,0.00009,0.00162
15.96000,1.02194,0.04261,0.95598,0.00010,0.00131
16.10000,1.02194,0.02790,0.97098,0.00010,0.00101
16.24000,1.02194,0.01171,0.98765,0.00010,0.00054
16.38000,1.02194,0.01201,0.98734,0.00010,0.00056
16.52000,1.02194,0.01031,0.98914,0.00009,0.00046
16.66000,1.02194,0.01118,0.98824,0.00008,0.00050
16.80000,1.02194,0.00962,0.98979,0.00010,0.00049
16.94000,1.02194,0.00843,0.99104,0.00011,0.00042
17.08000,1.02194,0.00855,0.99090,0.00011,0.00044
17.22000,1.02194,0.00868,0.99080,0.00010,0.00043
17.36000,1.02194,0.00798,0.99149,0.00011,0.00041
17.50000,1.02194,0.00898,0.99044,0.00011,0.00047
17.64000,1.02194,0.00931,0.99012,0.00010,0.00046
17.78000,1.02194,0.00983,0.98962,0.00009,0.00046
17.92000,1.02194,0.01051,0.98889,0.00010,0.00050
18.06000,1.02194,0.01015,0.98928,0.00010,0.00046
18.20000,1.02194,0.01132,0.98809,0.00009,0.00050
18.34000,1.02194,0.01173,0.98767,0.00008,0.00052
18.48000,1.02194,0.01236,0.98705,0.00008,0.00052
18.62000,1.02194,0.01079,0.98863,0.00008,0.00049
18.76000,1.02194,0.01139,0.98798,0.00009,0.00054
18.90000,1.02194,0.01042,0.98901,0.00009,0.00048
19.04000,1.02194,0.01047,0.98897,0.00008,0.00048
19.18000,1.02194,0.00931,0.99015,0.00009,0.00045
19.32000,1.02194,0.00832,0.99119,0.00009,0.00040
19.46000,1.02194,0.00803,0.99151,0.00008,0.00038
19.60000,1.02194,0.00789,0.99163,0.00009,0.00040
19.74000,1.02194,0.00679,0.99275,0.00010,0.00036
19.88000,1.02194,0.00658,0.99296,0.00011,0.00036
20.02000,1.02194,0.00663,0.99288,0.00011,0.00038
20.16000,1.02194,0.00741,0.99202,0.00012,0.00045
20.30000,1.02194,0.00880,0.99056,0.00013,0.00051
20.44000,1.02194,0.00980,0.98953,0.00013,0.00054
20.58000,1.02194,0.01077,0.98851,0.00012,0.00059
20.72000,1.02194,0.01125,0.98807,0.00011,0.00057
20.86000,1.02194,0.01032,0.98911,0.00008,0.00048
21.00000,1.02194,0.01117,0.98822,0.00008,0.00054
21.14000,1.02194,0.00844,0.99103,0.00009,0.00043
21.28000,1.02194,0.00884,0.99061,0.00009,0.00046
21.42000,1.02194,0.00827,0.99115,0.00011,0.00046
21.56000,1.02194,0.00830,0.99112,0.00011,0.00046
21.70000,1.02194,0.00849,0.99095,0.00011,0.00045
21.84000,1.02194,0.00783,0.99163,0.00011,0.00043
21.98000,1.02194,0.00913,0.99022,0.00012,0.00053
22.12000,1.02194,0.00981,0.98956,0.00010,0.00053
22.26000,1.02194,0.00984,0.98954,0.00010,0.00052
22.40000,1.02194,0.00847,0.99093,0.00011,0.00048
22.54000,1.02194,0.00782,0.99164,0.00011,0.00043
22.68000,1.02194,0.00740,0.99211,0.00010,0.00039
22.82000,1.02194,0.00839,0.99106,0.00009,0.00046
22.96000,1.02194,0.00782,0.99159,0.00012,0.00047
23.10000,1.02194,0.00766,0.99179,0.00011,0.00044
23.24000,1.02194,0.00748,0.99197,0.00012,0.00043
23.38000,1.02194,0.00798,0.99142,0.00012,0.00048
23.52000,1.02194,0.00903,0.99031,0.00012,0.00054
23.66000,1.02194,0.00898,0.99043,0.00010,0.00049
23.80000,1.02194,0.00955,0.98981,0.00010,0.00054
23.94000,1.02194,0.00929,0.99008,0.00011,0.00052
24.08000,1.02194,0.00907,0.99033,0.00011,0.00050
24.22000,1.02194,0.00860,0.99084,0.00010,0.00046
24.36000,1.02194,0.00897,0.99044,0.00010,0.00049
24.50000,1.02194,0.00811,0.99135,0.00010,0.00043
24.64000,1.02194,0.00813,0.99134,0.00010,0.00043
24.78000,1.02194,0.00718,0.99233,0.00010,0.00039
24.92000,1.02194,0.00711,0.99237,0.00011,0.00040
25.06000,1.02194,0.00681,0.99270,0.00011,0.00038
25.20000,1.02194,0.00694,0.99257,0.00011,0.00039
25.34000,1.02194,0.00687,0.99262,0.00011,0.00039
25.48000,1.02194,0.00670,0.99280,0.00012,0.00039
25.62000,1.02194,0.00765,0.99178,0.00012,0.00045
25.76000,1.02194,0.00865,0.99075,0.00011,0.00049
25.90000,1.02194,0.00774,0.99172,0.00011,0.00043
26.04000,1.02194,0.00845,0.99094,0.00012,0.00048
26.18000,1.02194,0.00866,0.99078,0.00010,0.00046
26.32000,1.02194,0.00940,0.99001,0.00010,0.00049
26.46000,1.02194,0.00861,0.99086,0.00009,0.00044
26.60000,1.02194,0.00776,0.99172,0.00011,0.00042
26.74000,1.02194,0.00690,0.99264,0.00010,0.00036
26.88000,1.02194,0.00744,0.99209,0.00009,0.00038
27.02000,1.02194,0.00788,0.99159,0.00010,0.00043
27.16000,1.02194,0.00759,0.99190,0.00010,0.00041
27.30000,1.02194,0.00652,0.99299,0.00012,0.00037
27.44000,1.02194,0.00744,0.99198,0.00013,0.00044
27.58000,1.02194,0.00830,0.99112,0.00012,0.00047
27.72000,1.02194,0.00870,0.99074,0.00010,0.00045
27.86000,1.02194,0.00962,0.98973,0.00010,0.00054
28.00000,1.02194,0.00933,0.99005,0.00012,0.00051
28.14000,1.02194,0.00843,0.99106,0.00010,0.00041
28.28000,1.02194,0.01025,0.98913,0.00009,0.00053
28.42000,1.02194,0.00912,0.99032,0.00009,0.00047
28.56000,1.02194,0.00827,0.99121,0.00010,0.00042
28.70000,1.02194,0.00791,0.99157,0.00011,0.00042
28.84000,1.02194,0.00846,0.99099,0.00011,0.00045
28.98000,1.02194,0.00762,0.99187,0.00011,0.00040
29.12000,1.02194,0.00869,0.99072,0.00010,0.00048
29.26000,1.02194,0.00757,0.99190,0.00011,0.00041
29.40000,1.02194,0.00748,0.99199,0.00011,0.00041
29.54000,1.02194,0.00716,0.99235,0.00011,0.00039
29.68000,1.02194,0.00698,0.99254,0.00011,0.00038
29.82000,1.02194,0.00786,0.99159,0.00011,0.00044
29.96000,1.02194,0.00796,0.99150,0.00010,0.00044
30.10000,1.02194,0.00704,0.99245,0.00012,0.00039
30.24000,1.02194,0.00696,0.99252,0.00012,0.00040
30.38000,1.02194,0.00744,0.99202,0.00012,0.00042
30.52000,1.02194,0.00729,0.99220,0.00011,0.00040
30.66000,1.02194,0.00756,0.99190,0.00011,0.00043
30.80000,1.02194,0.00655,0.99294,0.00012,0.00039
30.94000,1.02194,0.00630,0.99322,0.00011,0.00036
31.08000,1.02194,0.00618,0.99335,0.00011,0.00036
31.22000,1.02194,0.00605,0.99348,0.00011,0.00036
31.36000,1.02194,0.00605,0.99347,0.00012,0.00036
31.50000,1.02194,0.00649,0.99300,0.00012,0.00039
31.64000,1.02194,0.00691,0.99256,0.00012,0.00041
31.78000,1.02194,0.00714,0.99230,0.00013,0.00043
31.92000,1.02194,0.00776,0.99165,0.00013,0.00046
32.06000,1.02193,0.00923,0.99011,0.00012,0.00054
32.20000,1.02194,0.00944,0.98994,0.00010,0.00051
32.34000,1.02194,0.00980,0.98953,0.00011,0.00056
32.48000,1.02194,0.00898,0.99042,0.00011,0.00050
32.62000,1.02194,0.00969,0.98970,0.00010,0.00051
32.76000,1.02194,0.00922,0.99018,0.00009,0.00050
32.90000,1.02193,0.00915,0.99024,0.00010,0.00051
33.04000,1.02194,0.00918,0.99016,0.00012,0.00054
33.18000,1.02194,0.00978,0.98957,0.00011,0.00054
33.32000,1.02194,0.00950,0.98987,0.00011,0.00052
33.46000,1.02194,0.01053,0.98878,0.00010,0.00059
33.60000,1.02194,0.00974,0.98961,0.00010,0.00054
33.74000,1.02193,0.01054,0.98878,0.00010,0.00058
33.88000,1.02194,0.01091,0.98839,0.00009,0.00061
34.02000,1.02194,0.01023,0.98907,0.00011,0.00059
34.16000,1.02194,0.01028,0.98903,0.00012,0.00058
34.30000,1.02194,0.01057,0.98875,0.00010,0.00058
34.44000,1.02194,0.00977,0.98960,0.00010,0.00053
34.58000,1.02193,0.00928,0.99015,0.00009,0.00048
34.72000,1.02193,0.00988,0.98952,0.00009,0.00051
34.86000,1.02194,0.00945,0.98993,0.00010,0.00052
35.00000,1.02194,0.00842,0.99102,0.00011,0.00046
35.14000,1.02194,0.00886,0.99055,0.00011,0.00049
35.28000,1.02194,0.00907,0.99032,0.00011,0.00050
35.42000,1.02194,0.00957,0.98980,0.00011,0.00052
35.56000,1.02193,0.01064,0.98869,0.00010,0.00057
35.70000,1.02194,0.01005,0.98928,0.00010,0.00057
35.84000,1.02194,0.01046,0.98888,0.00010,0.00057
35.98000,1.02194,0.00950,0.98988,0.00010,0.00052
36.12000,1.02194,0.00875,0.99068,0.00010,0.00047
36.26000,1.02194,0.00768,0.99177,0.00011,0.00044
36.40000,1.02193,0.00729,0.99218,0.00011,0.00042
36.54000,1.02194,0.00743,0.99202,0.00011,0.00044
36.68000,1.02194,0.01154,0.98739,0.00016,0.00091
36.82000,1.02194,0.01429,0.98486,0.00013,0.00072
36.96000,1.02194,0.03103,0.96636,0.00028,0.00233
37.10000,1.02194,0.03952,0.95851,0.00017,0.00180
37.24000,1.02193,0.03148,0.96730,0.00010,0.00113
37.38000,1.02194,0.04323,0.95518,0.00009,0.00150
37.52000,1.02194,0.59437,0.39637,0.00040,0.00886
37.66000,1.02194,0.08660,0.91152,0.00012,0.00176
37.80000,1.02194,0.19642,0.79968,0.00034,0.00356
37.94000,1.02194,0.01193,0.98734,0.00010,0.00063
38.08000,1.02193,0.00862,0.99075,0.00011,0.00051
38.22000,1.02193,0.00856,0.99084,0.00010,0.00049
38.36000,1.02194,0.00869,0.99071,0.00010,0.00050
38.50000,1.02194,0.00831,0.99110,0.00010,0.00049
38.64000,1.02194,0.00735,0.99206,0.00013,0.00046
38.78000,1.02194,0.00695,0.99248,0.00013,0.00044
38.92000,1.02194,0.00696,0.99251,0.00012,0.00042
39.06000,1.02193,0.00658,0.99291,0.00012,0.00039
39.20000,1.02194,0.00660,0.99289,0.00012,0.00040
39.34000,1.02194,0.00633,0.99315,0.00012,0.00039
39.48000,1.02194,0.00707,0.99237,0.00012,0.00044
39.62000,1.02194,0.00717,0.99228,0.00012,0.00043
39.76000,1.02194,0.00792,0.99146,0.00014,0.00049
39.90000,1.02193,0.00762,0.99182,0.00013,0.00044
40.04000,1.02194,0.00766,0.99180,0.00011,0.00043
40.18000,1.02194,0.00799,0.99146,0.00011,0.00045
40.32000,1.02194,0.00958,0.98975,0.00011,0.00056
40.46000,1.02194,0.00841,0.99100,0.00011,0.00049
40.60000,1.02194,0.00853,0.99084,0.00012,0.00052
40.74000,1.02193,0.00774,0.99169,0.00012,0.00045
40.88000,1.02194,0.00824,0.99117,0.00012,0.00047
41.02000,1.02194,0.00901,0.99036,0.00011,0.00052
41.16000,1.02194,0.00888,0.99050,0.00011,0.00051
41.30000,1.02194,0.00905,0.99029,0.00012,0.00055
41.44000,1.02194,0.00956,0.98977,0.00011,0.00056
41.58000,1.02193,0.00918,0.99017,0.00012,0.00054
41.72000,1.02193,0.00903,0.99031,0.00011,0.00054
41.86000,1.02194,0.00838,0.99102,0.00011,0.00050
42.00000,1.02194,0.00759,0.99186,0.00010,0.00045
42.14000,1.02194,0.00723,0.99222,0.00011,0.00044
42.28000,1.02194,0.00696,0.99249,0.00011,0.00043
42.42000,1.02194,0.00688,0.99256,0.00012,0.00044
42.56000,1.02193,0.00703,0.99238,0.00013,0.00046
42.70000,1.02194,0.00751,0.99186,0.00014,0.00048
42.84000,1.02194,0.00887,0.99045,0.00014,0.00054
42.98000,1.02194,0.00993,0.98939,0.00012,0.00056
43.12000,1.02194,0.00989,0.98940,0.00012,0.00059
43.26000,1.02194,0.01038,0.98889,0.00011,0.00061
43.40000,1.02193,0.01078,0.98850,0.00010,0.00061
43.54000,1.02194,0.01063,0.98865,0.00010,0.00062
43.68000,1.02194,0.01111,0.98804,0.00012,0.00073
43.82000,1.02194,0.01036,0.98887,0.00012,0.00065
43.96000,1.02194,0.00992,0.98932,0.00013,0.00063
44.10000,1.02194,0.01014,0.98911,0.00012,0.00063
44.24000,1.02193,0.01089,0.98832,0.00012,0.00067
44.38000,1.02194,0.01161,0.98762,0.00011,0.00066
44.52000,1.02194,0.01229,0.98690,0.00010,0.00071
44.66000,1.02194,0.01080,0.98844,0.00012,0.00064
44.80000,1.02194,0.01018,0.98914,0.00010,0.00058
44.94000,1.02194,0.01045,0.98883,0.00010,0.00061
45.08000,1.02193,0.00949,0.98982,0.00011,0.00058
45.22000,1.02193,0.00955,0.98971,0.00012,0.00062
45.36000,1.02194,0.00947,0.98979,0.00012,0.00061
45.50000,1.02194,0.00890,0.99042,0.00012,0.00056
45.64000,1.02194,0.00785,0.99151,0.00013,0.00051
45.78000,1.02194,0.00741,0.99200,0.00012,0.00047
45.92000,1.02194,0.00699,0.99246,0.00012,0.00043
46.06000,1.02193,0.00770,0.99167,0.00012,0.00051
46.20000,1.02194,0.00612,0.99334,0.00013,0.00041
46.34000,1.02194,0.00588,0.99358,0.00014,0.00040
46.48000,1.02194,0.00594,0.99352,0.00014,0.00040
46.62000,1.02194,0.00611,0.99334,0.00014,0.00041
46.76000,1.02194,0.00586,0.99361,0.00014,0.00039
46.90000,1.02193,0.00612,0.99334,0.00014,0.00041
47.04000,1.02194,0.00550,0.99401,0.00014,0.00036
47.18000,1.02194,0.00547,0.99403,0.00014,0.00036
47.32000,1.02194,0.00530,0.99421,0.00014,0.00035
47.46000,1.02194,0.00505,0.99448,0.00013,0.00033
47.60000,1.02194,0.00488,0.99466,0.00014,0.00032
47.74000,1.02193,0.00479,0.99476,0.00014,0.00031
47.88000,1.02194,0.00465,0.99491,0.00014,0.00030
48.02000,1.02194,0.00469,0.99487,0.00014,0.00030
48.16000,1.02194,0.00475,0.99480,0.00014,0.00030
48.30000,1.02194,0.00473,0.99483,0.00014,0.00030
48.44000,1.02194,0.00475,0.99481,0.00014,0.00030
48.58000,1.02193,0.00494,0.99459,0.00015,0.00033
48.72000,1.02193,0.00482,0.99472,0.00014,0.00031
48.86000,1.02194,0.00486,0.99468,0.00014,0.00031
49.00000,1.02194,0.00477,0.99480,0.00014,0.00030
49.14000,1.02194,0.00476,0.99480,0.00014,0.00030
49.28000,1.02194,0.00471,0.99486,0.00014,0.00029
49.42000,1.02194,0.00461,0.99498,0.00013,0.00028
49.56000,1.02193,0.00456,0.99503,0.00014,0.00028
49.70000,1.02194,0.00459,0.99500,0.00013,0.00028
49.84000,1.02194,0.00478,0.99479,0.00014,0.00030
49.98000,1.02194,0.00482,0.99474,0.00013,0.00030
50.12000,1.02194,0.00481,0.99473,0.00014,0.00031
50.26000,1.02194,0.00474,0.99480,0.00015,0.00031
50.40000,1.02193,0.00504,0.99447,0.00015,0.00034
50.54000,1.02194,0.00493,0.99460,0.00014,0.00033
50.68000,1.02194,0.00522,0.99427,0.00015,0.00036
50.82000,1.02194,0.00522,0.99428,0.00015,0.00035
50.96000,1.02194,0.00506,0.99445,0.00015,0.00034
51.10000,1.02194,0.00504,0.99447,0.00015,0.00034
51.24000,1.02193,0.00514,0.99437,0.00015,0.00035
51.38000,1.02194,0.00496,0.99457,0.00014,0.00033
51.52000,1.02194,0.00510,0.99444,0.00014,0.00033
51.66000,1.02194,0.00513,0.99440,0.00014,0.00033
51.80000,1.02194,0.00673,0.99262,0.00017,0.00048
51.94000,1.02194,0.00660,0.99284,0.00016,0.00040
52.08000,1.02193,0.00627,0.99321,0.00016,0.00037
52.22000,1.02193,0.00647,0.99302,0.00014,0.00037
52.36000,1.02194,0.00669,0.99280,0.00013,0.00038
52.50000,1.02194,0.00658,0.99292,0.00012,0.00038
52.64000,1.02194,0.00628,0.99318,0.00013,0.00041
52.78000,1.02194,0.00525,0.99430,0.00013,0.00032
52.92000,1.02194,0.00519,0.99435,0.00014,0.00033
53.06000,1.02193,0.00530,0.99421,0.00014,0.00034
53.20000,1.02194,0.00515,0.99437,0.00015,0.00033
53.34000,1.02194,0.00506,0.99448,0.00014,0.00031
53.48000,1.02194,0.00500,0.99454,0.00014,0.00032
53.62000,1.02194,0.00487,0.99469,0.00014,0.00030
53.76000,1.02194,0.00486,0.99471,0.00013,0.00030
53.90000,1.02193,0.00470,0.99488,0.00013,0.00028
54.04000,1.02194,0.00473,0.99484,0.00014,0.00029
54.18000,1.02194,0.00478,0.99480,0.00013,0.00028
54.32000,1.02194,0.00487,0.99471,0.00013,0.00029
54.46000,1.02194,0.00490,0.99467,0.00013,0.00029
54.60000,1.02194,0.00502,0.99455,0.00013,0.00030
54.74000,1.02193,0.00509,0.99447,0.00013,0.00031
54.88000,1.02194,0.00545,0.99407,0.00013,0.00034
55.02000,1.02194,0.00572,0.99380,0.00013,0.00035
55.16000,1.02194,0.00557,0.99397,0.00013,0.00033
55.30000,1.02194,0.00573,0.99377,0.00014,0.00036
55.44000,1.02194,0.00571,0.99380,0.00013,0.00036
55.58000,1.02193,0.00561,0.99392,0.00013,0.00035
55.72000,1.02193,0.00562,0.99391,0.00012,0.00035
55.86000,1.02194,0.00537,0.99416,0.00013,0.00033
56.00000,1.02194,0.00534,0.99419,0.00014,0.00033
56.14000,1.02194,0.00566,0.99384,0.00014,0.00036
56.28000,1.02194,0.00538,0.99416,0.00013,0.00033
56.42000,1.02194,0.00568,0.99385,0.00014,0.00034
56.56000,1.02193,0.00584,0.99367,0.00013,0.00035
56.70000,1.02194,0.00656,0.99291,0.00013,0.00040
56.84000,1.02194,0.00660,0.99286,0.00013,0.00040
56.98000,1.02194,0.00655,0.99291,0.00013,0.00041
57.12000,1.02194,0.00643,0.99303,0.00014,0.00040
57.26000,1.02194,0.00683,0.99260,0.00013,0.00043
57.40000,1.02193,0.00678,0.99265,0.00013,0.00044
57.54000,1.02194,0.00640,0.99305,0.00013,0.00042
57.68000,1.02194,0.00590,0.99358,0.00013,0.00038
57.82000,1.02194,0.00582,0.99368,0.00013,0.00037
57.96000,1.02194,0.00585,0.99364,0.00013,0.00037
58.10000,1.02194,0.00559,0.99394,0.00013,0.00035
58.24000,1.02193,0.00540,0.99413,0.00013,0.00034
58.38000,1.02194,0.00525,0.99428,0.00014,0.00033
58.52000,1.02194,0.00534,0.99419,0.00013,0.00033
58.66000,1.02194,0.00518,0.99437,0.00013,0.00032
58.80000,1.02194,0.00515,0.99439,0.00013,0.00033
58.94000,1.02194,0.00498,0.99457,0.00014,0.00032
59.08000,1.02193,0.00504,0.99450,0.00014,0.00032
59.22000,1.02193,0.00513,0.99439,0.00014,0.00034
59.36000,1.02194,0.00527,0.99424,0.00014,0.00035
59.50000,1.02194,0.00537,0.99412,0.00015,0.00036
59.64000,1.02194,0.00550,0.99398,0.00015,0.00037
59.78000,1.02194,0.00580,0.99364,0.00015,0.00040
59.92000,1.02194,0.00572,0.99374,0.00015,0.00039
60.06000,1.02193,0.00579,0.99367,0.00015,0.00039
60.20000,1.02194,0.00566,0.99382,0.00014,0.00037
60.34000,1.02194,0.00551,0.99400,0.00014,0.00036
60.48000,1.02194,0.00544,0.99407,0.00014,0.00035
60.62000,1.02194,0.00552,0.99399,0.00014,0.00036
60.76000,1.02194,0.00539,0.99413,0.00014,0.00034
60.90000,1.02193,0.00563,0.99386,0.00015,0.00037
61.04000,1.02194,0.00541,0.99411,0.00014,0.00034
61.18000,1.02194,0.00543,0.99408,0.00014,0.00035
61.32000,1.02194,0.00565,0.99384,0.00014,0.00037
61.46000,1.02194,0.00546,0.99405,0.00014,0.00035
61.60000,1.02194,0.00552,0.99398,0.00014,0.00036
61.74000,1.02193,0.00547,0.99404,0.00014,0.00035
61.88000,1.02194,0.00535,0.99415,0.00015,0.00035
62.02000,1.02194,0.00553,0.99399,0.00014,0.00035
62.16000,1.02194,0.00564,0.99387,0.00014,0.00035
62.30000,1.02194,0.00556,0.99395,0.00014,0.00035
62.44000,1.02194,0.00555,0.99396,0.00014,0.00034
62.58000,1.02193,0.00553,0.99398,0.00014,0.00035
62.72000,1.02193,0.00554,0.99397,0.00014,0.00035
62.86000,1.02194,0.00545,0.99407,0.00014,0.00035
63.00000,1.02193,0.00545,0.99406,0.00014,0.00035
63.14000,1.02193,0.00546,0.99404,0.00014,0.00036
63.28000,1.02194,0.00540,0.99408,0.00015,0.00036
63.42000,1.02194,0.00556,0.99391,0.00015,0.00038
63.56000,1.02194,0.00567,0.99379,0.00015,0.00039
63.70000,1.02194,0.00591,0.99353,0.00016,0.00041
63.84000,1.02194,0.00581,0.99365,0.00015,0.00039
63.98000,1.02194,0.00571,0.99377,0.00014,0.00037
64.12000,1.02193,0.00572,0.99375,0.00014,0.00038
64.26000,1.02193,0.00554,0.99395,0.00014,0.00037
64.40000,1.02193,0.00538,0.99414,0.00013,0.00035
64.54000,1.02193,0.00546,0.99405,0.00014,0.00036
64.68000,1.02193,0.00525,0.99426,0.00015,0.00034
64.82000,1.02193,0.00537,0.99414,0.00014,0.00035
64.96000,1.02194,0.00539,0.99412,0.00015,0.00035
65.10000,1.02194,0.00528,0.99425,0.00014,0.00033
65.24000,1.02194,0.00538,0.99415,0.00014,0.00034
65.38000,1.02194,0.00549,0.99405,0.00013,0.00034
65.52000,1.02194,0.00518,0.99438,0.00014,0.00031
65.66000,1.02193,0.00527,0.99429,0.00013,0.00031
65.80000,1.02193,0.00544,0.99409,0.00013,0.00033
65.94000,1.02193,0.00534,0.99421,0.00013,0.00032
66.08000,1.02193,0.00534,0.99420,0.00014,0.00032
66.22000,1.02193,0.00562,0.99391,0.00013,0.00033
66.36000,1.02193,0.00559,0.99396,0.00013,0.00033
66.50000,1.02193,0.00567,0.99385,0.00013,0.00035
66.64000,1.02193,0.00728,0.99210,0.00015,0.00048
66.78000,1.02194,0.01388,0.98489,0.00018,0.00105
66.92000,1.02194,0.02343,0.97507,0.00020,0.00130
67.06000,1.02194,0.05315,0.94277,0.00033,0.00375
67.20000,1.02194,0.04627,0.95162,0.00015,0.00196
67.34000,1.02194,0.03765,0.96084,0.00009,0.00142
67.48000,1.02193,0.13013,0.86503,0.00022,0.00462
67.62000,1.02193,0.46182,0.53210,0.00033,0.00575
67.76000,1.02193,0.10946,0.88836,0.00019,0.00199
67.90000,1.02193,0.08054,0.91742,0.00025,0.00179
68.04000,1.02193,0.00663,0.99288,0.00011,0.00038
68.18000,1.02193,0.00631,0.99318,0.00012,0.00038
68.32000,1.02193,0.00699,0.99246,0.00012,0.00043
68.46000,1.02194,0.00653,0.99294,0.00013,0.00039
68.60000,1.02194,0.00657,0.99288,0.00014,0.00042
68.74000,1.02194,0.00736,0.99200,0.00014,0.00050
68.88000,1.02194,0.00773,0.99164,0.00013,0.00050
69.02000,1.02194,0.00801,0.99137,0.00012,0.00050
69.16000,1.02193,0.00785,0.99151,0.00013,0.00051
69.30000,1.02193,0.00716,0.99222,0.00014,0.00047
69.44000,1.02193,0.00689,0.99256,0.00013,0.00042
69.58000,1.02193,0.00719,0.99224,0.00012,0.00046
69.72000,1.02193,0.00664,0.99281,0.00012,0.00043
69.86000,1.02193,0.00621,0.99325,0.00013,0.00040
70.00000,1.02193,0.00600,0.99349,0.00013,0.00038
70.14000,1.02193,0.00580,0.99369,0.00013,0.00038
70.28000,1.02194,0.00577,0.99372,0.00013,0.00037
70.42000,1.02194,0.00596,0.99350,0.00013,0.00040
70.56000,1.02194,0.00571,0.99378,0.00013,0.00038
70.70000,1.02194,0.00577,0.99370,0.00014,0.00039
70.84000,1.02194,0.00577,0.99369,0.00015,0.00039
70.98000,1.02193,0.00544,0.99402,0.00015,0.00038
71.12000,1.02193,0.00527,0.99420,0.00015,0.00037
71.26000,1.02193,0.00548,0.99397,0.00015,0.00040
71.40000,1.02193,0.00526,0.99424,0.00014,0.00036
71.54000,1.02193,0.00535,0.99413,0.00015,0.00038
71.68000,1.02193,0.00520,0.99429,0.00016,0.00036
71.82000,1.02193,0.00516,0.99432,0.00016,0.00036
71.96000,1.02194,0.00502,0.99448,0.00015,0.00035
72.10000,1.02194,0.00501,0.99450,0.00015,0.00035
72.24000,1.02194,0.00491,0.99462,0.00014,0.00033
72.38000,1.02194,0.00498,0.99454,0.00015,0.00034
72.52000,1.02194,0.00492,0.99459,0.00015,0.00033
72.66000,1.02193,0.00505,0.99446,0.00015,0.00034
72.80000,1.02193,0.00492,0.99459,0.00015,0.00033
72.94000,1.02193,0.00524,0.99423,0.00016,0.00037
73.08000,1.02193,0.00496,0.99454,0.00015,0.00034
73.22000,1.02193,0.00526,0.99423,0.00015,0.00036
73.36000,1.02193,0.00517,0.99433,0.00015,0.00035
73.50000,1.02193,0.00514,0.99435,0.00015,0.00035
73.64000,1.02193,0.00512,0.99437,0.00016,0.00035
73.78000,1.02194,0.00519,0.99431,0.00015,0.00035
73.92000,1.02194,0.00530,0.99420,0.00015,0.00035
74.06000,1.02194,0.00551,0.99400,0.00014,0.00035
74.20000,1.02194,0.00552,0.99399,0.00015,0.00035
74.34000,1.02194,0.00542,0.99409,0.00014,0.00035
74.48000,1.02193,0.00542,0.99409,0.00014,0.00035
74.62000,1.02193,0.00578,0.99371,0.00014,0.00037
74.76000,1.02193,0.00578,0.99373,0.00013,0.00036
74.90000,1.02193,0.00566,0.99385,0.00014,0.00036
75.04000,1.02193,0.00564,0.99386,0.00014,0.00036
75.18000,1.02193,0.00546,0.99405,0.00013,0.00035
75.32000,1.02193,0.00548,0.99404,0.00013,0.00035
75.46000,1.02194,0.00562,0.99388,0.00013,0.00037
75.60000,1.02194,0.00511,0.99442,0.00014,0.00033
75.74000,1.02194,0.00537,0.99413,0.00014,0.00036
75.88000,1.02194,0.00536,0.99415,0.00014,0.00035
76.02000,1.02194,0.00553,0.99396,0.00015,0.00037
76.16000,1.02193,0.00543,0.99407,0.00014,0.00035
76.30000,1.02193,0.00566,0.99384,0.00014,0.00037
76.44000,1.02193,0.00629,0.99315,0.00014,0.00042
76.58000,1.02193,0.00669,0.99273,0.00014,0.00044
76.72000,1.02193,0.00618,0.99328,0.00014,0.00040
76.86000,1.02193,0.00634,0.99309,0.00015,0.00042
77.00000,1.02193,0.00619,0.99327,0.00014,0.00040
77.14000,1.02193,0.00651,0.99293,0.00013,0.00043
77.28000,1.02194,0.00627,0.99317,0.00013,0.00043
77.42000,1.02194,0.00561,0.99386,0.00014,0.00038
77.56000,1.02194,0.00533,0.99418,0.00014,0.00035
77.70000,1.02194,0.00606,0.99338,0.00014,0.00042
77.84000,1.02194,0.00648,0.99295,0.00014,0.00042
77.98000,1.02193,0.00685,0.99262,0.00014,0.00040
78.12000,1.02193,0.00750,0.99198,0.00013,0.00039
78.26000,1.02193,0.00850,0.99097,0.00012,0.00042
78.40000,1.02193,0.00926,0.99025,0.00011,0.00037
78.54000,1.02193,0.00955,0.99003,0.00008,0.00034
78.68000,1.02193,0.00995,0.98966,0.00007,0.00032
78.82000,1.02193,0.01186,0.98771,0.00007,0.00035
78.96000,1.02194,0.01139,0.98822,0.00006,0.00033
79.10000,1.02194,0.01040,0.98921,0.00007,0.00033
79.24000,1.02194,0.00773,0.99192,0.00008,0.00028
79.38000,1.02194,0.00823,0.99140,0.00007,0.00030
79.52000,1.02194,0.00761,0.99201,0.00007,0.00031
79.66000,1.02193,0.00674,0.99286,0.00009,0.00031
79.80000,1.02193,0.00595,0.99367,0.00011,0.00028
79.94000,1.02193,0.00628,0.99334,0.00011,0.00027
80.08000,1.02193,0.00603,0.99362,0.00011,0.00025
80.22000,1.02193,0.00567,0.99398,0.00010,0.00024
80.36000,1.02193,0.00513,0.99457,0.00009,0.00021
80.50000,1.02193,0.00516,0.99456,0.00008,0.00021
80.64000,1.02193,0.00548,0.99422,0.00007,0.00023
80.78000,1.02194,0.00477,0.99491,0.00009,0.00023
80.92000,1.02194,0.00484,0.99479,0.00012,0.00024
81.06000,1.02194,0.00527,0.99437,0.00012,0.00023
81.20000,1.02194,0.00579,0.99386,0.00012,0.00023
81.34000,1.02194,0.00596,0.99372,0.00011,0.00022
81.48000,1.02193,0.00714,0.99252,0.00010,0.00024
81.62000,1.02193,0.00687,0.99284,0.00008,0.00021
81.76000,1.02193,0.00826,0.99144,0.00006,0.00024
81.90000,1.02193,0.00628,0.99344,0.00007,0.00021
82.04000,1.02193,0.00628,0.99343,0.00007,0.00022
82.18000,1.02193,0.00528,0.99443,0.00008,0.00020
82.32000,1.02193,0.00527,0.99443,0.00009,0.00021
82.46000,1.02194,0.00492,0.99478,0.00010,0.00021
82.60000,1.02194,0.00499,0.99470,0.00010,0.00021
82.74000,1.02194,0.00511,0.99457,0.00011,0.00021
82.88000,1.02194,0.00521,0.99446,0.00011,0.00022
83.02000,1.02194,0.00555,0.99411,0.00011,0.00023
83.16000,1.02193,0.00549,0.99419,0.00010,0.00022
83.30000,1.02193,0.00556,0.99412,0.00010,0.00022
83.44000,1.02193,0.00564,0.99404,0.00010,0.00022
83.58000,1.02193,0.00533,0.99436,0.00010,0.00021
83.72000,1.02193,0.00503,0.99467,0.00010,0.00021
83.86000,1.02193,0.00488,0.99481,0.00010,0.00022
84.00000,1.02193,0.00442,0.99528,0.00010,0.00020
84.14000,1.02193,0.00448,0.99521,0.00010,0.00021
84.28000,1.02194,0.00425,0.99543,0.00011,0.00021
84.42000,1.02194,0.00413,0.99556,0.00011,0.00020
84.56000,1.02194,0.00416,0.99552,0.00011,0.00020
84.70000,1.02194,0.00427,0.99541,0.00012,0.00021
84.84000,1.02194,0.00431,0.99537,0.00011,0.00021
84.98000,1.02193,0.00436,0.99532,0.00011,0.00021
85.12000,1.02193,0.00439,0.99527,0.00011,0.00022
85.26000,1.02193,0.00433,0.99534,0.00012,0.00022
85.40000,1.02193,0.00439,0.99527,0.00012,0.00022
85.54000,1.02193,0.00448,0.99518,0.00012,0.00023
85.68000,1.02193,0.00454,0.99511,0.00012,0.00023
85.82000,1.02193,0.00454,0.99511,0.00012,0.00023
85.96000,1.02194,0.00452,0.99513,0.00012,0.00022
86.10000,1.02194,0.00460,0.99505,0.00012,0.00023
86.24000,1.02194,0.00460,0.99506,0.00012,0.00023
86.38000,1.02194,0.00461,0.99504,0.00012,0.00023
86.52000,1.02194,0.00462,0.99503,0.00012,0.00023
86.66000,1.02193,0.00466,0.99499,0.00011,0.00024
86.80000,1.02193,0.00469,0.99495,0.00012,0.00024
86.94000,1.02193,0.00489,0.99473,0.00012,0.00026
87.08000,1.02193,0.00469,0.99496,0.00012,0.00024
87.22000,1.02193,0.00470,0.99495,0.00011,0.00024
87.36000,1.02193,0.00471,0.99492,0.00012,0.00025
87.50000,1.02193,0.00487,0.99476,0.00012,0.00026
87.64000,1.02193,0.00475,0.99488,0.00012,0.00025
87.78000,1.02194,0.00496,0.99464,0.00012,0.00028
87.92000,1.02194,0.00558,0.99397,0.00013,0.00032
88.06000,1.02194,0.00557,0.99401,0.00012,0.00029
88.20000,1.02194,0.00563,0.99394,0.00012,0.00030
88.34000,1.02194,0.00561,0.99398,0.00012,0.00029
88.48000,1.02193,0.00563,0.99396,0.00012,0.00030
88.62000,1.02193,0.00542,0.99420,0.00010,0.00028
88.76000,1.02193,0.00555,0.99407,0.00010,0.00028
88.90000,1.02193,0.00517,0.99445,0.00011,0.00027
89.04000,1.02193,0.00520,0.99441,0.00012,0.00027
89.18000,1.02193,0.00525,0.99435,0.00012,0.00028
89.32000,1.02193,0.00645,0.99307,0.00013,0.00036
89.46000,1.02194,0.00699,0.99253,0.00012,0.00036
89.60000,1.02194,0.00671,0.99285,0.00011,0.00033
89.74000,1.02194,0.00701,0.99255,0.00010,0.00034
89.88000,1.02194,0.00864,0.99085,0.00010,0.00041
90.02000,1.02194,0.00965,0.98986,0.00008,0.00041
90.16000,1.02193,0.01148,0.98792,0.00008,0.00052
90.30000,1.02193,0.01354,0.98566,0.00011,0.00069
90.44000,1.02193,0.02018,0.97881,0.00011,0.00090
90.58000,1.02193,0.02500,0.97402,0.00008,0.00090
90.72000,1.02193,0.02625,0.97291,0.00006,0.00077
90.86000,1.02193,0.01870,0.98071,0.00005,0.00054
91.00000,1.02193,0.02244,0.97698,0.00004,0.00054
91.14000,1.02193,0.05962,0.93933,0.00008,0.00098
91.28000,1.02194,0.02842,0.97097,0.00006,0.00055
91.42000,1.02194,0.01214,0.98747,0.00006,0.00033
91.56000,1.02194,0.00844,0.99122,0.00006,0.00028
91.70000,1.02194,0.01208,0.98738,0.00007,0.00046
91.84000,1.02194,0.01238,0.98714,0.00007,0.00041
91.98000,1.02193,0.00908,0.99046,0.00008,0.00038
92.12000,1.02193,0.00886,0.99053,0.00013,0.00048
92.26000,1.02193,0.00880,0.99068,0.00011,0.00040
92.40000,1.02193,0.01062,0.98872,0.00011,0.00055
92.54000,1.02193,0.01499,0.98424,0.00011,0.00066
92.68000,1.02193,0.01067,0.98869,0.00013,0.00051
92.82000,1.02193,0.01104,0.98835,0.00011,0.00050
92.96000,1.02194,0.01284,0.98657,0.00009,0.00050
93.10000,1.02194,0.00975,0.98975,0.00009,0.00041
93.24000,1.02194,0.01287,0.98651,0.00009,0.00053
93.38000,1.02194,0.00770,0.99186,0.00010,0.00034
93.52000,1.02194,0.01075,0.98860,0.00011,0.00054
93.66000,1.02193,0.01160,0.98779,0.00010,0.00051
93.80000,1.02193,0.01045,0.98905,0.00010,0.00040
93.94000,1.02193,0.00948,0.99011,0.00008,0.00033
94.08000,1.02193,0.01006,0.98948,0.00008,0.00038
94.22000,1.02193,0.01059,0.98891,0.00008,0.00042
94.36000,1.02193,0.01815,0.98115,0.00007,0.00063
94.50000,1.02193,0.01396,0.98543,0.00008,0.00053
94.64000,1.02193,0.00765,0.99187,0.00010,0.00037
94.78000,1.02194,0.00710,0.99243,0.00010,0.00037
94.92000,1.02194,0.00795,0.99155,0.00009,0.00041
95.06000,1.02194,0.00903,0.99046,0.00008,0.00043
95.20000,1.02194,0.00725,0.99229,0.00009,0.00036
95.34000,1.02194,0.00604,0.99352,0.00011,0.00032
95.48000,1.02193,0.00647,0.99308,0.00011,0.00035
95.62000,1.02193,0.00667,0.99289,0.00010,0.00034
95.76000,1.02193,0.00713,0.99241,0.00009,0.00036
95.90000,1.02193,0.00570,0.99389,0.00011,0.00030
96.04000,1.02193,0.00571,0.99385,0.00012,0.00032
96.18000,1.02193,0.00571,0.99387,0.00011,0.00031
96.32000,1.02193,0.00618,0.99338,0.00011,0.00032
96.46000,1.02194,0.00558,0.99400,0.00012,0.00030
96.60000,1.02194,0.00552,0.99405,0.00012,0.00031
96.74000,1.02194,0.00621,0.99330,0.00014,0.00035
96.88000,1.02194,0.00671,0.99285,0.00012,0.00033
97.02000,1.02194,0.00790,0.99156,0.00014,0.00040
97.16000,1.02193,0.00941,0.99012,0.00013,0.00035
97.30000,1.02193,0.00778,0.99187,0.00009,0.00025
97.44000,1.02193,0.00764,0.99199,0.00008,0.00029
97.58000,1.02193,0.00942,0.99020,0.00007,0.00031
97.72000,1.02193,0.00705,0.99261,0.00007,0.00027
97.86000,1.02193,0.01990,0.97939,0.00012,0.00060
98.00000,1.02193,0.00617,0.99338,0.00010,0.00034
98.14000,1.02193,0.00547,0.99408,0.00013,0.00032
98.28000,1.02194,0.00543,0.99413,0.00012,0.00032
98.42000,1.02194,0.00520,0.99438,0.00012,0.00030
98.56000,1.02194,0.00516,0.99443,0.00012,0.00029
98.70000,1.02194,0.00500,0.99461,0.00012,0.00027
98.84000,1.02194,0.00504,0.99458,0.00011,0.00027
98.98000,1.02193,0.00487,0.99475,0.00012,0.00026
99.12000,1.02193,0.00457,0.99509,0.00011,0.00023
99.26000,1.02193,0.00456,0.99509,0.00011,0.00024
99.40000,1.02193,0.00470,0.99494,0.00011,0.00025
99.54000,1.02193,0.00476,0.99487,0.00011,0.00026
99.68000,1.02193,0.00491,0.99470,0.00011,0.00027
99.82000,1.02193,0.00496,0.99465,0.00012,0.00027
99.96000,1.02194,0.00495,0.99465,0.00012,0.00028
100.10000,1.02194,0.00488,0.99473,0.00012,0.00027
100.24000,1.02194,0.00501,0.99460,0.00012,0.00027
100.38000,1.02194,0.00503,0.99457,0.00011,0.00028
100.52000,1.02194,0.00518,0.99440,0.00012,0.00030
100.66000,1.02193,0.00525,0.99433,0.00013,0.00029
100.80000,1.02193,0.00512,0.99445,0.00013,0.00030
100.94000,1.02193,0.00506,0.99452,0.00013,0.00029
101.08000,1.02193,0.00517,0.99442,0.00012,0.00029
101.22000,1.02193,0.00514,0.99445,0.00012,0.00029
101.36000,1.02193,0.00526,0.99434,0.00012,0.00029
101.50000,1.02193,0.00496,0.99466,0.00012,0.00026
101.64000,1.02193,0.00486,0.99476,0.00012,0.00026
101.78000,1.02194,0.00496,0.99466,0.00012,0.00027
101.92000,1.02194,0.00528,0.99431,0.00012,0.00029
102.06000,1.02194,0.00506,0.99457,0.00011,0.00026
102.20000,1.02194,0.00494,0.99469,0.00011,0.00025
102.34000,1.02194,0.00497,0.99465,0.00012,0.00027
102.48000,1.02193,0.00482,0.99482,0.00011,0.00025
102.62000,1.02193,0.00469,0.99496,0.00011,0.00025
102.76000,1.02193,0.00472,0.99492,0.00011,0.00026
102.90000,1.02193,0.00453,0.99509,0.00012,0.00026
103.04000,1.02193,0.00464,0.99498,0.00012,0.00026
103.18000,1.02193,0.00497,0.99463,0.00012,0.00028
103.32000,1.02193,0.00480,0.99481,0.00013,0.00027
103.46000,1.02194,0.00497,0.99462,0.00013,0.00028
103.60000,1.02194,0.00487,0.99473,0.00012,0.00028
103.74000,1.02194,0.00476,0.99486,0.00011,0.00026
103.88000,1.02194,0.00461,0.99502,0.00011,0.00026
104.02000,1.02194,0.00471,0.99491,0.00012,0.00026
104.16000,1.02193,0.00467,0.99495,0.00012,0.00025
104.30000,1.02193,0.00449,0.99516,0.00011,0.00024
104.44000,1.02193,0.00448,0.99515,0.00012,0.00025
104.58000,1.02193,0.00448,0.99516,0.00012,0.00025
104.72000,1.02193,0.00460,0.99503,0.00011,0.00026
104.86000,1.02193,0.00452,0.99512,0.00011,0.00025
105.00000,1.02193,0.00472,0.99488,0.00013,0.00028
105.14000,1.02193,0.00479,0.99480,0.00013,0.00028
105.28000,1.02194,0.00504,0.99454,0.00013,0.00029
105.42000,1.02194,0.00520,0.99441,0.00012,0.00027
105.56000,1.02194,0.00657,0.99297,0.00012,0.00033
105.70000,1.02194,0.00946,0.99000,0.00013,0.00041
105.84000,1.02194,0.01374,0.98562,0.00012,0.00052
105.98000,1.02193,0.01928,0.97999,0.00011,0.00062
106.12000,1.02193,0.02677,0.97225,0.00010,0.00088
106.26000,1.02193,0.03247,0.96658,0.00008,0.00088
106.40000,1.02193,0.11941,0.87844,0.00012,0.00203
106.54000,1.02193,0.13933,0.85796,0.00015,0.00256
106.68000,1.02193,0.16087,0.83576,0.00020,0.00317
106.82000,1.02193,0.02344,0.97570,0.00008,0.00077
106.96000,1.02194,0.01712,0.98206,0.00009,0.00072
107.10000,1.02194,0.01342,0.98586,0.00010,0.00061
107.24000,1.02194,0.01724,0.98171,0.00012,0.00094
107.38000,1.02194,0.02251,0.97636,0.00010,0.00103
107.52000,1.02194,0.02033,0.97859,0.00011,0.00097
107.66000,1.02193,0.01488,0.98432,0.00011,0.00069
107.80000,1.02193,0.01873,0.98040,0.00009,0.00078
107.94000,1.02193,0.01650,0.98268,0.00009,0.00073
108.08000,1.02193,0.02776,0.97085,0.00013,0.00127
108.22000,1.02193,0.01348,0.98551,0.00012,0.00089
108.36000,1.02193,0.01153,0.98763,0.00013,0.00072
108.50000,1.02193,0.01153,0.98759,0.00014,0.00073
108.64000,1.02193,0.01504,0.98384,0.00014,0.00098
108.78000,1.02194,0.01554,0.98355,0.00010,0.00080
108.92000,1.02194,0.01589,0.98311,0.00011,0.00089
109.06000,1.02194,0.01713,0.98181,0.00012,0.00095
109.20000,1.02194,0.01406,0.98507,0.00010,0.00077
109.34000,1.02194,0.01684,0.98218,0.00010,0.00087
109.48000,1.02193,0.01717,0.98169,0.00013,0.00102
109.62000,1.02193,0.01427,0.98476,0.00013,0.00083
109.76000,1.02193,0.01631,0.98272,0.00010,0.00087
109.90000,1.02193,0.02002,0.97879,0.00011,0.00108
110.04000,1.02193,0.02021,0.97861,0.00011,0.00107
110.18000,1.02193,0.01907,0.97974,0.00012,0.00107
110.32000,1.02193,0.02379,0.97489,0.00012,0.00120
110.46000,1.02194,0.02500,0.97334,0.00013,0.00153
110.60000,1.02194,0.02523,0.97319,0.00011,0.00147
110.74000,1.02194,0.03420,0.96389,0.00012,0.00179
110.88000,1.02194,0.02995,0.96820,0.00013,0.00171
111.02000,1.02194,0.03609,0.96179,0.00013,0.00199
111.16000,1.02193,0.04047,0.95718,0.00013,0.00222
111.30000,1.02193,0.09439,0.90038,0.00020,0.00503
111.44000,1.02193,0.08399,0.91131,0.00018,0.00452
111.58000,1.02193,0.06696,0.92961,0.00015,0.00328
111.72000,1.02193,0.04985,0.94775,0.00012,0.00228
111.86000,1.02193,0.10656,0.88881,0.00017,0.00447
112.00000,1.02193,0.10244,0.89282,0.00018,0.00456
112.14000,1.02193,0.06382,0.93236,0.00018,0.00365
112.28000,1.02194,0.04491,0.95159,0.00017,0.00332
112.42000,1.02194,0.04838,0.94718,0.00023,0.00422
112.56000,1.02194,0.08607,0.90684,0.00024,0.00684
112.70000,1.02194,0.08133,0.91363,0.00020,0.00484
112.84000,1.02194,0.12002,0.87295,0.00023,0.00680
112.98000,1.02193,0.12058,0.87260,0.00021,0.00662
113.12000,1.02193,0.09677,0.89956,0.00014,0.00354
113.26000,1.02193,0.05050,0.94721,0.00012,0.00216
113.40000,1.02193,0.03065,0.96786,0.00011,0.00137
113.54000,1.02193,0.01773,0.98139,0.00008,0.00079
113.68000,1.02193,0.03136,0.96717,0.00012,0.00134
113.82000,1.02193,0.01490,0.98408,0.00012,0.00090
113.96000,1.02194,0.01558,0.98310,0.00015,0.00118
114.10000,1.02194,0.01447,0.98453,0.00013,0.00087
114.24000,1.02194,0.01513,0.98386,0.00012,0.00089
114.38000,1.02194,0.01492,0.98410,0.00013,0.00086
114.52000,1.02194,0.01989,0.97899,0.00011,0.00101
114.66000,1.02193,0.04153,0.95662,0.00012,0.00173
114.80000,1.02193,0.02704,0.97145,0.00012,0.00138
114.94000,1.02193,0.01539,0.98361,0.00012,0.00088
115.08000,1.02193,0.01359,0.98562,0.00010,0.00069
115.22000,1.02193,0.01704,0.98203,0.00010,0.00084
115.36000,1.02193,0.01389,0.98520,0.00011,0.00081
115.50000,1.02193,0.01081,0.98837,0.00012,0.00070
115.64000,1.02193,0.01188,0.98721,0.00012,0.00078
115.78000,1.02194,0.01566,0.98278,0.00017,0.00138
115.92000,1.02194,0.02286,0.97497,0.00017,0.00200
116.06000,1.02194,0.03520,0.96205,0.00018,0.00258
116.20000,1.02194,0.04330,0.95386,0.00016,0.00268
116.34000,1.02194,0.03219,0.96587,0.00012,0.00182
116.48000,1.02193,0.03628,0.96190,0.00010,0.00172
116.62000,1.02193,0.08836,0.90856,0.00017,0.00292
116.76000,1.02193,0.04224,0.95562,0.00015,0.00199
116.90000,1.02193,0.01936,0.97924,0.00012,0.00128
117.04000,1.02193,0.01519,0.98363,0.00013,0.00105
117.18000,1.02193,0.01638,0.98231,0.00017,0.00114
117.32000,1.02193,0.01493,0.98405,0.00013,0.00089
117.46000,1.02194,0.02309,0.97552,0.00012,0.00127
117.60000,1.02194,0.01943,0.97944,0.00011,0.00102
117.74000,1.02194,0.02415,0.97456,0.00010,0.00118
117.88000,1.02194,0.01666,0.98229,0.00011,0.00095
118.02000,1.02194,0.02321,0.97538,0.00012,0.00129
118.16000,1.02193,0.01749,0.98152,0.00010,0.00088
118.30000,1.02193,0.01792,0.98105,0.00011,0.00092
118.44000,1.02193,0.01778,0.98120,0.00011,0.00091
118.58000,1.02193,0.02233,0.97643,0.00010,0.00113
118.72000,1.02193,0.03050,0.96708,0.00013,0.00229
118.86000,1.02193,0.02124,0.97723,0.00013,0.00139
119.00000,1.02193,0.01842,0.98034,0.00013,0.00111
119.14000,1.02193,0.02235,0.97611,0.00013,0.00140
119.28000,1.02194,0.02685,0.97153,0.00012,0.00149
119.42000,1.02194,0.04315,0.95437,0.00012,0.00236
119.56000,1.02194,0.03766,0.96026,0.00014,0.00194
119.70000,1.02194,0.02183,0.97649,0.00016,0.00152
119.84000,1.02194,0.03102,0.96667,0.00015,0.00215
119.98000,1.02193,0.04504,0.95239,0.00013,0.00245
120.12000,1.02193,0.04281,0.95452,0.00014,0.00253
120.26000,1.02193,0.04790,0.94906,0.00016,0.00288
120.40000,1.02193,0.03459,0.96345,0.00012,0.00184
120.54000,1.02193,0.03962,0.95853,0.00012,0.00174
120.68000,1.02193,0.02923,0.96928,0.00012,0.00137
120.82000,1.02193,0.01370,0.98551,0.00009,0.00069
120.96000,1.02194,0.01737,0.98166,0.00010,0.00087
121.10000,1.02194,0.01344,0.98564,0.00011,0.00081
121.24000,1.02194,0.01302,0.98609,0.00012,0.00077
121.38000,1.02194,0.01271,0.98644,0.00012,0.00072
121.52000,1.02194,0.01641,0.98253,0.00013,0.00093
121.66000,1.02193,0.01554,0.98356,0.00011,0.00079
121.80000,1.02193,0.02468,0.97407,0.00011,0.00114
121.94000,1.02193,0.02671,0.97190,0.00011,0.00127
122.08000,1.02193,0.02799,0.97041,0.00012,0.00147
122.22000,1.02193,0.02688,0.97163,0.00012,0.00137
122.36000,1.02193,0.01820,0.98077,0.00010,0.00093
122.50000,1.02193,0.01953,0.97926,0.00012,0.00108
122.64000,1.02193,0.02591,0.97268,0.00011,0.00130
122.78000,1.02194,0.02062,0.97810,0.00011,0.00117
122.92000,1.02194,0.02586,0.97275,0.00011,0.00128
123.06000,1.02194,0.02549,0.97294,0.00013,0.00144
123.20000,1.02194,0.02891,0.96917,0.00013,0.00179
123.34000,1.02194,0.03637,0.96160,0.00013,0.00191
123.48000,1.02193,0.02444,0.97423,0.00011,0.00122
123.62000,1.02193,0.02144,0.97737,0.00011,0.00107
123.76000,1.02193,0.01574,0.98338,0.00009,0.00079
123.90000,1.02193,0.01922,0.97976,0.00009,0.00093
124.04000,1.02193,0.01514,0.98397,0.00010,0.00079
124.18000,1.02193,0.01141,0.98777,0.00012,0.00070
124.32000,1.02193,0.01024,0.98901,0.00013,0.00063
124.46000,1.02194,0.01094,0.98829,0.00012,0.00066
124.60000,1.02194,0.01272,0.98635,0.00013,0.00080
124.74000,1.02194,0.01391,0.98516,0.00011,0.00082
124.88000,1.02194,0.01264,0.98652,0.00011,0.00073
125.02000,1.02194,0.01751,0.98121,0.00013,0.00115
125.16000,1.02193,0.01610,0.98293,0.00011,0.00087
125.30000,1.02193,0.01495,0.98412,0.00011,0.00083
125.44000,1.02193,0.01481,0.98430,0.00011,0.00078
125.58000,1.02193,0.01454,0.98450,0.00011,0.00085
125.72000,1.02193,0.01183,0.98742,0.00010,0.00065
125.86000,1.02193,0.01151,0.98768,0.00011,0.00070
126.00000,1.02193,0.00959,0.98964,0.00013,0.00064
126.14000,1.02193,0.01096,0.98823,0.00013,0.00067
126.28000,1.02194,0.01220,0.98689,0.00014,0.00077
126.42000,1.02194,0.01270,0.98646,0.00011,0.00072
126.56000,1.02194,0.01182,0.98729,0.00014,0.00075
126.70000,1.02194,0.01434,0.98468,0.00012,0.00086
126.84000,1.02194,0.03637,0.95883,0.00026,0.00454
126.98000,1.02193,0.08326,0.91045,0.00031,0.00598
127.12000,1.02193,0.15888,0.82264,0.00064,0.01785
127.26000,1.02193,0.26828,0.66540,0.00223,0.06409
127.40000,1.02193,0.61786,0.29307,0.00258,0.08649
127.54000,1.02193,0.65606,0.15344,0.00477,0.18573
127.68000,1.02193,0.80067,0.00319,0.00511,0.19103
127.82000,1.02193,0.79483,0.02918,0.00351,0.17248
127.96000,1.02193,0.78230,0.01097,0.00464,0.20209
128.10001,1.02193,0.88074,0.00160,0.00279,0.11488
128.24001,1.02193,0.78418,0.06830,0.00335,0.14416
128.38000,1.02193,0.91415,0.03118,0.00118,0.05349
128.52000,1.02193,0.92740,0.02790,0.00066,0.04404
128.66000,1.02193,0.63356,0.33682,0.00068,0.02894
128.80000,1.02193,0.89646,0.08192,0.00052,0.02110
128.94000,1.02194,0.72317,0.26247,0.00039,0.01397
129.08000,1.02194,0.10746,0.88922,0.00015,0.00318
129.22000,1.02194,0.02964,0.96907,0.00009,0.00120
129.36000,1.02194,0.04545,0.95270,0.00011,0.00174
129.50000,1.02194,0.02959,0.96879,0.00011,0.00150
129.64000,1.02194,0.03453,0.96389,0.00011,0.00147
129.78000,1.02194,0.02517,0.97355,0.00011,0.00117
129.92000,1.02194,0.01582,0.98327,0.00011,0.00081
130.06000,1.02194,0.01859,0.98044,0.00010,0.00087
130.20000,1.02194,0.02827,0.97019,0.00010,0.00143
130.34000,1.02194,0.02672,0.97196,0.00010,0.00122
130.48000,1.02194,0.01697,0.98186,0.00012,0.00105
130.62000,1.02194,0.01789,0.98090,0.00013,0.00108
130.75999,1.02194,0.01934,0.97956,0.00011,0.00099
130.89999,1.02194,0.01797,0.98098,0.00010,0.00096
131.03999,1.02194,0.02218,0.97650,0.00012,0.00120
131.17999,1.02194,0.01482,0.98420,0.00012,0.00087
131.32001,1.02193,0.01824,0.98062,0.00011,0.00103
131.46001,1.02193,0.01686,0.98206,0.00011,0.00096
131.60001,1.02193,0.02075,0.97796,0.00012,0.00118
131.74001,1.02193,0.02499,0.97363,0.00011,0.00127
131.88000,1.02193,0.02665,0.97194,0.00011,0.00129
132.02000,1.02193,0.02242,0.97648,0.00010,0.00100
132.16000,1.02193,0.02943,0.96929,0.00010,0.00118
132.30000,1.02193,0.02236,0.97653,0.00010,0.00101
132.44000,1.02194,0.02236,0.97662,0.00009,0.00093
132.58000,1.02194,0.02172,0.97708,0.00010,0.00110
132.72000,1.02194,0.02479,0.97365,0.00011,0.00146
132.86000,1.02194,0.01870,0.98022,0.00010,0.00097
133.00000,1.02194,0.02155,0.97706,0.00012,0.00127
133.14000,1.02194,0.03289,0.96524,0.00012,0.00174
133.28000,1.02194,0.03016,0.96838,0.00010,0.00136
133.42000,1.02194,0.02694,0.97174,0.00010,0.00122
133.56000,1.02194,0.02350,0.97529,0.00010,0.00111
133.70000,1.02194,0.01623,0.98282,0.00010,0.00085
133.84000,1.02194,0.03832,0.95946,0.00015,0.00207
133.98000,1.02194,0.01337,0.98582,0.00010,0.00071
134.12000,1.02194,0.01078,0.98853,0.00010,0.00058
134.25999,1.02194,0.01089,0.98835,0.00012,0.00065
134.39999,1.02194,0.01079,0.98850,0.00010,0.00061
134.53999,1.02194,0.01183,0.98748,0.00009,0.00061
134.67999,1.02194,0.01300,0.98598,0.00013,0.00090
134.82001,1.02193,0.01005,0.98912,0.00015,0.00068
134.96001,1.02193,0.01002,0.98923,0.00014,0.00061
135.10001,1.02193,0.01112,0.98805,0.00013,0.00070
135.24001,1.02193,0.01194,0.98718,0.00012,0.00075
135.38000,1.02193,0.01044,0.98882,0.00012,0.00062
135.52000,1.02193,0.01423,0.98486,0.00011,0.00081
135.66000,1.02193,0.01088,0.98829,0.00013,0.00070
135.80000,1.02193,0.01122,0.98796,0.00013,0.00069
135.94000,1.02194,0.01087,0.98839,0.00011,0.00063
136.08000,1.02194,0.01135,0.98785,0.00011,0.00069
136.22000,1.02194,0.01081,0.98840,0.00013,0.00067
136.36000,1.02194,0.01178,0.98743,0.00011,0.00069
136.50000,1.02194,0.01398,0.98504,0.00012,0.00086
136.64000,1.02194,0.01551,0.98323,0.00015,0.00112
136.78000,1.02194,0.01412,0.98482,0.00014,0.00092
136.92000,1.02194,0.01671,0.98210,0.00013,0.00106
137.06000,1.02194,0.01984,0.97879,0.00013,0.00124
137.20000,1.02194,0.01901,0.97982,0.00012,0.00105
137.34000,1.02194,0.02494,0.97344,0.00013,0.00149
137.48000,1.02194,0.02004,0.97879,0.00011,0.00106
137.62000,1.02194,0.01671,0.98233,0.00010,0.00085
137.75999,1.02194,0.01751,0.98154,0.00010,0.00085
137.89999,1.02194,0.01548,0.98365,0.00010,0.00077
138.03999,1.02194,0.01458,0.98461,0.00009,0.00072
138.17999,1.02194,0.01893,0.98002,0.00011,0.00095
138.32001,1.02193,0.01175,0.98744,0.00012,0.00069
138.46001,1.02193,0.01174,0.98745,0.00013,0.00068
138.60001,1.02193,0.01188,0.98734,0.00011,0.00067
138.74001,1.02193,0.01268,0.98649,0.00012,0.00071
138.88000,1.02193,0.01053,0.98878,0.00011,0.00058
139.02000,1.02193,0.01379,0.98535,0.00011,0.00076
139.16000,1.02193,0.01640,0.98216,0.00014,0.00130
139.30000,1.02193,0.02011,0.97840,0.00013,0.00137
139.44000,1.02194,0.01973,0.97885,0.00014,0.00128
139.58000,1.02194,0.02449,0.97385,0.00015,0.00150
139.72000,1.02194,0.02584,0.97267,0.00012,0.00137
139.86000,1.02194,0.04520,0.95281,0.00011,0.00187
140.00000,1.02194,0.08621,0.91066,0.00017,0.00297
140.14000,1.02194,0.03263,0.96532,0.00013,0.00192
140.28000,1.02194,0.02451,0.97419,0.00011,0.00119
140.42000,1.02194,0.02982,0.96873,0.00012,0.00133
140.56000,1.02194,0.02004,0.97893,0.00010,0.00093
140.70000,1.02194,0.01898,0.98010,0.00009,0.00082
140.84000,1.02194,0.02257,0.97640,0.00009,0.00094
140.98000,1.02194,0.02161,0.97737,0.00010,0.00093
141.12000,1.02194,0.01306,0.98614,0.00011,0.00068
141.25999,1.02194,0.01256,0.98676,0.00009,0.00058
141.39999,1.02194,0.01182,0.98754,0.00009,0.00055
141.53999,1.02194,0.01529,0.98385,0.00010,0.00077
141.67999,1.02194,0.01398,0.98524,0.00009,0.00068
141.82001,1.02193,0.01592,0.98324,0.00009,0.00074
141.96001,1.02193,0.02047,0.97837,0.00012,0.00104
142.10001,1.02193,0.01951,0.97944,0.00011,0.00094
142.24001,1.02193,0.02323,0.97577,0.00009,0.00091
142.38000,1.02193,0.02881,0.97002,0.00010,0.00108
142.52000,1.02193,0.02385,0.97512,0.00009,0.00094
142.66000,1.02193,0.03186,0.96675,0.00010,0.00130
142.80000,1.02193,0.03188,0.96682,0.00010,0.00120
142.94000,1.02194,0.02311,0.97576,0.00010,0.00103
143.08000,1.02194,0.01934,0.97963,0.00011,0.00092
143.22000,1.02194,0.02288,0.97604,0.00009,0.00099
143.36000,1.02194,0.03165,0.96681,0.00010,0.00144
143.50000,1.02194,0.02919,0.96936,0.00010,0.00135
143.64000,1.02194,0.02137,0.97761,0.00010,0.00092
143.78000,1.02194,0.02657,0.97225,0.00010,0.00108
143.92000,1.02194,0.02683,0.97216,0.00008,0.00092
144.06000,1.02194,0.02540,0.97351,0.00009,0.00100
144.20000,1.02194,0.02038,0.97868,0.00009,0.00086
144.34000,1.02194,0.01600,0.98322,0.00009,0.00069
144.48000,1.02194,0.01199,0.98729,0.00010,0.00061
144.62000,1.02194,0.01215,0.98712,0.00010,0.00063
144.75999,1.02194,0.01340,0.98571,0.00011,0.00078
144.89999,1.02194,0.01954,0.97931,0.00010,0.00105
145.03999,1.02194,0.01716,0.98184,0.00011,0.00089
145.17999,1.02194,0.01483,0.98434,0.00011,0.00071
145.32001,1.02193,0.01677,0.98245,0.00009,0.00069
145.46001,1.02193,0.02213,0.97695,0.00009,0.00084
145.60001,1.02193,0.03095,0.96776,0.00011,0.00118
145.74001,1.02193,0.01494,0.98423,0.00009,0.00073
145.88000,1.02193,0.01202,0.98723,0.00010,0.00064
146.02000,1.02193,0.01262,0.98661,0.00011,0.00066
146.16000,1.02193,0.01291,0.98625,0.00012,0.00072
146.30000,1.02193,0.01434,0.98479,0.00011,0.00076
146.44000,1.02194,0.01246,0.98678,0.00011,0.00066
146.58000,1.02194,0.01257,0.98666,0.00010,0.00067
146.72000,1.02194,0.01203,0.98721,0.00011,0.00065
146.86000,1.02194,0.01188,0.98738,0.00010,0.00064
147.00000,1.02194,0.01284,0.98632,0.00011,0.00073
147.14000,1.02194,0.01191,0.98730,0.00012,0.00068
147.28000,1.02194,0.01442,0.98461,0.00012,0.00085
147.42000,1.02194,0.01815,0.98064,0.00011,0.00109
147.56000,1.02194,0.02376,0.97466,0.00012,0.00146
147.70000,1.02194,0.02144,0.97742,0.00011,0.00103
147.84000,1.02194,0.02328,0.97562,0.00010,0.00100
147.98000,1.02194,0.02654,0.97225,0.00009,0.00112
148.12000,1.02194,0.06451,0.93285,0.00012,0.00252
148.25999,1.02194,0.04503,0.95327,0.00011,0.00159
148.39999,1.02194,0.02594,0.97292,0.00011,0.00103
148.53999,1.02194,0.01498,0.98423,0.00010,0.00068
148.67999,1.02194,0.01946,0.97972,0.00008,0.00073
148.82001,1.02193,0.03010,0.96873,0.00010,0.00108
148.96001,1.02193,0.02338,0.97549,0.00010,0.00103
149.10001,1.02193,0.01595,0.98322,0.00010,0.00073
149.24001,1.02193,0.01775,0.98134,0.00010,0.00081
149.38000,1.02193,0.02142,0.97752,0.00010,0.00096
149.52000,1.02193,0.02100,0.97799,0.00010,0.00091
149.66000,1.02193,0.02276,0.97626,0.00009,0.00089
149.80000,1.02193,0.02073,0.97842,0.00009,0.00076
149.94000,1.02194,0.02013,0.97907,0.00008,0.00072
150.08000,1.02194,0.02070,0.97843,0.00009,0.00078
150.22000,1.02194,0.01551,0.98380,0.00008,0.00061
150.36000,1.02194,0.01450,0.98479,0.00008,0.00063
150.50000,1.02194,0.01242,0.98690,0.00009,0.00059
150.64000,1.02194,0.01166,0.98762,0.00011,0.00062
150.78000,1.02194,0.01114,0.98820,0.00010,0.00056
150.92000,1.02194,0.01303,0.98626,0.00009,0.00062
151.06000,1.02194,0.01239,0.98684,0.00011,0.00066
151.20000,1.02194,0.01472,0.98450,0.00010,0.00068
151.34000,1.02194,0.01489,0.98431,0.00010,0.00070
151.48000,1.02194,0.01796,0.98122,0.00009,0.00072
151.62000,1.02194,0.01847,0.98053,0.00010,0.00089
151.75999,1.02194,0.01874,0.98035,0.00009,0.00082
151.89999,1.02194,0.01961,0.97950,0.00009,0.00080
152.03999,1.02194,0.01468,0.98462,0.00008,0.00061
152.17999,1.02194,0.01737,0.98181,0.00009,0.00074
152.32001,1.02193,0.01503,0.98421,0.00008,0.00067
152.46001,1.02193,0.02150,0.97755,0.00009,0.00086
152.60001,1.02193,0.01203,0.98720,0.00011,0.00066
152.74001,1.02193,0.01535,0.98358,0.00013,0.00094
152.88000,1.02193,0.01500,0.98409,0.00011,0.00080
153.02000,1.02193,0.01978,0.97914,0.00010,0.00098
153.16000,1.02193,0.01899,0.98000,0.00011,0.00090
153.30000,1.02193,0.01948,0.97956,0.00010,0.00086
153.44000,1.02194,0.02336,0.97559,0.00009,0.00096
153.58000,1.02194,0.05161,0.94579,0.00013,0.00248
153.72000,1.02194,0.03736,0.96074,0.00011,0.00179
153.86000,1.02194,0.03838,0.95960,0.00012,0.00189
154.00000,1.02194,0.04576,0.95200,0.00013,0.00211
154.14000,1.02194,0.04218,0.95616,0.00010,0.00156
154.28000,1.02194,0.06103,0.93688,0.00010,0.00199
154.42000,1.02194,0.08022,0.91732,0.00013,0.00233
154.56000,1.02194,0.04190,0.95611,0.00011,0.00188
154.70000,1.02194,0.05541,0.94141,0.00014,0.00304
154.84000,1.02194,0.04244,0.95531,0.00013,0.00212
154.98000,1.02194,0.03625,0.96186,0.00012,0.00177
155.12000,1.02194,0.06312,0.93411,0.00013,0.00264
155.25999,1.02194,0.10487,0.89136,0.00013,0.00364
155.39999,1.02194,0.12981,0.86660,0.00014,0.00345
155.53999,1.02194,0.06074,0.93696,0.00012,0.00218
155.67999,1.02194,0.02723,0.97169,0.00008,0.00100
155.82001,1.02193,0.02637,0.97240,0.00009,0.00114
155.96001,1.02193,0.03398,0.96434,0.00011,0.00157
156.10001,1.02193,0.02763,0.97089,0.00010,0.00139
156.24001,1.02193,0.02478,0.97379,0.00011,0.00132
156.38000,1.02193,0.03461,0.96344,0.00013,0.00181
156.52000,1.02193,0.02546,0.97336,0.00010,0.00108
156.66000,1.02193,0.06682,0.93066,0.00013,0.00239
156.80000,1.02193,0.06303,0.93409,0.00013,0.00275
156.94000,1.02194,0.10307,0.89226,0.00018,0.00448
157.08000,1.02194,0.12150,0.87160,0.00030,0.00660
157.22000,1.02194,0.25681,0.71489,0.00105,0.02725
157.36000,1.02194,0.30459,0.66571,0.00123,0.02846
157.50000,1.02194,0.42448,0.53896,0.00104,0.03552
157.64000,1.02194,0.73493,0.23527,0.00084,0.02897
157.78000,1.02194,0.73057,0.24900,0.00053,0.01990
157.92000,1.02194,0.51878,0.46676,0.00057,0.01389
158.06000,1.02194,0.45660,0.53598,0.00041,0.00701
158.20000,1.02194,0.04980,0.94800,0.00015,0.00205
158.34000,1.02194,0.01797,0.98077,0.00012,0.00114
158.48000,1.02194,0.01509,0.98392,0.00013,0.00085
158.62000,1.02194,0.01915,0.97959,0.00014,0.00112
158.75999,1.02194,0.02503,0.97381,0.00010,0.00105
158.89999,1.02194,0.02558,0.97325,0.00010,0.00107
159.03999,1.02194,0.02988,0.96880,0.00010,0.00122
159.17999,1.02194,0.03109,0.96743,0.00011,0.00137
159.32001,1.02193,0.03259,0.96529,0.00011,0.00201
159.46001,1.02193,0.04518,0.95124,0.00015,0.00342
159.60001,1.02193,0.04674,0.94901,0.00020,0.00405
159.74001,1.02193,0.06709,0.92809,0.00020,0.00462
159.88000,1.02193,0.09519,0.89866,0.00019,0.00596
160.02000,1.02193,0.09497,0.89998,0.00017,0.00489
160.16000,1.02193,0.12476,0.86988,0.00018,0.00518
160.30000,1.02193,0.06848,0.92901,0.00011,0.00240
160.44000,1.02194,0.04204,0.95625,0.00011,0.00160
160.58000,1.02194,0.02114,0.97781,0.00009,0.00096
160.72000,1.02194,0.01821,0.98065,0.00011,0.00104
160.86000,1.02194,0.01354,0.98559,0.00010,0.00078
161.00000,1.02194,0.01823,0.98048,0.00011,0.00118
161.14000,1.02194,0.02051,0.97802,0.00013,0.00134
161.28000,1.02194,0.02424,0.97429,0.00012,0.00135
161.42000,1.02194,0.02727,0.97130,0.00012,0.00131
161.56000,1.02194,0.03830,0.95972,0.00012,0.00186
161.70000,1.02194,0.03550,0.96305,0.00009,0.00136
161.84000,1.02194,0.03792,0.96052,0.00012,0.00144
161.98000,1.02194,0.02264,0.97632,0.00010,0.00094
162.12000,1.02194,0.01448,0.98475,0.00010,0.00068
162.25999,1.02194,0.01314,0.98610,0.00009,0.00066
162.39999,1.02194,0.01391,0.98523,0.00011,0.00075
162.53999,1.02194,0.00910,0.99025,0.00012,0.00053
162.67999,1.02194,0.00899,0.99036,0.00012,0.00052
162.82001,1.02193,0.00989,0.98942,0.00013,0.00057
162.96001,1.02193,0.00977,0.98957,0.00012,0.00053
163.10001,1.02193,0.01101,0.98829,0.00010,0.00059
163.24001,1.02193,0.01378,0.98532,0.00011,0.00079
163.38000,1.02193,0.01136,0.98791,0.00011,0.00063
163.52000,1.02193,0.01177,0.98741,0.00012,0.00069
163.66000,1.02193,0.01105,0.98821,0.00012,0.00062
163.80000,1.02193,0.01102,0.98829,0.00010,0.00059
163.94000,1.02194,0.01087,0.98844,0.00010,0.00058
164.08000,1.02194,0.01158,0.98767,0.00010,0.00064
164.22000,1.02194,0.00833,0.99106,0.00012,0.00048
164.36000,1.02194,0.00980,0.98952,0.00011,0.00057
164.50000,1.02194,0.01005,0.98915,0.00013,0.00066
164.64000,1.02194,0.01100,0.98819,0.00013,0.00069
164.78000,1.02194,0.01200,0.98720,0.00012,0.00068
164.92000,1.02194,0.01116,0.98809,0.00012,0.00063
165.06000,1.02194,0.01139,0.98787,0.00011,0.00063
165.20000,1.02194,0.01069,0.98864,0.00010,0.00057
165.34000,1.02194,0.01560,0.98351,0.00009,0.00080
165.48000,1.02194,0.01508,0.98390,0.00011,0.00091
165.62000,1.02194,0.01174,0.98742,0.00013,0.00071
165.75999,1.02194,0.01192,0.98728,0.00012,0.00068
165.89999,1.02194,0.01312,0.98604,0.00011,0.00073
166.03999,1.02194,0.01622,0.98280,0.00010,0.00089
166.17999,1.02194,0.02096,0.97789,0.00010,0.00105
166.32001,1.02193,0.01824,0.98070,0.00010,0.00096
166.46001,1.02193,0.01588,0.98299,0.00013,0.00100
166.60001,1.02193,0.02174,0.97676,0.00013,0.00137
166.74001,1.02193,0.02897,0.96929,0.00011,0.00163
166.88000,1.02193,0.04491,0.95245,0.00013,0.00251
167.02000,1.02193,0.05772,0.93828,0.00019,0.00381
167.16000,1.02193,0.05674,0.94053,0.00013,0.00260
167.30000,1.02193,0.06837,0.92888,0.00012,0.00262
167.44000,1.02194,0.10108,0.89548,0.00015,0.00329
167.58000,1.02194,0.04232,0.95569,0.00010,0.00189
167.72000,1.02194,0.03832,0.95940,0.00012,0.00216
167.86000,1.02194,0.03673,0.96155,0.00011,0.00162
168.00000,1.02194,0.02268,0.97605,0.00011,0.00116
168.14000,1.02194,0.02648,0.97212,0.00012,0.00129
168.28000,1.02194,0.04155,0.95683,0.00010,0.00151
168.42000,1.02194,0.03325,0.96531,0.00010,0.00134
168.56000,1.02194,0.02818,0.97052,0.00011,0.00119
168.70000,1.02194,0.01974,0.97920,0.00010,0.00096
168.84000,1.02194,0.01807,0.98088,0.00010,0.00096
168.98000,1.02194,0.02043,0.97837,0.00011,0.00108
169.12000,1.02194,0.01412,0.98501,0.00011,0.00076
169.25999,1.02194,0.01326,0.98590,0.00012,0.00073
169.39999,1.02194,0.01427,0.98491,0.00010,0.00072
169.53999,1.02194,0.01535,0.98376,0.00010,0.00079
169.67999,1.02194,0.01816,0.98081,0.00010,0.00092
169.82001,1.02193,0.01235,0.98685,0.00011,0.00069
169.96001,1.02193,0.01432,0.98469,0.00013,0.00086
170.10001,1.02193,0.01372,0.98545,0.00011,0.00072
170.24001,1.02193,0.01362,0.98561,0.00010,0.00068
170.38000,1.02193,0.01645,0.98266,0.00010,0.00079
170.52000,1.02193,0.01609,0.98302,0.00010,0.00079
170.66000,1.02193,0.02122,0.97754,0.00011,0.00114
170.80000,1.02193,0.02389,0.97468,0.00011,0.00133
170.94000,1.02194,0.01905,0.97978,0.00011,0.00106
171.08000,1.02194,0.02500,0.97356,0.00012,0.00132
171.22000,1.02194,0.02807,0.97051,0.00011,0.00131
171.36000,1.02194,0.03123,0.96735,0.00010,0.00132
171.50000,1.02194,0.03383,0.96478,0.00010,0.00129
171.64000,1.02194,0.02459,0.97413,0.00011,0.00117
171.78000,1.02194,0.02091,0.97805,0.00010,0.00095
171.92000,1.02194,0.02008,0.97888,0.00009,0.00094
172.06000,1.02194,0.01609,0.98295,0.00010,0.00086
172.20000,1.02194,0.02111,0.97739,0.00013,0.00138
172.34000,1.02194,0.02708,0.97062,0.00015,0.00215
172.48000,1.02194,0.03608,0.96185,0.00012,0.00195
172.62000,1.02194,0.02486,0.97376,0.00012,0.00127
172.75999,1.02194,0.03995,0.95794,0.00012,0.00199
172.89999,1.02194,0.06260,0.93478,0.00011,0.00252
173.03999,1.02194,0.08425,0.91218,0.00014,0.00343
173.17999,1.02194,0.06249,0.93493,0.00014,0.00245
173.32001,1.02193,0.03622,0.96218,0.00011,0.00149
173.46001,1.02193,0.02862,0.97014,0.00010,0.00115
173.60001,1.02193,0.04163,0.95675,0.00010,0.00152
173.74001,1.02193,0.03562,0.96310,0.00009,0.00119
173.88000,1.02193,0.02806,0.97070,0.00010,0.00114
174.02000,1.02193,0.02247,0.97647,0.00010,0.00096
174.16000,1.02193,0.01651,0.98255,0.00010,0.00083
174.30000,1.02193,0.01471,0.98440,0.00010,0.00078
174.44000,1.02194,0.01380,0.98533,0.00011,0.00076
174.58000,1.02194,0.01174,0.98753,0.00010,0.00063
174.72000,1.02194,0.01302,0.98620,0.00010,0.00068
174.86000,1.02194,0.01106,0.98819,0.00011,0.00065
175.00000,1.02194,0.01311,0.98603,0.00011,0.00076
175.14000,1.02194,0.01286,0.98627,0.00011,0.00076
175.28000,1.02194,0.01345,0.98561,0.00013,0.00081
175.42000,1.02194,0.01526,0.98372,0.00013,0.00088
175.56000,1.02194,0.01841,0.98052,0.00010,0.00097
175.70000,1.02194,0.02555,0.97306,0.00010,0.00129
175.84000,1.02194,0.02400,0.97470,0.00011,0.00120
175.98000,1.02194,0.02071,0.97819,0.00011,0.00100
176.12000,1.02194,0.02120,0.97772,0.00010,0.00098
176.25999,1.02194,0.02386,0.97502,0.00009,0.00104
176.39999,1.02194,0.02508,0.97369,0.00010,0.00112
176.53999,1.02194,0.01517,0.98392,0.00010,0.00080
176.67999,1.02194,0.01363,0.98555,0.00010,0.00072
176.82001,1.02193,0.01466,0.98452,0.00009,0.00073
176.96001,1.02193,0.01894,0.97999,0.00010,0.00096
177.10001,1.02193,0.01655,0.98245,0.00010,0.00089
177.24001,1.02193,0.01504,0.98415,0.00009,0.00072
177.38000,1.02193,0.01565,0.98347,0.00010,0.00078
177.52000,1.02193,0.01635,0.98276,0.00010,0.00079
177.66000,1.02193,0.01761,0.98143,0.00009,0.00086
177.80000,1.02193,0.02046,0.97857,0.00009,0.00087
177.94000,1.02194,0.01495,0.98413,0.00011,0.00081
178.08000,1.02194,0.01283,0.98630,0.00012,0.00075
178.22000,1.02194,0.01190,0.98734,0.00010,0.00065
178.36000,1.02194,0.01486,0.98415,0.00011,0.00088
178.50000,1.02194,0.01369,0.98538,0.00011,0.00081
178.64000,1.02194,0.01036,0.98895,0.00011,0.00058
178.78000,1.02194,0.01231,0.98689,0.00011,0.00069
178.92000,1.02194,0.01239,0.98680,0.00011,0.00071
179.06000,1.02194,0.01095,0.98827,0.00012,0.00066
179.20000,1.02194,0.01432,0.98461,0.00012,0.00094
179.34000,1.02194,0.01335,0.98568,0.00013,0.00084
179.48000,1.02194,0.01458,0.98439,0.00014,0.00088
179.62000,1.02194,0.01790,0.98101,0.00012,0.00097
179.75999,1.02194,0.01862,0.98036,0.00010,0.00091
179.89999,1.02194,0.01670,0.98236,0.00010,0.00084
180.03999,1.02194,0.02032,0.97860,0.00011,0.00098
180.17999,1.02194,0.01423,0.98489,0.00010,0.00078
180.32001,1.02193,0.01348,0.98568,0.00010,0.00074
180.46001,1.02193,0.01265,0.98647,0.00012,0.00076
180.60001,1.02193,0.01876,0.97939,0.00016,0.00169
180.74001,1.02193,0.02260,0.97568,0.00012,0.00160
180.88000,1.02193,0.03652,0.96070,0.00015,0.00263
181.02000,1.02193,0.03918,0.95821,0.00014,0.00246
181.16000,1.02193,0.03110,0.96716,0.00011,0.00164
181.30000,1.02193,0.03751,0.96067,0.00009,0.00173
181.44000,1.02194,0.08506,0.91177,0.00015,0.00302
181.58000,1.02194,0.02694,0.97161,0.00010,0.00135
181.72000,1.02194,0.02475,0.97398,0.00010,0.00117
181.86000,1.02194,0.01764,0.98123,0.00012,0.00101
182.00000,1.02194,0.01750,0.98148,0.00011,0.00091
182.14000,1.02194,0.01887,0.98001,0.00011,0.00101
182.28000,1.02194,0.03053,0.96805,0.00012,0.00130
182.42000,1.02194,0.01653,0.98247,0.00011,0.00089
182.56000,1.02194,0.01253,0.98666,0.00011,0.00070
182.70000,1.02194,0.01380,0.98537,0.00011,0.00072
182.84000,1.02194,0.01369,0.98544,0.00011,0.00076
182.98000,1.02194,0.01395,0.98509,0.00012,0.00085
183.12000,1.02194,0.01316,0.98600,0.00012,0.00072
183.25999,1.02194,0.01635,0.98269,0.00011,0.00085
183.39999,1.02194,0.01635,0.98263,0.00012,0.00090
183.53999,1.02194,0.01609,0.98308,0.00010,0.00073
183.67999,1.02194,0.01974,0.97927,0.00010,0.00089
183.82001,1.02193,0.01954,0.97946,0.00010,0.00090
183.96001,1.02193,0.01900,0.97986,0.00011,0.00103
184.10001,1.02193,0.01683,0.98222,0.00009,0.00086
184.24001,1.02193,0.01731,0.98155,0.00011,0.00102
184.38000,1.02193,0.01750,0.98122,0.00014,0.00115
184.52000,1.02193,0.02221,0.97652,0.00011,0.00116
184.66000,1.02193,0.02239,0.97641,0.00011,0.00109
184.80000,1.02193,0.03638,0.96152,0.00013,0.00197
184.94000,1.02194,0.04541,0.95069,0.00017,0.00374
185.08000,1.02194,0.08459,0.90918,0.00019,0.00604
185.22000,1.02194,0.08973,0.90362,0.00021,0.00645
185.36000,1.02194,0.06978,0.92373,0.00021,0.00627
185.50000,1.02194,0.06787,0.92734,0.00016,0.00463
185.64000,1.02194,0.13209,0.86215,0.00019,0.00557
185.78000,1.02194,0.12662,0.86851,0.00020,0.00467
185.92000,1.02194,0.03428,0.96399,0.00011,0.00161
186.06000,1.02194,0.02176,0.97720,0.00009,0.00094
186.20000,1.02194,0.02728,0.97135,0.00011,0.00127
186.34000,1.02194,0.02596,0.97242,0.00011,0.00150
186.48000,1.02194,0.03062,0.96708,0.00013,0.00216
186.62000,1.02194,0.02424,0.97432,0.00011,0.00133
186.75999,1.02194,0.02696,0.97148,0.00012,0.00144
186.89999,1.02194,0.05556,0.94035,0.00021,0.00388
187.03999,1.02194,0.16490,0.82847,0.00021,0.00642
187.17999,1.02194,0.19685,0.79141,0.00036,0.01138
187.32001,1.02193,0.14217,0.84958,0.00035,0.00790
187.46001,1.02193,0.06473,0.93241,0.00013,0.00273
187.60001,1.02193,0.07570,0.92119,0.00014,0.00297
187.74001,1.02193,0.64984,0.33557,0.00053,0.01406
187.88000,1.02193,0.11696,0.88097,0.00014,0.00194
188.02000,1.02193,0.20736,0.78866,0.00036,0.00362
188.16000,1.02193,0.01982,0.97921,0.00011,0.00086
188.30000,1.02193,0.00953,0.98976,0.00012,0.00059
188.44000,1.02194,0.00928,0.99003,0.00012,0.00057
188.58000,1.02194,0.00906,0.99029,0.00012,0.00053
188.72000,1.02194,0.00948,0.98984,0.00012,0.00056
188.86000,1.02194,0.00956,0.98977,0.00011,0.00055
189.00000,1.02194,0.01068,0.98862,0.00010,0.00059
189.14000,1.02194,0.01007,0.98927,0.00010,0.00056
189.28000,1.02194,0.00963,0.98970,0.00012,0.00056
189.42000,1.02194,0.01010,0.98922,0.00011,0.00057
189.56000,1.02194,0.01076,0.98854,0.00010,0.00059
189.70000,1.02194,0.01169,0.98755,0.00010,0.00065
189.84000,1.02194,0.01003,0.98931,0.00011,0.00055
189.98000,1.02194,0.00937,0.99002,0.00011,0.00051
190.12000,1.02194,0.00996,0.98940,0.00011,0.00053
190.25999,1.02194,0.01123,0.98810,0.00010,0.00058
190.39999,1.02194,0.01097,0.98834,0.00010,0.00059
190.53999,1.02194,0.01225,0.98700,0.00011,0.00064
190.67999,1.02194,0.01076,0.98855,0.00011,0.00057
190.82001,1.02193,0.01030,0.98907,0.00010,0.00053
190.96001,1.02193,0.01197,0.98733,0.00010,0.00061
191.10001,1.02193,0.01041,0.98895,0.00009,0.00054
191.24001,1.02193,0.00916,0.99024,0.00010,0.00050
191.38000,1.02193,0.00749,0.99194,0.00012,0.00045
191.52000,1.02193,0.00799,0.99141,0.00012,0.00048
191.66000,1.02193,0.00796,0.99143,0.00013,0.00048
191.80000,1.02193,0.00773,0.99169,0.00012,0.00045
191.94000,1.02194,0.00762,0.99180,0.00013,0.00046
192.08000,1.02194,0.00757,0.99187,0.00012,0.00044
192.22000,1.02194,0.00823,0.99115,0.00012,0.00050
192.36000,1.02194,0.00778,0.99163,0.00012,0.00047
192.50000,1.02194,0.00765,0.99177,0.00012,0.00046
192.64000,1.02194,0.00755,0.99188,0.00012,0.00045
192.78000,1.02194,0.00775,0.99166,0.00012,0.00046
192.92000,1.02194,0.00821,0.99116,0.00013,0.00050
193.06000,1.02194,0.01005,0.98924,0.00012,0.00059
193.20000,1.02194,0.00980,0.98956,0.00011,0.00053
193.34000,1.02194,0.01051,0.98880,0.00012,0.00058
193.48000,1.02194,0.01119,0.98813,0.00010,0.00058
193.62000,1.02194,0.01094,0.98842,0.00010,0.00054
193.75999,1.02194,0.01270,0.98659,0.00009,0.00062
193.89999,1.02194,0.01264,0.98661,0.00010,0.00065
194.03999,1.02194,0.00991,0.98943,0.00011,0.00055
194.17999,1.02194,0.01097,0.98832,0.00010,0.00061
194.32001,1.02193,0.00973,0.98964,0.00011,0.00053
194.46001,1.02193,0.01007,0.98927,0.00011,0.00056
194.60001,1.02193,0.01019,0.98912,0.00011,0.00058
194.74001,1.02193,0.00979,0.98958,0.00010,0.00052
194.88000,1.02193,0.00873,0.99068,0.00011,0.00048
195.02000,1.02193,0.00920,0.99014,0.00011,0.00055
195.16000,1.02193,0.00886,0.99050,0.00012,0.00052
195.30000,1.02193,0.00977,0.98951,0.00013,0.00060
195.44000,1.02194,0.01125,0.98794,0.00012,0.00068
195.58000,1.02194,0.00976,0.98959,0.00011,0.00054
195.72000,1.02194,0.01033,0.98900,0.00010,0.00056
195.86000,1.02194,0.01251,0.98674,0.00010,0.00065
196.00000,1.02194,0.01054,0.98882,0.00010,0.00055
196.14000,1.02194,0.01250,0.98674,0.00010,0.00066
196.28000,1.02194,0.01034,0.98897,0.00011,0.00059
196.42000,1.02194,0.00829,0.99112,0.00011,0.00047
196.56000,1.02194,0.00892,0.99045,0.00011,0.00052
196.70000,1.02194,0.00989,0.98941,0.00011,0.00059
196.84000,1.02194,0.00802,0.99139,0.00012,0.00048
196.98000,1.02194,0.00779,0.99161,0.00012,0.00048
197.12000,1.02194,0.00800,0.99140,0.00012,0.00048
197.25999,1.02194,0.00765,0.99179,0.00011,0.00044
197.39999,1.02194,0.00735,0.99212,0.00011,0.00042
197.53999,1.02194,0.00699,0.99247,0.00012,0.00042
197.67999,1.02194,0.00784,0.99154,0.00013,0.00049
197.82001,1.02193,0.00866,0.99072,0.00012,0.00050
197.96001,1.02193,0.00960,0.98969,0.00013,0.00058
198.10001,1.02193,0.00982,0.98948,0.00014,0.00056
198.24001,1.02193,0.01220,0.98696,0.00013,0.00071
198.38000,1.02193,0.01280,0.98648,0.00010,0.00062
198.52000,1.02193,0.01757,0.98157,0.00010,0.00076
198.66000,1.02193,0.01193,0.98740,0.00009,0.00058
198.80000,1.02193,0.01386,0.98536,0.00010,0.00068
198.94000,1.02194,0.01050,0.98887,0.00010,0.00054
199.08000,1.02194,0.01184,0.98744,0.00010,0.00061
199.22000,1.02194,0.00920,0.99015,0.00012,0.00053
199.36000,1.02194,0.01111,0.98806,0.00013,0.00070
199.50000,1.02194,0.00993,0.98941,0.00011,0.00055
199.64000,1.02194,0.01292,0.98629,0.00010,0.00069
199.78000,1.02194,0.01053,0.98872,0.00012,0.00063
199.92000,1.02194,0.01271,0.98647,0.00011,0.00072
200.06000,1.02194,0.01112,0.98815,0.00011,0.00062
200.20000,1.02194,0.01261,0.98658,0.00011,0.00071
200.34000,1.02194,0.01024,0.98900,0.00013,0.00063
200.48000,1.02194,0.01080,0.98847,0.00011,0.00061
200.62000,1.02194,0.01215,0.98703,0.00011,0.00071
200.75999,1.02194,0.00977,0.98956,0.00012,0.00055
200.89999,1.02194,0.00979,0.98954,0.00012,0.00055
201.03999,1.02194,0.01100,0.98831,0.00010,0.00058
201.17999,1.02194,0.01182,0.98745,0.00010,0.00063
201.32001,1.02193,0.01113,0.98818,0.00010,0.00059
201.46001,1.02193,0.01200,0.98724,0.00010,0.00065
201.60001,1.02193,0.01074,0.98855,0.00011,0.00060
201.74001,1.02193,0.01106,0.98824,0.00009,0.00060
201.88000,1.02193,0.00975,0.98956,0.00011,0.00058
202.02000,1.02193,0.01101,0.98825,0.00011,0.00064
202.16000,1.02193,0.01013,0.98916,0.00011,0.00061
202.30000,1.02193,0.00958,0.98971,0.00012,0.00059
202.44000,1.02194,0.00953,0.98974,0.00013,0.00060
202.58000,1.02194,0.00858,0.99079,0.00012,0.00051
202.72000,1.02194,0.00849,0.99092,0.00011,0.00048
202.86000,1.02194,0.00887,0.99053,0.00011,0.00050
203.00000,1.02194,0.00820,0.99125,0.00010,0.00045
203.14000,1.02194,0.00760,0.99185,0.00011,0.00044
203.28000,1.02194,0.00814,0.99127,0.00011,0.00047
203.42000,1.02194,0.00737,0.99211,0.00012,0.00041
203.56000,1.02194,0.00761,0.99184,0.00012,0.00043
203.70000,1.02194,0.00800,0.99141,0.00012,0.00047
203.84000,1.02194,0.00832,0.99109,0.00012,0.00047
203.98000,1.02194,0.00970,0.98968,0.00010,0.00052
204.12000,1.02194,0.01079,0.98851,0.00011,0.00060
204.25999,1.02194,0.00942,0.98992,0.00013,0.00054
204.39999,1.02194,0.00862,0.99077,0.00012,0.00049
204.53999,1.02194,0.00906,0.99035,0.00010,0.00048
204.67999,1.02194,0.00922,0.99020,0.00009,0.00048
204.82001,1.02193,0.01015,0.98918,0.00010,0.00057
204.96001,1.02193,0.00841,0.99096,0.00012,0.00051
205.10001,1.02193,0.00818,0.99120,0.00013,0.00049
205.24001,1.02193,0.00783,0.99158,0.00013,0.00047
205.38000,1.02193,0.00807,0.99133,0.00012,0.00047
205.52000,1.02193,0.00803,0.99138,0.00012,0.00047
205.66000,1.02193,0.00919,0.99016,0.00012,0.00053
205.80000,1.02193,0.00847,0.99096,0.00011,0.00046
205.94000,1.02194,0.00811,0.99130,0.00012,0.00046
206.08000,1.02194,0.00790,0.99151,0.00012,0.00047
206.22000,1.02194,0.00832,0.99111,0.00011,0.00046
206.36000,1.02194,0.00904,0.99035,0.00010,0.00050
206.50000,1.02194,0.01045,0.98883,0.00011,0.00061
206.64000,1.02194,0.01186,0.98733,0.00013,0.00068
206.78000,1.02194,0.01132,0.98796,0.00013,0.00059
206.92000,1.02194,0.01159,0.98778,0.00010,0.00054
207.06000,1.02194,0.01311,0.98619,0.00009,0.00061
207.20000,1.02194,0.01558,0.98365,0.00009,0.00068
207.34000,1.02194,0.01673,0.98250,0.00008,0.00069
207.48000,1.02194,0.01305,0.98626,0.00009,0.00060
207.62000,1.02194,0.01120,0.98810,0.00011,0.00058
207.75999,1.02194,0.01255,0.98670,0.00011,0.00063
207.89999,1.02194,0.01685,0.98225,0.00010,0.00080
208.03999,1.02194,0.01578,0.98338,0.00011,0.00074
208.17999,1.02194,0.01173,0.98762,0.00010,0.00055
208.32001,1.02193,0.01064,0.98881,0.00008,0.00047
208.46001,1.02193,0.01541,0.98389,0.00009,0.00062
208.60001,1.02193,0.01670,0.98249,0.00010,0.00071
208.74001,1.02193,0.00916,0.99017,0.00011,0.00055
208.88000,1.02193,0.00869,0.99066,0.00014,0.00051
209.02000,1.02193,0.00846,0.99094,0.00013,0.00048
209.16000,1.02193,0.00861,0.99079,0.00012,0.00048
209.30000,1.02193,0.01047,0.98885,0.00011,0.00057
209.44000,1.02194,0.01316,0.98609,0.00009,0.00065
209.58000,1.02194,0.01042,0.98894,0.00009,0.00054
209.72000,1.02194,0.01149,0.98774,0.00011,0.00066
209.86000,1.02194,0.01059,0.98871,0.00012,0.00058
210.00000,1.02194,0.01137,0.98799,0.00010,0.00054
210.14000,1.02194,0.01479,0.98439,0.00010,0.00072
210.28000,1.02194,0.01304,0.98617,0.00010,0.00068
210.42000,1.02194,0.01278,0.98647,0.00010,0.00064
210.56000,1.02194,0.01281,0.98644,0.00010,0.00066
210.70000,1.02194,0.01246,0.98681,0.00010,0.00063
210.84000,1.02194,0.01077,0.98860,0.00010,0.00053
210.98000,1.02194,0.01310,0.98619,0.00009,0.00063
211.12000,1.02194,0.01194,0.98735,0.00010,0.00061
211.25999,1.02194,0.01244,0.98685,0.00010,0.00061
211.39999,1.02194,0.01309,0.98612,0.00010,0.00069
211.53999,1.02194,0.01201,0.98733,0.00009,0.00057
211.67999,1.02194,0.01260,0.98663,0.00011,0.00065
211.82001,1.02193,0.01159,0.98773,0.00010,0.00058
211.96001,1.02193,0.01354,0.98575,0.00009,0.00062
212.10001,1.02193,0.01210,0.98722,0.00009,0.00059
212.24001,1.02193,0.01220,0.98709,0.00010,0.00062
212.38000,1.02193,0.00876,0.99065,0.00011,0.00048
212.52000,1.02193,0.00982,0.98956,0.00010,0.00052
212.66000,1.02193,0.00893,0.99046,0.00011,0.00049
212.80000,1.02193,0.00900,0.99038,0.00012,0.00051
212.94000,1.02194,0.00971,0.98966,0.00011,0.00053
213.08000,1.02194,0.00932,0.99006,0.00011,0.00051
213.22000,1.02194,0.00911,0.99030,0.00011,0.00048
213.36000,1.02194,0.00902,0.99040,0.00011,0.00048
213.50000,1.02194,0.00893,0.99050,0.00011,0.00047
213.64000,1.02194,0.00897,0.99045,0.00011,0.00047
213.78000,1.02194,0.01195,0.98726,0.00011,0.00068
213.92000,1.02194,0.01136,0.98796,0.00010,0.00058
214.06000,1.02194,0.01078,0.98852,0.00011,0.00060
214.20000,1.02194,0.01104,0.98825,0.00011,0.00061
214.34000,1.02194,0.01214,0.98715,0.00010,0.00061
214.48000,1.02194,0.01237,0.98690,0.00009,0.00063
214.62000,1.02194,0.01324,0.98589,0.00011,0.00077
214.75999,1.02194,0.01050,0.98884,0.00010,0.00056
214.89999,1.02194,0.01121,0.98809,0.00010,0.00060
215.03999,1.02194,0.01022,0.98908,0.00012,0.00058
215.17999,1.02194,0.01049,0.98885,0.00010,0.00056
215.32001,1.02193,0.00914,0.99027,0.00010,0.00049
215.46001,1.02193,0.00974,0.98964,0.00010,0.00052
215.60001,1.02193,0.00763,0.99181,0.00012,0.00044
215.74001,1.02193,0.00801,0.99143,0.00011,0.00044
215.88000,1.02193,0.00757,0.99192,0.00011,0.00040
216.02000,1.02193,0.00654,0.99296,0.00012,0.00037
216.16000,1.02193,0.00637,0.99314,0.00012,0.00036
216.30000,1.02193,0.00597,0.99359,0.00011,0.00033
216.44000,1.02194,0.00793,0.99151,0.00011,0.00045
216.58000,1.02194,0.00821,0.99122,0.00012,0.00045
216.72000,1.02194,0.01090,0.98838,0.00016,0.00056
216.86000,1.02194,0.01679,0.98235,0.00014,0.00071
217.00000,1.02194,0.03323,0.96543,0.00014,0.00119
217.14000,1.02194,0.04776,0.95084,0.00012,0.00127
217.28000,1.02194,0.31322,0.67683,0.00047,0.00948
217.42000,1.02194,0.47364,0.51290,0.00068,0.01278
217.56000,1.02194,0.88502,0.09219,0.00075,0.02204
217.70000,1.02194,0.81558,0.16749,0.00061,0.01632
217.84000,1.02194,0.88468,0.09879,0.00051,0.01602
217.98000,1.02194,0.77389,0.20763,0.00062,0.01786
218.12000,1.02194,0.85770,0.12903,0.00056,0.01272
218.25999,1.02194,0.44752,0.54239,0.00038,0.00970
218.39999,1.02194,0.08449,0.91106,0.00021,0.00424
218.53999,1.02194,0.04835,0.94806,0.00026,0.00333
218.67999,1.02194,0.09151,0.90267,0.00035,0.00547
218.82001,1.02193,0.19278,0.79250,0.00061,0.01410
218.96001,1.02193,0.53429,0.43819,0.00093,0.02659
219.10001,1.02193,0.78335,0.17511,0.00118,0.04037
219.24001,1.02193,0.83382,0.11882,0.00128,0.04609
219.38000,1.02193,0.83194,0.11706,0.00151,0.04949
219.52000,1.02193,0.84681,0.10902,0.00121,0.04297
219.66000,1.02193,0.83724,0.12546,0.00093,0.03637
219.80000,1.02193,0.82721,0.12330,0.00131,0.04818
219.94000,1.02194,0.81989,0.10551,0.00140,0.07320
220.08000,1.02194,0.79917,0.09201,0.00162,0.10720
220.22000,1.02194,0.82349,0.10368,0.00164,0.07119
220.36000,1.02194,0.85524,0.08337,0.00133,0.06006
220.50000,1.02194,0.72461,0.18227,0.00169,0.09142
220.64000,1.02194,0.79886,0.11141,0.00150,0.08823
220.78000,1.02194,0.73590,0.20543,0.00108,0.05759
220.92000,1.02194,0.81476,0.14420,0.00090,0.04014
221.06000,1.02194,0.75521,0.22489,0.00061,0.01929
221.20000,1.02194,0.80509,0.15261,0.00097,0.04133
221.34000,1.02194,0.87137,0.09567,0.00082,0.03214
221.48000,1.02194,0.81644,0.14527,0.00099,0.03730
221.62000,1.02194,0.82405,0.13340,0.00121,0.04134
221.75999,1.02194,0.82189,0.13649,0.00105,0.04057
221.89999,1.02194,0.79268,0.14448,0.00121,0.06163
222.03999,1.02194,0.86540,0.06639,0.00121,0.06699
222.17999,1.02194,0.66498,0.27625,0.00127,0.05750
222.32001,1.02193,0.57163,0.38668,0.00122,0.04047
222.46001,1.02193,0.61763,0.35645,0.00082,0.02510
222.60001,1.02193,0.37617,0.60146,0.00062,0.02175
222.74001,1.02193,0.70370,0.27414,0.00056,0.02160
222.88000,1.02193,0.49048,0.49757,0.00036,0.01158
223.02000,1.02193,0.69450,0.29062,0.00038,0.01450
223.16000,1.02193,0.63210,0.35763,0.00031,0.00995
223.30000,1.02193,0.42648,0.56738,0.00021,0.00592
223.44000,1.02194,0.30578,0.68876,0.00020,0.00526
223.58000,1.02194,0.17957,0.81639,0.00016,0.00389
223.72000,1.02194,0.10587,0.89103,0.00011,0.00299
223.86000,1.02194,0.26731,0.72593,0.00019,0.00656
224.00000,1.02194,0.31575,0.67667,0.00024,0.00734
224.14000,1.02194,0.37294,0.61806,0.00028,0.00872
224.28000,1.02194,0.25176,0.74039,0.00026,0.00760
224.42000,1.02194,0.15167,0.84244,0.00020,0.00568
224.56000,1.02194,0.39219,0.59805,0.00029,0.00948
224.70000,1.02194,0.42811,0.56246,0.00027,0.00916
224.84000,1.02194,0.40471,0.58609,0.00027,0.00892
224.98000,1.02194,0.35475,0.63304,0.00033,0.01187
225.12000,1.02194,0.34959,0.64083,0.00029,0.00929
225.25999,1.02194,0.26621,0.72467,0.00026,0.00885
225.39999,1.02194,0.24933,0.74190,0.00026,0.00851
225.53999,1.02194,0.53779,0.44300,0.00046,0.01875
225.67999,1.02194,0.51762,0.46781,0.00038,0.01419
225.82001,1.02193,0.47827,0.51085,0.00031,0.01058
225.96001,1.02193,0.18683,0.80713,0.00019,0.00584
226.10001,1.02193,0.28287,0.70492,0.00031,0.01190
226.24001,1.02193,0.51297,0.47271,0.00036,0.01396
226.38000,1.02193,0.54889,0.43700,0.00038,0.01373
226.52000,1.02193,0.22815,0.76389,0.00029,0.00768
226.66000,1.02193,0.22587,0.76630,0.00027,0.00756
226.80000,1.02193,0.45811,0.52534,0.00044,0.01612
226.94000,1.02194,0.72719,0.25495,0.00047,0.01739
227.08000,1.02194,0.43744,0.55107,0.00034,0.01114
227.22000,1.02194,0.40522,0.58411,0.00034,0.01033
227.36000,1.02194,0.39489,0.59618,0.00032,0.00861
227.50000,1.02194,0.37585,0.61499,0.00031,0.00884
227.64000,1.02194,0.57576,0.41242,0.00035,0.01147
227.78000,1.02194,0.64579,0.34473,0.00030,0.00918
227.92000,1.02194,0.72167,0.26634,0.00035,0.01164
228.06000,1.02194,0.55415,0.42043,0.00060,0.02483
228.20000,1.02194,0.41558,0.53325,0.00064,0.05054
228.34000,1.02194,0.59547,0.30755,0.00095,0.09603
228.48000,1.02194,0.74004,0.17417,0.00138,0.08441
228.62000,1.02194,0.53875,0.39913,0.00095,0.06117
228.75999,1.02194,0.53114,0.41912,0.00068,0.04906
228.89999,1.02194,0.60801,0.34809,0.00068,0.04322
229.03999,1.02194,0.60610,0.36973,0.00053,0.02365
229.17999,1.02194,0.51556,0.47345,0.00032,0.01067
229.32001,1.02193,0.20296,0.79204,0.00018,0.00482
229.46001,1.02193,0.17437,0.82204,0.00015,0.00343
229.60001,1.02193,0.07388,0.92437,0.00009,0.00166
229.74001,1.02193,0.11841,0.87931,0.00012,0.00216
229.88000,1.02193,0.06348,0.93526,0.00008,0.00118
230.02000,1.02193,0.04606,0.95262,0.00011,0.00121
230.16000,1.02193,0.01703,0.98213,0.00008,0.00075
230.30000,1.02193,0.01393,0.98532,0.00008,0.00067
230.44000,1.02194,0.01564,0.98345,0.00010,0.00082
230.58000,1.02194,0.01523,0.98382,0.00012,0.00083
230.72000,1.02194,0.01649,0.98254,0.00012,0.00084
230.86000,1.02194,0.01832,0.98079,0.00009,0.00080
231.00000,1.02194,0.01892,0.98025,0.00008,0.00075
231.14000,1.02194,0.01302,0.98630,0.00009,0.00059
231.28000,1.02194,0.01254,0.98683,0.00008,0.00055
231.42000,1.02194,0.01171,0.98762,0.00009,0.00057
231.56000,1.02194,0.01144,0.98791,0.00009,0.00056
231.70000,1.02194,0.00947,0.98997,0.00010,0.00046
231.84000,1.02194,0.01186,0.98739,0.00012,0.00063
231.98000,1.02194,0.03436,0.96206,0.00027,0.00331
232.12000,1.02194,0.45874,0.49257,0.00176,0.04693
232.25999,1.02194,0.98395,0.00214,0.00053,0.01338
232.39999,1.02194,0.99942,0.00000,0.00006,0.00051
232.53999,1.02194,0.99997,0.00000,0.00001,0.00002
232.67999,1.02194,1.00000,0.00000,0.00000,0.00000
232.82001,1.02193,1.00000,0.00000,0.00000,0.00000
232.96001,1.02193,1.00000,0.00000,0.00000,0.00000
233.10001,1.02193,1.00000,0.00000,0.00000,0.00000
233.24001,1.02193,1.00000,0.00000,0.00000,0.00000
233.38000,1.02193,1.00000,0.00000,0.00000,0.00000
233.52000,1.02193,1.00000,0.00000,0.00000,0.00000
233.66000,1.02193,1.00000,0.00000,0.00000,0.00000
233.80000,1.02193,0.99996,0.00000,0.00001,0.00004
