Time (seconds), Duration (seconds),pred_(unlabeled),pred_brushing_teeth,pred_hair_drying,pred_showering
0.00000,1.02194,0.99727,0.00214,0.00054,0.00006
0.14000,1.02194,0.99703,0.00232,0.00059,0.00007
0.28000,1.02194,0.99727,0.00207,0.00058,0.00008
0.42000,1.02194,0.99720,0.00214,0.00058,0.00008
0.56000,1.02194,0.99734,0.00202,0.00056,0.00009
0.70000,1.02194,0.99704,0.00227,0.00061,0.00008
0.84000,1.02194,0.99716,0.00214,0.00060,0.00009
0.98000,1.02194,0.99682,0.00244,0.00065,0.00009
1.12000,1.02194,0.99666,0.00256,0.00069,0.00009
1.26000,1.02194,0.99632,0.00284,0.00074,0.00009
1.40000,1.02194,0.99638,0.00277,0.00075,0.00010
1.54000,1.02194,0.99658,0.00261,0.00072,0.00010
1.68000,1.02194,0.99612,0.00299,0.00079,0.00010
1.82000,1.02194,0.99554,0.00349,0.00087,0.00010
1.96000,1.02194,0.99559,0.00340,0.00090,0.00011
2.10000,1.02194,0.99542,0.00356,0.00092,0.00010
2.24000,1.02194,0.99555,0.00343,0.00091,0.00011
2.38000,1.02194,0.99568,0.00332,0.00089,0.00011
2.52000,1.02194,0.99509,0.00369,0.00110,0.00012
2.66000,1.02194,0.99579,0.00315,0.00095,0.00011
2.80000,1.02194,0.99655,0.00254,0.00079,0.00012
2.94000,1.02194,0.99653,0.00264,0.00074,0.00010
3.08000,1.02194,0.99631,0.00280,0.00079,0.00010
3.22000,1.02194,0.99624,0.00285,0.00081,0.00010
3.36000,1.02194,0.99594,0.00300,0.00094,0.00012
3.50000,1.02194,0.99661,0.00255,0.00074,0.00010
3.64000,1.02194,0.99602,0.00308,0.00080,0.00010
3.78000,1.02194,0.99565,0.00336,0.00088,0.00011
3.92000,1.02194,0.99505,0.00388,0.00094,0.00013
4.06000,1.02194,0.99405,0.00479,0.00104,0.00013
4.20000,1.02194,0.99357,0.00515,0.00114,0.00013
4.34000,1.02194,0.99234,0.00626,0.00127,0.00013
4.48000,1.02194,0.99193,0.00648,0.00143,0.00015
4.62000,1.02194,0.99246,0.00594,0.00144,0.00016
4.76000,1.02194,0.99340,0.00498,0.00143,0.00019
4.90000,1.02194,0.99455,0.00410,0.00120,0.00015
5.04000,1.02194,0.99492,0.00374,0.00118,0.00016
5.18000,1.02194,0.99421,0.00447,0.00119,0.00013
5.32000,1.02194,0.99476,0.00397,0.00113,0.00014
5.46000,1.02194,0.99438,0.00426,0.00122,0.00014
5.60000,1.02194,0.99430,0.00432,0.00124,0.00014
5.74000,1.02194,0.99470,0.00376,0.00132,0.00022
5.88000,1.02194,0.99195,0.00562,0.00210,0.00034
6.02000,1.02194,0.98950,0.00811,0.00210,0.00029
6.16000,1.02194,0.99192,0.00611,0.00171,0.00026
6.30000,1.02194,0.99173,0.00644,0.00157,0.00026
6.44000,1.02194,0.99359,0.00434,0.00176,0.00031
6.58000,1.02194,0.99073,0.00528,0.00324,0.00075
6.72000,1.02194,0.99482,0.00284,0.00181,0.00054
6.86000,1.02194,0.99547,0.00286,0.00140,0.00026
7.00000,1.02194,0.99567,0.00270,0.00142,0.00021
7.14000,1.02194,0.99522,0.00315,0.00145,0.00019
7.28000,1.02194,0.99235,0.00471,0.00261,0.00033
7.42000,1.02194,0.99239,0.00586,0.00160,0.00015
7.56000,1.02194,0.99186,0.00666,0.00127,0.00020
7.70000,1.02194,0.98976,0.00846,0.00154,0.00024
7.84000,1.02194,0.99124,0.00681,0.00163,0.00032
7.98000,1.02194,0.98830,0.00940,0.00191,0.00039
8.12000,1.02194,0.98749,0.00972,0.00234,0.00045
8.26000,1.02194,0.98952,0.00772,0.00238,0.00039
8.40000,1.02194,0.99606,0.00260,0.00104,0.00030
8.54000,1.02194,0.99642,0.00240,0.00094,0.00024
8.68000,1.02194,0.99800,0.00121,0.00054,0.00024
8.82000,1.02194,0.99823,0.00115,0.00047,0.00015
8.96000,1.02194,0.99750,0.00174,0.00063,0.00012
9.10000,1.02194,0.99709,0.00205,0.00075,0.00011
9.24000,1.02194,0.99773,0.00152,0.00062,0.00013
9.38000,1.02194,0.99766,0.00172,0.00053,0.00009
9.52000,1.02194,0.99782,0.00163,0.00046,0.00008
9.66000,1.02194,0.99793,0.00152,0.00047,0.00008
9.80000,1.02194,0.99782,0.00164,0.00046,0.00008
9.94000,1.02194,0.99827,0.00113,0.00046,0.00014
10.08000,1.02194,0.99792,0.00140,0.00053,0.00015
10.22000,1.02194,0.99747,0.00181,0.00060,0.00012
10.36000,1.02194,0.99725,0.00201,0.00063,0.00011
10.50000,1.02194,0.99724,0.00193,0.00068,0.00015
10.64000,1.02194,0.99669,0.00250,0.00071,0.00010
10.78000,1.02194,0.99715,0.00203,0.00068,0.00014
10.92000,1.02194,0.99681,0.00238,0.00071,0.00010
11.06000,1.02194,0.99698,0.00224,0.00068,0.00010
11.20000,1.02194,0.99695,0.00226,0.00069,0.00010
11.34000,1.02194,0.99685,0.00236,0.00069,0.00009
11.48000,1.02194,0.99694,0.00230,0.00067,0.00009
11.62000,1.02194,0.99703,0.00222,0.00066,0.00009
11.76000,1.02194,0.99688,0.00233,0.00070,0.00009
11.90000,1.02194,0.99691,0.00229,0.00070,0.00010
12.04000,1.02194,0.99658,0.00253,0.00079,0.00010
12.18000,1.02194,0.99636,0.00276,0.00079,0.00009
12.32000,1.02194,0.99687,0.00229,0.00075,0.00010
12.46000,1.02194,0.99691,0.00228,0.00071,0.00009
12.60000,1.02194,0.99675,0.00240,0.00076,0.00009
12.74000,1.02194,0.99722,0.00201,0.00067,0.00010
12.88000,1.02194,0.99729,0.00198,0.00064,0.00009
13.02000,1.02194,0.99726,0.00200,0.00064,0.00010
13.16000,1.02194,0.99697,0.00222,0.00070,0.00011
13.30000,1.02194,0.99737,0.00188,0.00063,0.00012
13.44000,1.02194,0.99704,0.00213,0.00071,0.00012
13.58000,1.02194,0.99697,0.00223,0.00069,0.00011
13.72000,1.02194,0.99701,0.00219,0.00068,0.00012
13.86000,1.02194,0.99640,0.00269,0.00080,0.00011
14.00000,1.02194,0.99673,0.00246,0.00071,0.00010
14.14000,1.02194,0.99642,0.00275,0.00075,0.00009
14.28000,1.02194,0.99645,0.00269,0.00077,0.00010
14.42000,1.02194,0.99696,0.00227,0.00067,0.00010
14.56000,1.02194,0.99650,0.00266,0.00075,0.00010
14.70000,1.02194,0.99669,0.00255,0.00067,0.00008
14.84000,1.02194,0.99683,0.00243,0.00066,0.00009
14.98000,1.02194,0.99761,0.00172,0.00058,0.00009
15.12000,1.02194,0.99764,0.00181,0.00048,0.00007
15.26000,1.02194,0.99784,0.00166,0.00043,0.00007
15.40000,1.02194,0.99780,0.00168,0.00045,0.00007
15.54000,1.02194,0.99786,0.00161,0.00046,0.00007
15.68000,1.02194,0.99797,0.00151,0.00044,0.00008
15.82000,1.02194,0.99828,0.00108,0.00047,0.00017
15.96000,1.02194,0.99722,0.00209,0.00061,0.00009
16.10000,1.02194,0.99710,0.00220,0.00062,0.00008
16.24000,1.02194,0.99741,0.00184,0.00063,0.00012
16.38000,1.02194,0.99722,0.00199,0.00068,0.00011
16.52000,1.02194,0.99744,0.00193,0.00055,0.00008
16.66000,1.02194,0.99743,0.00195,0.00054,0.00007
16.80000,1.02194,0.99726,0.00211,0.00056,0.00007
16.94000,1.02194,0.99712,0.00223,0.00058,0.00007
17.08000,1.02194,0.99707,0.00226,0.00059,0.00007
17.22000,1.02194,0.99664,0.00263,0.00065,0.00008
17.36000,1.02194,0.99583,0.00333,0.00075,0.00009
17.50000,1.02194,0.99523,0.00382,0.00086,0.00009
17.64000,1.02194,0.99384,0.00503,0.00103,0.00010
17.78000,1.02194,0.99150,0.00719,0.00119,0.00012
17.92000,1.02194,0.98763,0.01092,0.00129,0.00015
18.06000,1.02194,0.98925,0.00926,0.00133,0.00016
18.20000,1.02194,0.99174,0.00711,0.00103,0.00012
18.34000,1.02194,0.99480,0.00422,0.00082,0.00016
18.48000,1.02194,0.99523,0.00380,0.00081,0.00016
18.62000,1.02194,0.99643,0.00259,0.00080,0.00018
18.76000,1.02194,0.99772,0.00157,0.00056,0.00016
18.90000,1.02194,0.99763,0.00176,0.00052,0.00008
19.04000,1.02194,0.99729,0.00204,0.00060,0.00008
19.18000,1.02194,0.99724,0.00212,0.00056,0.00008
19.32000,1.02194,0.99696,0.00235,0.00061,0.00008
19.46000,1.02194,0.99667,0.00260,0.00065,0.00008
19.60000,1.02194,0.99557,0.00356,0.00079,0.00009
19.74000,1.02194,0.99262,0.00641,0.00088,0.00010
19.88000,1.02194,0.99274,0.00625,0.00091,0.00010
20.02000,1.02194,0.99321,0.00574,0.00094,0.00011
20.16000,1.02194,0.99416,0.00486,0.00085,0.00012
20.30000,1.02194,0.99480,0.00428,0.00079,0.00013
20.44000,1.02194,0.99555,0.00327,0.00097,0.00020
20.58000,1.02194,0.99640,0.00272,0.00077,0.00011
20.72000,1.02194,0.99745,0.00193,0.00054,0.00008
20.86000,1.02194,0.99747,0.00193,0.00053,0.00007
21.00000,1.02194,0.99733,0.00205,0.00055,0.00007
21.14000,1.02194,0.99735,0.00204,0.00054,0.00007
21.28000,1.02194,0.99738,0.00201,0.00054,0.00007
21.42000,1.02194,0.99715,0.00221,0.00057,0.00007
21.56000,1.02194,0.99710,0.00225,0.00058,0.00007
21.70000,1.02194,0.99690,0.00242,0.00061,0.00007
21.84000,1.02194,0.99688,0.00243,0.00061,0.00007
21.98000,1.02194,0.99696,0.00235,0.00061,0.00008
22.12000,1.02194,0.99690,0.00240,0.00062,0.00008
22.26000,1.02194,0.99658,0.00268,0.00066,0.00008
22.40000,1.02194,0.99675,0.00254,0.00064,0.00008
22.54000,1.02194,0.99691,0.00239,0.00062,0.00008
22.68000,1.02194,0.99688,0.00243,0.00062,0.00007
22.82000,1.02194,0.99693,0.00238,0.00061,0.00007
22.96000,1.02194,0.99669,0.00259,0.00064,0.00008
23.10000,1.02194,0.99666,0.00261,0.00065,0.00008
23.24000,1.02194,0.99678,0.00251,0.00064,0.00007
23.38000,1.02194,0.99734,0.00199,0.00060,0.00008
23.52000,1.02194,0.99726,0.00209,0.00057,0.00007
23.66000,1.02194,0.99702,0.00230,0.00060,0.00007
23.80000,1.02194,0.99695,0.00237,0.00061,0.00007
23.94000,1.02194,0.99701,0.00232,0.00060,0.00007
24.08000,1.02194,0.99703,0.00229,0.00060,0.00007
24.22000,1.02194,0.99660,0.00257,0.00072,0.00010
24.36000,1.02194,0.99562,0.00347,0.00082,0.00009
24.50000,1.02194,0.99512,0.00388,0.00090,0.00010
24.64000,1.02194,0.99502,0.00395,0.00092,0.00010
24.78000,1.02194,0.99455,0.00435,0.00100,0.00010
24.92000,1.02194,0.99384,0.00495,0.00111,0.00011
25.06000,1.02194,0.99392,0.00481,0.00114,0.00012
25.20000,1.02194,0.99435,0.00444,0.00109,0.00012
25.34000,1.02194,0.99508,0.00381,0.00099,0.00012
25.48000,1.02194,0.99501,0.00394,0.00094,0.00011
25.62000,1.02194,0.99478,0.00409,0.00101,0.00011
25.76000,1.02194,0.99500,0.00386,0.00100,0.00013
25.90000,1.02194,0.99567,0.00329,0.00092,0.00012
26.04000,1.02194,0.99573,0.00336,0.00082,0.00009
26.18000,1.02194,0.99579,0.00329,0.00083,0.00009
26.32000,1.02194,0.99622,0.00292,0.00076,0.00010
26.46000,1.02194,0.99638,0.00280,0.00073,0.00009
26.60000,1.02194,0.99680,0.00247,0.00064,0.00009
26.74000,1.02194,0.99688,0.00242,0.00062,0.00008
26.88000,1.02194,0.99693,0.00238,0.00061,0.00008
27.02000,1.02194,0.99676,0.00253,0.00064,0.00008
27.16000,1.02194,0.99665,0.00263,0.00065,0.00007
27.30000,1.02194,0.99681,0.00250,0.00062,0.00008
27.44000,1.02194,0.99673,0.00256,0.00063,0.00007
27.58000,1.02194,0.99672,0.00257,0.00063,0.00007
27.72000,1.02194,0.99682,0.00249,0.00062,0.00007
27.86000,1.02194,0.99695,0.00238,0.00060,0.00007
28.00000,1.02194,0.99697,0.00237,0.00060,0.00007
28.14000,1.02194,0.99714,0.00221,0.00058,0.00007
28.28000,1.02194,0.99737,0.00200,0.00055,0.00007
28.42000,1.02194,0.99740,0.00200,0.00054,0.00007
28.56000,1.02194,0.99732,0.00206,0.00055,0.00007
28.70000,1.02194,0.99727,0.00210,0.00055,0.00007
28.84000,1.02194,0.99706,0.00227,0.00059,0.00007
28.98000,1.02194,0.99639,0.00288,0.00065,0.00008
29.12000,1.02194,0.99577,0.00338,0.00076,0.00009
29.26000,1.02194,0.99573,0.00336,0.00082,0.00009
29.40000,1.02194,0.99561,0.00349,0.00080,0.00009
29.54000,1.02194,0.99544,0.00365,0.00082,0.00010
29.68000,1.02194,0.99479,0.00389,0.00118,0.00014
29.82000,1.02194,0.99508,0.00377,0.00094,0.00021
29.96000,1.02194,0.99574,0.00319,0.00089,0.00018
30.10000,1.02194,0.99327,0.00544,0.00109,0.00020
30.24000,1.02194,0.99302,0.00567,0.00114,0.00017
30.38000,1.02194,0.99518,0.00369,0.00090,0.00024
30.52000,1.02194,0.99586,0.00271,0.00103,0.00040
30.66000,1.02194,0.99782,0.00146,0.00050,0.00021
30.80000,1.02194,0.99752,0.00163,0.00065,0.00020
30.94000,1.02194,0.99632,0.00264,0.00091,0.00013
31.08000,1.02194,0.99737,0.00201,0.00055,0.00008
31.22000,1.02194,0.99747,0.00193,0.00053,0.00007
31.36000,1.02194,0.99736,0.00204,0.00053,0.00007
31.50000,1.02194,0.99776,0.00169,0.00049,0.00007
31.64000,1.02194,0.99779,0.00168,0.00047,0.00006
31.78000,1.02194,0.99800,0.00149,0.00045,0.00006
31.92000,1.02194,0.99791,0.00158,0.00044,0.00006
32.06000,1.02193,0.99788,0.00161,0.00044,0.00006
32.20000,1.02194,0.99785,0.00164,0.00045,0.00006
32.34000,1.02194,0.99795,0.00154,0.00044,0.00007
32.48000,1.02194,0.99763,0.00181,0.00049,0.00007
32.62000,1.02194,0.99788,0.00158,0.00046,0.00008
32.76000,1.02194,0.99741,0.00200,0.00052,0.00007
32.90000,1.02193,0.99725,0.00215,0.00054,0.00007
33.04000,1.02194,0.99716,0.00222,0.00055,0.00007
33.18000,1.02194,0.99713,0.00224,0.00056,0.00007
33.32000,1.02194,0.99724,0.00214,0.00055,0.00007
33.46000,1.02194,0.99732,0.00208,0.00054,0.00007
33.60000,1.02194,0.99738,0.00203,0.00053,0.00007
33.74000,1.02193,0.99733,0.00208,0.00053,0.00007
33.88000,1.02194,0.99727,0.00212,0.00054,0.00007
34.02000,1.02194,0.99717,0.00221,0.00055,0.00007
34.16000,1.02194,0.99732,0.00207,0.00054,0.00007
34.30000,1.02194,0.99709,0.00227,0.00057,0.00007
34.44000,1.02194,0.99690,0.00241,0.00061,0.00007
34.58000,1.02193,0.99686,0.00244,0.00062,0.00008
34.72000,1.02193,0.99698,0.00234,0.00061,0.00007
34.86000,1.02194,0.99716,0.00219,0.00057,0.00007
35.00000,1.02194,0.99722,0.00215,0.00056,0.00007
35.14000,1.02194,0.99734,0.00205,0.00054,0.00007
35.28000,1.02194,0.99735,0.00204,0.00054,0.00007
35.42000,1.02194,0.99750,0.00192,0.00051,0.00007
35.56000,1.02193,0.99746,0.00196,0.00051,0.00007
35.70000,1.02194,0.99750,0.00193,0.00051,0.00007
35.84000,1.02194,0.99740,0.00201,0.00053,0.00007
35.98000,1.02194,0.99745,0.00197,0.00052,0.00007
36.12000,1.02194,0.99751,0.00191,0.00051,0.00007
36.26000,1.02194,0.99741,0.00199,0.00053,0.00007
36.40000,1.02193,0.99738,0.00202,0.00053,0.00007
36.54000,1.02194,0.99729,0.00211,0.00054,0.00007
36.68000,1.02194,0.99727,0.00212,0.00055,0.00007
36.82000,1.02194,0.99723,0.00214,0.00056,0.00007
36.96000,1.02194,0.99697,0.00235,0.00060,0.00007
37.10000,1.02194,0.99678,0.00251,0.00063,0.00008
37.24000,1.02193,0.99662,0.00264,0.00066,0.00008
37.38000,1.02194,0.99659,0.00267,0.00067,0.00008
37.52000,1.02194,0.99667,0.00259,0.00067,0.00008
37.66000,1.02194,0.99670,0.00255,0.00067,0.00008
37.80000,1.02194,0.99703,0.00220,0.00069,0.00008
37.94000,1.02194,0.99574,0.00240,0.00165,0.00022
38.08000,1.02193,0.99123,0.00360,0.00410,0.00107
38.22000,1.02193,0.97076,0.00816,0.01560,0.00547
38.36000,1.02194,0.94334,0.00769,0.01977,0.02920
38.50000,1.02194,0.93873,0.00584,0.02218,0.03325
38.64000,1.02194,0.95190,0.00694,0.01502,0.02615
38.78000,1.02194,0.98505,0.00258,0.00421,0.00815
38.92000,1.02194,0.98993,0.00443,0.00367,0.00197
39.06000,1.02193,0.99495,0.00301,0.00151,0.00053
39.20000,1.02194,0.99654,0.00265,0.00072,0.00008
39.34000,1.02194,0.99665,0.00257,0.00069,0.00009
39.48000,1.02194,0.99636,0.00284,0.00073,0.00008
39.62000,1.02194,0.99601,0.00313,0.00077,0.00009
39.76000,1.02194,0.99601,0.00305,0.00083,0.00010
39.90000,1.02193,0.99617,0.00298,0.00076,0.00009
40.04000,1.02194,0.99599,0.00312,0.00080,0.00009
40.18000,1.02194,0.99365,0.00535,0.00090,0.00010
40.32000,1.02194,0.99405,0.00490,0.00095,0.00010
40.46000,1.02194,0.99489,0.00415,0.00086,0.00011
40.60000,1.02194,0.99465,0.00441,0.00084,0.00009
40.74000,1.02193,0.99424,0.00480,0.00087,0.00009
40.88000,1.02194,0.99460,0.00422,0.00105,0.00013
41.02000,1.02194,0.99618,0.00288,0.00083,0.00011
41.16000,1.02194,0.99668,0.00256,0.00067,0.00008
41.30000,1.02194,0.99715,0.00214,0.00064,0.00008
41.44000,1.02194,0.99683,0.00239,0.00069,0.00009
41.58000,1.02193,0.99793,0.00149,0.00051,0.00007
41.72000,1.02193,0.99403,0.00283,0.00265,0.00049
41.86000,1.02194,0.98614,0.00367,0.00675,0.00344
42.00000,1.02194,0.97038,0.00273,0.00917,0.01772
42.14000,1.02194,0.94678,0.00101,0.01012,0.04209
42.28000,1.02194,0.95199,0.00092,0.00597,0.04112
42.42000,1.02194,0.97050,0.00257,0.00836,0.01857
42.56000,1.02193,0.98809,0.00212,0.00378,0.00602
42.70000,1.02194,0.99611,0.00153,0.00130,0.00107
42.84000,1.02194,0.99786,0.00137,0.00052,0.00025
42.98000,1.02194,0.99747,0.00182,0.00059,0.00013
43.12000,1.02194,0.99743,0.00182,0.00061,0.00014
43.26000,1.02194,0.99685,0.00236,0.00067,0.00011
43.40000,1.02193,0.99530,0.00373,0.00085,0.00011
43.54000,1.02194,0.99440,0.00447,0.00101,0.00012
43.68000,1.02194,0.99483,0.00415,0.00092,0.00010
43.82000,1.02194,0.99422,0.00467,0.00101,0.00010
43.96000,1.02194,0.99245,0.00612,0.00132,0.00011
44.10000,1.02194,0.99240,0.00378,0.00362,0.00020
44.24000,1.02193,0.97852,0.01512,0.00589,0.00047
44.38000,1.02194,0.98549,0.00619,0.00729,0.00103
44.52000,1.02194,0.95389,0.01341,0.02227,0.01043
44.66000,1.02194,0.91902,0.01380,0.03354,0.03365
44.80000,1.02194,0.87847,0.01433,0.04431,0.06288
44.94000,1.02194,0.60968,0.06234,0.07438,0.25360
45.08000,1.02193,0.74423,0.00800,0.03373,0.21403
45.22000,1.02193,0.85803,0.01528,0.03097,0.09573
45.36000,1.02194,0.97155,0.00228,0.00591,0.02027
45.50000,1.02194,0.98345,0.00628,0.00631,0.00396
45.64000,1.02194,0.99406,0.00253,0.00232,0.00109
45.78000,1.02194,0.99894,0.00031,0.00029,0.00045
45.92000,1.02194,0.99758,0.00092,0.00099,0.00051
46.06000,1.02193,0.99168,0.00173,0.00169,0.00489
46.20000,1.02194,0.99354,0.00054,0.00091,0.00501
46.34000,1.02194,0.99394,0.00034,0.00095,0.00478
46.48000,1.02194,0.97497,0.00079,0.00391,0.02033
46.62000,1.02194,0.94799,0.00314,0.00982,0.03905
46.76000,1.02194,0.96725,0.00250,0.00814,0.02211
46.90000,1.02193,0.99351,0.00274,0.00241,0.00135
47.04000,1.02194,0.98843,0.00540,0.00444,0.00173
47.18000,1.02194,0.98900,0.00566,0.00397,0.00136
47.32000,1.02194,0.99785,0.00080,0.00068,0.00067
47.46000,1.02194,0.99666,0.00254,0.00070,0.00011
47.60000,1.02194,0.99618,0.00268,0.00098,0.00016
47.74000,1.02193,0.99697,0.00177,0.00111,0.00015
47.88000,1.02194,0.99147,0.00538,0.00146,0.00169
48.02000,1.02194,0.98996,0.00731,0.00052,0.00222
48.16000,1.02194,0.98561,0.00985,0.00079,0.00375
48.30000,1.02194,0.96603,0.01442,0.00468,0.01487
48.44000,1.02194,0.97565,0.00654,0.00419,0.01363
48.58000,1.02193,0.98849,0.00414,0.00234,0.00503
48.72000,1.02193,0.97045,0.02469,0.00363,0.00124
48.86000,1.02194,0.99294,0.00357,0.00308,0.00041
49.00000,1.02194,0.99486,0.00301,0.00166,0.00046
49.14000,1.02194,0.99395,0.00488,0.00108,0.00008
49.28000,1.02194,0.99721,0.00217,0.00055,0.00007
49.42000,1.02194,0.99724,0.00215,0.00055,0.00007
49.56000,1.02193,0.99726,0.00212,0.00055,0.00007
49.70000,1.02194,0.99724,0.00215,0.00054,0.00007
49.84000,1.02194,0.99716,0.00222,0.00055,0.00007
49.98000,1.02194,0.99714,0.00225,0.00055,0.00007
50.12000,1.02194,0.99723,0.00217,0.00054,0.00007
50.26000,1.02194,0.99730,0.00210,0.00053,0.00007
50.40000,1.02193,0.99724,0.00216,0.00054,0.00007
50.54000,1.02194,0.99724,0.00216,0.00054,0.00007
50.68000,1.02194,0.99726,0.00214,0.00053,0.00007
50.82000,1.02194,0.99736,0.00206,0.00052,0.00006
50.96000,1.02194,0.99730,0.00211,0.00052,0.00006
51.10000,1.02194,0.99735,0.00207,0.00052,0.00006
51.24000,1.02193,0.99736,0.00206,0.00052,0.00006
51.38000,1.02194,0.99328,0.00495,0.00140,0.00037
51.52000,1.02194,0.98740,0.00784,0.00375,0.00100
51.66000,1.02194,0.97887,0.00825,0.01050,0.00238
51.80000,1.02194,0.90783,0.01381,0.07325,0.00512
51.94000,1.02194,0.65258,0.01434,0.32082,0.01227
52.08000,1.02193,0.20399,0.02129,0.76358,0.01114
52.22000,1.02193,0.05713,0.01560,0.92505,0.00222
52.36000,1.02194,0.01602,0.00452,0.97893,0.00054
52.50000,1.02194,0.01205,0.00364,0.98394,0.00036
52.64000,1.02194,0.01016,0.00338,0.98621,0.00025
52.78000,1.02194,0.01039,0.00348,0.98587,0.00025
52.92000,1.02194,0.01041,0.00357,0.98577,0.00025
53.06000,1.02193,0.01096,0.00369,0.98508,0.00027
53.20000,1.02194,0.01140,0.00392,0.98438,0.00029
53.34000,1.02194,0.01210,0.00398,0.98362,0.00030
53.48000,1.02194,0.01215,0.00413,0.98341,0.00031
53.62000,1.02194,0.01268,0.00424,0.98275,0.00033
53.76000,1.02194,0.01217,0.00432,0.98319,0.00032
53.90000,1.02193,0.01276,0.00422,0.98269,0.00033
54.04000,1.02194,0.01236,0.00433,0.98300,0.00032
54.18000,1.02194,0.01258,0.00439,0.98269,0.00034
54.32000,1.02194,0.01263,0.00435,0.98269,0.00033
54.46000,1.02194,0.01225,0.00422,0.98320,0.00033
54.60000,1.02194,0.01220,0.00427,0.98321,0.00032
54.74000,1.02193,0.01252,0.00442,0.98272,0.00034
54.88000,1.02194,0.01240,0.00429,0.98298,0.00033
55.02000,1.02194,0.01244,0.00422,0.98302,0.00033
55.16000,1.02194,0.01265,0.00430,0.98272,0.00033
55.30000,1.02194,0.01257,0.00444,0.98265,0.00035
55.44000,1.02194,0.01284,0.00443,0.98238,0.00036
55.58000,1.02193,0.01265,0.00449,0.98250,0.00035
55.72000,1.02193,0.01230,0.00447,0.98288,0.00035
55.86000,1.02194,0.01255,0.00445,0.98265,0.00035
56.00000,1.02194,0.01267,0.00431,0.98269,0.00034
56.14000,1.02194,0.01246,0.00429,0.98291,0.00033
56.28000,1.02194,0.01224,0.00435,0.98307,0.00035
56.42000,1.02194,0.01242,0.00447,0.98276,0.00035
56.56000,1.02193,0.01240,0.00436,0.98289,0.00034
56.70000,1.02194,0.01238,0.00423,0.98306,0.00033
56.84000,1.02194,0.01238,0.00429,0.98300,0.00034
56.98000,1.02194,0.01258,0.00426,0.98282,0.00033
57.12000,1.02194,0.01273,0.00438,0.98254,0.00035
57.26000,1.02194,0.01214,0.00431,0.98323,0.00032
57.40000,1.02193,0.01212,0.00422,0.98334,0.00032
57.54000,1.02194,0.01225,0.00423,0.98320,0.00032
57.68000,1.02194,0.01188,0.00419,0.98361,0.00032
57.82000,1.02194,0.01208,0.00416,0.98345,0.00031
57.96000,1.02194,0.01220,0.00421,0.98328,0.00031
58.10000,1.02194,0.01214,0.00423,0.98331,0.00032
58.24000,1.02193,0.01252,0.00427,0.98288,0.00033
58.38000,1.02194,0.01243,0.00429,0.98295,0.00034
58.52000,1.02194,0.01243,0.00422,0.98303,0.00033
58.66000,1.02194,0.01245,0.00438,0.98283,0.00034
58.80000,1.02194,0.01283,0.00430,0.98254,0.00033
58.94000,1.02194,0.01251,0.00432,0.98284,0.00034
59.08000,1.02193,0.01275,0.00426,0.98266,0.00033
59.22000,1.02193,0.01217,0.00429,0.98322,0.00032
59.36000,1.02194,0.01222,0.00425,0.98321,0.00032
59.50000,1.02194,0.01216,0.00419,0.98333,0.00032
59.64000,1.02194,0.01244,0.00416,0.98308,0.00032
59.78000,1.02194,0.01224,0.00426,0.98317,0.00033
59.92000,1.02194,0.01254,0.00432,0.98280,0.00034
60.06000,1.02193,0.01219,0.00425,0.98324,0.00033
60.20000,1.02194,0.01182,0.00416,0.98370,0.00031
60.34000,1.02194,0.01191,0.00424,0.98354,0.00031
60.48000,1.02194,0.01193,0.00419,0.98358,0.00031
60.62000,1.02194,0.01209,0.00420,0.98341,0.00031
60.76000,1.02194,0.01257,0.00412,0.98300,0.00032
60.90000,1.02193,0.01241,0.00432,0.98294,0.00032
61.04000,1.02194,0.01222,0.00435,0.98310,0.00033
61.18000,1.02194,0.01247,0.00438,0.98282,0.00033
61.32000,1.02194,0.01231,0.00429,0.98308,0.00033
61.46000,1.02194,0.01210,0.00424,0.98334,0.00033
61.60000,1.02194,0.01198,0.00410,0.98361,0.00031
61.74000,1.02193,0.01223,0.00418,0.98328,0.00031
61.88000,1.02194,0.01247,0.00423,0.98298,0.00032
62.02000,1.02194,0.01232,0.00424,0.98311,0.00033
62.16000,1.02194,0.01221,0.00414,0.98333,0.00032
62.30000,1.02194,0.01182,0.00407,0.98380,0.00030
62.44000,1.02194,0.01191,0.00405,0.98373,0.00031
62.58000,1.02193,0.01185,0.00431,0.98349,0.00034
62.72000,1.02193,0.01863,0.00531,0.97547,0.00060
62.86000,1.02194,0.03212,0.00522,0.96142,0.00123
63.00000,1.02193,0.03247,0.00526,0.96100,0.00127
63.14000,1.02193,0.02702,0.00503,0.96693,0.00102
63.28000,1.02194,0.03255,0.00514,0.96115,0.00116
63.42000,1.02194,0.02984,0.00561,0.96331,0.00124
63.56000,1.02194,0.02149,0.00520,0.97252,0.00079
63.70000,1.02194,0.01036,0.00374,0.98564,0.00026
63.84000,1.02194,0.00954,0.00331,0.98694,0.00021
63.98000,1.02194,0.00925,0.00321,0.98734,0.00020
64.12000,1.02193,0.00920,0.00324,0.98736,0.00020
64.26000,1.02193,0.00903,0.00325,0.98752,0.00020
64.40000,1.02193,0.00918,0.00331,0.98730,0.00021
64.54000,1.02193,0.00923,0.00329,0.98726,0.00021
64.68000,1.02193,0.00916,0.00317,0.98747,0.00020
64.82000,1.02193,0.00942,0.00328,0.98710,0.00021
64.96000,1.02194,0.01048,0.00367,0.98562,0.00023
65.10000,1.02194,0.01706,0.00466,0.97782,0.00046
65.24000,1.02194,0.07176,0.00660,0.92011,0.00153
65.38000,1.02194,0.22144,0.01771,0.75819,0.00265
65.52000,1.02194,0.62034,0.02569,0.35111,0.00285
65.66000,1.02193,0.90727,0.01811,0.07329,0.00134
65.80000,1.02193,0.97740,0.00939,0.01262,0.00058
65.94000,1.02193,0.99206,0.00485,0.00279,0.00030
66.08000,1.02193,0.99685,0.00200,0.00097,0.00017
66.22000,1.02193,0.99638,0.00266,0.00087,0.00009
66.36000,1.02193,0.99620,0.00294,0.00079,0.00007
66.50000,1.02193,0.99672,0.00259,0.00063,0.00006
66.64000,1.02193,0.99674,0.00258,0.00061,0.00006
66.78000,1.02194,0.99681,0.00251,0.00061,0.00007
66.92000,1.02194,0.99716,0.00220,0.00057,0.00007
67.06000,1.02194,0.99714,0.00221,0.00057,0.00007
67.20000,1.02194,0.99701,0.00233,0.00059,0.00007
67.34000,1.02194,0.99692,0.00240,0.00061,0.00007
67.48000,1.02193,0.99706,0.00231,0.00057,0.00007
67.62000,1.02193,0.99729,0.00211,0.00053,0.00007
67.76000,1.02193,0.99742,0.00199,0.00052,0.00007
67.90000,1.02193,0.99742,0.00200,0.00051,0.00007
68.04000,1.02193,0.99743,0.00200,0.00051,0.00007
68.18000,1.02193,0.99743,0.00200,0.00051,0.00006
68.32000,1.02193,0.99750,0.00193,0.00050,0.00006
68.46000,1.02194,0.99750,0.00194,0.00050,0.00006
68.60000,1.02194,0.99750,0.00193,0.00050,0.00006
68.74000,1.02194,0.99745,0.00198,0.00051,0.00006
68.88000,1.02194,0.99741,0.00201,0.00051,0.00006
69.02000,1.02194,0.99754,0.00190,0.00049,0.00007
69.16000,1.02193,0.99755,0.00189,0.00049,0.00007
69.30000,1.02193,0.99747,0.00196,0.00050,0.00006
69.44000,1.02193,0.99743,0.00200,0.00051,0.00007
69.58000,1.02193,0.99726,0.00214,0.00053,0.00006
69.72000,1.02193,0.99737,0.00204,0.00052,0.00007
69.86000,1.02193,0.99732,0.00208,0.00053,0.00007
70.00000,1.02193,0.99724,0.00216,0.00054,0.00007
70.14000,1.02193,0.99721,0.00218,0.00055,0.00007
70.28000,1.02194,0.99706,0.00231,0.00057,0.00007
70.42000,1.02194,0.99708,0.00228,0.00057,0.00007
70.56000,1.02194,0.99685,0.00248,0.00060,0.00007
70.70000,1.02194,0.99617,0.00286,0.00088,0.00009
70.84000,1.02194,0.98929,0.00912,0.00142,0.00018
70.98000,1.02193,0.98967,0.00845,0.00166,0.00022
71.12000,1.02193,0.98880,0.00910,0.00187,0.00023
71.26000,1.02193,0.98536,0.01191,0.00242,0.00031
71.40000,1.02193,0.99001,0.00803,0.00171,0.00025
71.54000,1.02193,0.98916,0.00800,0.00229,0.00055
71.68000,1.02193,0.99679,0.00246,0.00066,0.00009
71.82000,1.02193,0.99647,0.00276,0.00070,0.00007
71.96000,1.02194,0.99650,0.00276,0.00067,0.00007
72.10000,1.02194,0.99718,0.00214,0.00059,0.00009
72.24000,1.02194,0.99717,0.00219,0.00058,0.00007
72.38000,1.02194,0.99712,0.00223,0.00058,0.00007
72.52000,1.02194,0.99695,0.00238,0.00060,0.00007
72.66000,1.02193,0.99661,0.00263,0.00068,0.00008
72.80000,1.02193,0.99696,0.00239,0.00058,0.00007
72.94000,1.02193,0.99725,0.00215,0.00054,0.00007
73.08000,1.02193,0.99733,0.00206,0.00054,0.00007
73.22000,1.02193,0.99716,0.00222,0.00056,0.00007
73.36000,1.02193,0.99718,0.00219,0.00055,0.00007
73.50000,1.02193,0.99717,0.00221,0.00056,0.00007
73.64000,1.02193,0.99721,0.00217,0.00055,0.00007
73.78000,1.02194,0.99723,0.00216,0.00055,0.00007
73.92000,1.02194,0.99718,0.00220,0.00055,0.00007
74.06000,1.02194,0.99709,0.00227,0.00056,0.00007
74.20000,1.02194,0.99718,0.00219,0.00056,0.00007
74.34000,1.02194,0.99713,0.00224,0.00056,0.00007
74.48000,1.02193,0.99704,0.00232,0.00057,0.00007
74.62000,1.02193,0.99693,0.00241,0.00059,0.00007
74.76000,1.02193,0.99703,0.00231,0.00058,0.00007
74.90000,1.02193,0.99685,0.00248,0.00060,0.00007
75.04000,1.02193,0.99688,0.00245,0.00060,0.00007
75.18000,1.02193,0.99679,0.00252,0.00062,0.00007
75.32000,1.02193,0.99698,0.00236,0.00059,0.00007
75.46000,1.02194,0.99700,0.00234,0.00058,0.00007
75.60000,1.02194,0.99708,0.00228,0.00057,0.00007
75.74000,1.02194,0.99705,0.00229,0.00058,0.00007
75.88000,1.02194,0.99720,0.00217,0.00056,0.00007
76.02000,1.02194,0.99706,0.00229,0.00058,0.00007
76.16000,1.02193,0.99694,0.00240,0.00060,0.00007
76.30000,1.02193,0.99682,0.00249,0.00062,0.00007
76.44000,1.02193,0.99687,0.00245,0.00061,0.00007
76.58000,1.02193,0.99685,0.00246,0.00062,0.00007
76.72000,1.02193,0.99696,0.00232,0.00065,0.00008
76.86000,1.02193,0.99603,0.00314,0.00075,0.00008
77.00000,1.02193,0.99640,0.00281,0.00071,0.00008
77.14000,1.02193,0.99656,0.00268,0.00068,0.00008
77.28000,1.02194,0.99657,0.00264,0.00071,0.00008
77.42000,1.02194,0.99661,0.00261,0.00069,0.00008
77.56000,1.02194,0.99677,0.00238,0.00074,0.00011
77.70000,1.02194,0.99688,0.00243,0.00061,0.00007
77.84000,1.02194,0.99711,0.00224,0.00058,0.00007
77.98000,1.02193,0.99720,0.00217,0.00056,0.00007
78.12000,1.02193,0.99708,0.00227,0.00058,0.00007
78.26000,1.02193,0.99706,0.00230,0.00057,0.00007
78.40000,1.02193,0.99744,0.00197,0.00052,0.00007
78.54000,1.02193,0.99732,0.00209,0.00052,0.00006
78.68000,1.02193,0.99745,0.00197,0.00051,0.00006
78.82000,1.02193,0.99734,0.00207,0.00052,0.00006
78.96000,1.02194,0.99742,0.00200,0.00051,0.00006
79.10000,1.02194,0.99747,0.00196,0.00051,0.00006
79.24000,1.02194,0.99758,0.00186,0.00049,0.00007
79.38000,1.02194,0.99747,0.00196,0.00051,0.00006
79.52000,1.02194,0.99758,0.00186,0.00049,0.00007
79.66000,1.02193,0.99746,0.00197,0.00051,0.00006
79.80000,1.02193,0.99753,0.00191,0.00049,0.00006
79.94000,1.02193,0.99752,0.00192,0.00049,0.00006
80.08000,1.02193,0.99746,0.00197,0.00050,0.00006
80.22000,1.02193,0.99787,0.00148,0.00059,0.00007
80.36000,1.02193,0.99046,0.00751,0.00167,0.00036
80.50000,1.02193,0.98903,0.00733,0.00292,0.00072
80.64000,1.02193,0.97434,0.00924,0.01431,0.00211
80.78000,1.02194,0.87301,0.01874,0.10429,0.00396
80.92000,1.02194,0.65328,0.02531,0.31205,0.00936
81.06000,1.02194,0.26871,0.02067,0.69444,0.01618
81.20000,1.02194,0.08075,0.00730,0.91022,0.00172
81.34000,1.02194,0.01914,0.00484,0.97544,0.00058
81.48000,1.02193,0.01169,0.00390,0.98411,0.00030
81.62000,1.02193,0.01060,0.00362,0.98553,0.00025
81.76000,1.02193,0.01015,0.00347,0.98614,0.00024
81.90000,1.02193,0.01039,0.00351,0.98585,0.00024
82.04000,1.02193,0.01058,0.00352,0.98564,0.00026
82.18000,1.02193,0.01150,0.00398,0.98423,0.00029
82.32000,1.02193,0.03139,0.00562,0.96212,0.00087
82.46000,1.02194,0.12982,0.00596,0.86165,0.00258
82.60000,1.02194,0.11662,0.01045,0.86893,0.00400
82.74000,1.02194,0.11963,0.01070,0.86482,0.00484
82.88000,1.02194,0.09922,0.00857,0.88934,0.00287
83.02000,1.02194,0.13520,0.01064,0.84911,0.00505
83.16000,1.02193,0.10044,0.00853,0.88712,0.00391
83.30000,1.02193,0.04286,0.00673,0.94802,0.00240
83.44000,1.02193,0.01070,0.00332,0.98573,0.00024
83.58000,1.02193,0.00951,0.00323,0.98705,0.00021
83.72000,1.02193,0.00949,0.00328,0.98701,0.00021
83.86000,1.02193,0.00967,0.00331,0.98678,0.00024
84.00000,1.02193,0.00937,0.00324,0.98718,0.00022
84.14000,1.02193,0.00920,0.00331,0.98728,0.00022
84.28000,1.02194,0.01021,0.00322,0.98633,0.00024
84.42000,1.02194,0.00935,0.00325,0.98718,0.00022
84.56000,1.02194,0.00988,0.00336,0.98653,0.00023
84.70000,1.02194,0.00934,0.00326,0.98719,0.00021
84.84000,1.02194,0.00912,0.00310,0.98758,0.00021
84.98000,1.02193,0.00891,0.00323,0.98766,0.00021
85.12000,1.02193,0.00929,0.00323,0.98727,0.00021
85.26000,1.02193,0.00924,0.00296,0.98759,0.00020
85.40000,1.02193,0.00893,0.00301,0.98786,0.00020
85.54000,1.02193,0.00883,0.00307,0.98790,0.00020
85.68000,1.02193,0.00891,0.00304,0.98785,0.00020
85.82000,1.02193,0.00922,0.00296,0.98762,0.00020
85.96000,1.02194,0.00886,0.00314,0.98780,0.00020
86.10000,1.02194,0.00874,0.00303,0.98804,0.00019
86.24000,1.02194,0.00892,0.00296,0.98793,0.00019
86.38000,1.02194,0.00883,0.00300,0.98798,0.00019
86.52000,1.02194,0.00874,0.00304,0.98803,0.00019
86.66000,1.02193,0.00879,0.00303,0.98799,0.00019
86.80000,1.02193,0.00897,0.00311,0.98773,0.00019
86.94000,1.02193,0.00879,0.00317,0.98784,0.00019
87.08000,1.02193,0.00897,0.00313,0.98771,0.00019
87.22000,1.02193,0.00877,0.00312,0.98792,0.00019
87.36000,1.02193,0.00894,0.00314,0.98773,0.00019
87.50000,1.02193,0.00885,0.00308,0.98788,0.00019
87.64000,1.02193,0.00861,0.00309,0.98812,0.00018
87.78000,1.02194,0.00848,0.00286,0.98849,0.00018
87.92000,1.02194,0.00832,0.00278,0.98873,0.00018
88.06000,1.02194,0.00828,0.00282,0.98872,0.00018
88.20000,1.02194,0.00837,0.00286,0.98859,0.00018
88.34000,1.02194,0.00842,0.00277,0.98862,0.00018
88.48000,1.02193,0.00861,0.00293,0.98826,0.00019
88.62000,1.02193,0.00860,0.00302,0.98818,0.00020
88.76000,1.02193,0.00890,0.00287,0.98804,0.00019
88.90000,1.02193,0.00862,0.00294,0.98824,0.00019
89.04000,1.02193,0.00909,0.00307,0.98763,0.00021
89.18000,1.02193,0.00904,0.00314,0.98761,0.00021
89.32000,1.02193,0.00880,0.00285,0.98817,0.00018
89.46000,1.02194,0.00849,0.00292,0.98841,0.00018
89.60000,1.02194,0.00893,0.00300,0.98788,0.00020
89.74000,1.02194,0.00904,0.00315,0.98761,0.00020
89.88000,1.02194,0.00899,0.00313,0.98769,0.00019
90.02000,1.02194,0.00856,0.00301,0.98824,0.00018
90.16000,1.02193,0.00877,0.00315,0.98789,0.00019
90.30000,1.02193,0.00891,0.00321,0.98767,0.00021
90.44000,1.02193,0.00960,0.00319,0.98698,0.00022
90.58000,1.02193,0.00925,0.00337,0.98715,0.00022
90.72000,1.02193,0.00895,0.00321,0.98763,0.00021
90.86000,1.02193,0.00908,0.00321,0.98750,0.00021
91.00000,1.02193,0.00915,0.00319,0.98746,0.00020
91.14000,1.02193,0.00934,0.00318,0.98727,0.00021
91.28000,1.02194,0.00878,0.00302,0.98801,0.00019
91.42000,1.02194,0.00847,0.00304,0.98830,0.00019
91.56000,1.02194,0.00859,0.00304,0.98819,0.00019
91.70000,1.02194,0.00848,0.00296,0.98837,0.00019
91.84000,1.02194,0.00831,0.00292,0.98859,0.00018
91.98000,1.02193,0.00841,0.00275,0.98866,0.00017
92.12000,1.02193,0.00811,0.00278,0.98894,0.00017
92.26000,1.02193,0.00817,0.00288,0.98878,0.00017
92.40000,1.02193,0.00818,0.00280,0.98885,0.00017
92.54000,1.02193,0.00779,0.00284,0.98921,0.00016
92.68000,1.02193,0.00796,0.00279,0.98908,0.00017
92.82000,1.02193,0.00793,0.00272,0.98918,0.00017
92.96000,1.02194,0.00797,0.00285,0.98901,0.00017
93.10000,1.02194,0.00794,0.00275,0.98914,0.00017
93.24000,1.02194,0.00754,0.00256,0.98975,0.00015
93.38000,1.02194,0.00744,0.00258,0.98983,0.00015
93.52000,1.02194,0.00739,0.00268,0.98977,0.00016
93.66000,1.02193,0.00748,0.00264,0.98973,0.00015
93.80000,1.02193,0.00792,0.00277,0.98914,0.00016
93.94000,1.02193,0.00766,0.00281,0.98937,0.00016
94.08000,1.02193,0.00823,0.00290,0.98870,0.00017
94.22000,1.02193,0.00873,0.00298,0.98811,0.00018
94.36000,1.02193,0.00878,0.00307,0.98796,0.00019
94.50000,1.02193,0.00937,0.00326,0.98715,0.00022
94.64000,1.02193,0.00926,0.00334,0.98718,0.00022
94.78000,1.02194,0.00914,0.00346,0.98718,0.00021
94.92000,1.02194,0.00995,0.00332,0.98651,0.00023
95.06000,1.02194,0.00958,0.00347,0.98673,0.00022
95.20000,1.02194,0.00976,0.00365,0.98638,0.00022
95.34000,1.02194,0.01157,0.00407,0.98409,0.00027
95.48000,1.02193,0.03131,0.00536,0.96245,0.00088
95.62000,1.02193,0.08608,0.00854,0.90363,0.00175
95.76000,1.02193,0.29128,0.02067,0.68504,0.00301
95.90000,1.02193,0.70272,0.02922,0.26530,0.00276
96.04000,1.02193,0.92638,0.01842,0.05381,0.00139
96.18000,1.02193,0.98048,0.00956,0.00938,0.00058
96.32000,1.02193,0.99374,0.00385,0.00213,0.00028
96.46000,1.02194,0.99624,0.00252,0.00110,0.00014
96.60000,1.02194,0.99641,0.00256,0.00093,0.00010
96.74000,1.02194,0.99707,0.00225,0.00061,0.00006
96.88000,1.02194,0.99721,0.00216,0.00056,0.00007
97.02000,1.02194,0.99697,0.00238,0.00059,0.00007
97.16000,1.02193,0.99701,0.00235,0.00058,0.00007
97.30000,1.02193,0.99702,0.00232,0.00058,0.00007
97.44000,1.02193,0.99708,0.00228,0.00057,0.00007
97.58000,1.02193,0.99710,0.00226,0.00057,0.00007
97.72000,1.02193,0.99702,0.00233,0.00058,0.00007
97.86000,1.02193,0.99711,0.00226,0.00057,0.00007
98.00000,1.02193,0.99711,0.00225,0.00057,0.00007
98.14000,1.02193,0.99716,0.00220,0.00056,0.00007
98.28000,1.02194,0.99704,0.00230,0.00059,0.00007
98.42000,1.02194,0.99705,0.00229,0.00059,0.00007
98.56000,1.02194,0.99716,0.00219,0.00058,0.00008
98.70000,1.02194,0.99717,0.00219,0.00057,0.00007
98.84000,1.02194,0.99718,0.00217,0.00057,0.00007
98.98000,1.02193,0.99735,0.00203,0.00055,0.00007
99.12000,1.02193,0.99732,0.00207,0.00054,0.00007
99.26000,1.02193,0.99715,0.00222,0.00056,0.00007
99.40000,1.02193,0.99713,0.00222,0.00058,0.00007
99.54000,1.02193,0.99724,0.00213,0.00056,0.00007
99.68000,1.02193,0.99704,0.00230,0.00059,0.00007
99.82000,1.02193,0.99686,0.00244,0.00062,0.00008
99.96000,1.02194,0.99677,0.00250,0.00064,0.00008
100.10000,1.02194,0.99679,0.00251,0.00062,0.00007
100.24000,1.02194,0.99677,0.00253,0.00063,0.00007
100.38000,1.02194,0.99698,0.00234,0.00060,0.00008
100.52000,1.02194,0.99686,0.00245,0.00061,0.00008
100.66000,1.02193,0.99680,0.00250,0.00062,0.00008
100.80000,1.02193,0.99687,0.00244,0.00062,0.00008
100.94000,1.02193,0.99700,0.00234,0.00059,0.00007
101.08000,1.02193,0.99689,0.00243,0.00061,0.00007
101.22000,1.02193,0.99710,0.00225,0.00058,0.00007
101.36000,1.02193,0.99696,0.00237,0.00060,0.00007
