Time (seconds), Duration (seconds),pred_unlabelled,pred_Air,pred_Floor,pred_Carpet
0.00000,1.05394,0.00289,0.00093,0.99561,0.00057
0.10000,1.05394,0.00828,0.00680,0.98281,0.00210
0.20000,1.05394,0.01390,0.00727,0.97619,0.00264
0.30000,1.05394,0.01301,0.00674,0.97698,0.00326
0.40000,1.05394,0.01490,0.00588,0.97635,0.00286
0.50000,1.05394,0.01282,0.00343,0.98110,0.00264
0.60000,1.05394,0.00864,0.00219,0.98754,0.00162
0.70000,1.05394,0.00952,0.00163,0.98699,0.00186
0.80000,1.05394,0.00660,0.00123,0.99050,0.00167
0.90000,1.05394,0.00385,0.00055,0.99455,0.00105
1.00000,1.05394,0.00204,0.00016,0.99705,0.00076
1.10000,1.05394,0.00118,0.00014,0.99816,0.00052
1.20000,1.05394,0.00113,0.00022,0.99807,0.00059
1.30000,1.05394,0.00149,0.00037,0.99755,0.00060
1.40000,1.05394,0.00156,0.00051,0.99743,0.00049
1.50000,1.05394,0.00278,0.00095,0.99533,0.00094
1.60000,1.05394,0.00227,0.00058,0.99657,0.00058
1.70000,1.05394,0.00133,0.00062,0.99761,0.00043
1.80000,1.05394,0.00158,0.00066,0.99744,0.00031
1.90000,1.05394,0.00218,0.00091,0.99648,0.00043
2.00000,1.05394,0.00170,0.00064,0.99743,0.00023
2.10000,1.05394,0.00201,0.00049,0.99713,0.00037
2.20000,1.05394,0.00149,0.00025,0.99800,0.00026
2.30000,1.05394,0.00217,0.00043,0.99691,0.00049
2.40000,1.05394,0.00276,0.00179,0.99478,0.00067
2.50000,1.05394,0.00469,0.00405,0.99000,0.00126
2.60000,1.05394,0.00499,0.00414,0.98877,0.00210
2.70000,1.05394,0.00611,0.00439,0.98717,0.00233
2.80000,1.05394,0.00444,0.00220,0.99153,0.00183
2.90000,1.05394,0.00427,0.00206,0.99162,0.00205
3.00000,1.05394,0.00496,0.00350,0.98891,0.00262
3.10000,1.05394,0.00553,0.00792,0.98385,0.00271
3.20000,1.05394,0.00402,0.00250,0.99171,0.00177
3.30000,1.05394,0.00213,0.00059,0.99636,0.00092
3.40000,1.05394,0.00250,0.00043,0.99620,0.00087
3.50000,1.05394,0.00240,0.00049,0.99633,0.00078
3.60000,1.05394,0.00237,0.00094,0.99591,0.00079
3.70000,1.05394,0.00263,0.00131,0.99503,0.00102
3.80000,1.05394,0.00265,0.00145,0.99513,0.00077
3.90000,1.05394,0.00269,0.00152,0.99497,0.00082
4.00000,1.05394,0.00245,0.00156,0.99516,0.00083
4.10000,1.05394,0.00466,0.00353,0.99021,0.00160
4.20000,1.05394,0.00342,0.00495,0.99038,0.00124
4.30000,1.05394,0.00661,0.00591,0.98528,0.00220
4.40000,1.05394,0.00506,0.00925,0.98408,0.00162
4.50000,1.05394,0.00901,0.00596,0.98255,0.00248
4.60000,1.05394,0.00712,0.00656,0.98403,0.00229
4.70000,1.05394,0.00958,0.00812,0.97983,0.00247
4.80000,1.05394,0.00651,0.01211,0.97834,0.00304
4.90000,1.05394,0.00586,0.00374,0.98832,0.00207
5.00000,1.05394,0.00417,0.00207,0.99227,0.00150
5.10000,1.05394,0.00183,0.00069,0.99688,0.00061
5.20000,1.05394,0.00201,0.00099,0.99635,0.00065
5.30000,1.05394,0.00165,0.00091,0.99701,0.00044
5.40000,1.05394,0.00216,0.00139,0.99551,0.00094
5.50000,1.05394,0.00085,0.00031,0.99861,0.00024
5.60000,1.05394,0.00097,0.00041,0.99822,0.00040
5.70000,1.05394,0.00052,0.00012,0.99923,0.00013
5.80000,1.05394,0.00095,0.00032,0.99849,0.00024
5.90000,1.05394,0.00044,0.00011,0.99935,0.00010
6.00000,1.05394,0.00100,0.00050,0.99809,0.00041
6.10000,1.05394,0.00067,0.00017,0.99893,0.00022
6.20000,1.05394,0.00084,0.00015,0.99869,0.00031
6.30000,1.05394,0.00059,0.00006,0.99918,0.00017
6.40000,1.05394,0.00078,0.00013,0.99885,0.00024
6.50000,1.05394,0.00108,0.00013,0.99856,0.00023
6.60000,1.05394,0.00100,0.00010,0.99859,0.00031
6.70000,1.05394,0.00124,0.00010,0.99832,0.00035
6.80000,1.05394,0.00124,0.00021,0.99782,0.00073
6.90000,1.05394,0.00117,0.00027,0.99821,0.00036
7.00000,1.05394,0.00165,0.00046,0.99707,0.00081
7.10000,1.05394,0.00159,0.00032,0.99761,0.00047
7.20000,1.05394,0.00180,0.00046,0.99687,0.00087
7.30000,1.05394,0.00150,0.00063,0.99717,0.00069
7.40000,1.05394,0.00131,0.00069,0.99733,0.00068
7.50000,1.05394,0.00134,0.00085,0.99722,0.00059
7.60000,1.05394,0.00225,0.00135,0.99459,0.00181
7.70000,1.05394,0.00234,0.00128,0.99481,0.00157
7.80000,1.05394,0.00342,0.00190,0.99219,0.00249
7.90000,1.05394,0.00375,0.00248,0.99189,0.00188
8.00000,1.05394,0.00520,0.00451,0.98664,0.00366
8.10000,1.05394,0.00444,0.00509,0.98739,0.00308
8.20000,1.05394,0.00498,0.00195,0.98945,0.00362
8.30000,1.05394,0.00510,0.00143,0.99066,0.00281
8.40000,1.05394,0.00509,0.00093,0.99112,0.00285
8.50000,1.05394,0.00248,0.00051,0.99555,0.00146
8.60000,1.05394,0.00277,0.00061,0.99556,0.00105
8.70000,1.05394,0.00258,0.00085,0.99558,0.00099
8.80000,1.05394,0.00155,0.00038,0.99739,0.00069
8.90000,1.05394,0.00160,0.00043,0.99709,0.00089
9.00000,1.05394,0.00165,0.00032,0.99739,0.00063
9.10000,1.05394,0.00125,0.00023,0.99791,0.00061
9.20000,1.05394,0.00098,0.00041,0.99805,0.00055
9.30000,1.05394,0.00139,0.00075,0.99702,0.00084
9.40000,1.05394,0.00160,0.00070,0.99672,0.00098
9.50000,1.05394,0.00193,0.00076,0.99604,0.00127
9.60000,1.05394,0.00169,0.00039,0.99672,0.00120
9.70000,1.05394,0.00165,0.00035,0.99693,0.00107
9.80000,1.05394,0.00164,0.00032,0.99699,0.00105
9.90000,1.05394,0.00214,0.00050,0.99616,0.00121
10.00000,1.05394,0.00333,0.00106,0.99359,0.00202
10.10000,1.05394,0.00258,0.00090,0.99494,0.00158
10.20000,1.05394,0.00218,0.00061,0.99611,0.00111
10.30000,1.05394,0.00163,0.00111,0.99626,0.00100
10.40000,1.05394,0.00200,0.00066,0.99649,0.00085
10.50000,1.05394,0.00196,0.00156,0.99536,0.00112
10.60000,1.05394,0.00229,0.00233,0.99427,0.00111
10.70000,1.05394,0.00184,0.00236,0.99488,0.00091
10.80000,1.05394,0.00113,0.00061,0.99784,0.00042
10.90000,1.05394,0.00093,0.00066,0.99791,0.00051
11.00000,1.05394,0.00068,0.00050,0.99851,0.00031
11.10000,1.05394,0.00074,0.00056,0.99836,0.00034
11.20000,1.05394,0.00089,0.00059,0.99813,0.00039
11.30000,1.05394,0.00079,0.00038,0.99840,0.00042
11.40000,1.05394,0.00089,0.00036,0.99823,0.00052
11.50000,1.05394,0.00127,0.00026,0.99780,0.00066
11.60000,1.05394,0.00118,0.00033,0.99773,0.00075
11.70000,1.05394,0.00190,0.00045,0.99637,0.00128
11.80000,1.05394,0.00301,0.00092,0.99356,0.00252
11.90000,1.05394,0.00347,0.00089,0.99393,0.00170
12.00000,1.05394,0.00470,0.00108,0.99165,0.00257
12.10000,1.05394,0.00549,0.00093,0.99137,0.00221
12.20000,1.05394,0.00370,0.00030,0.99463,0.00137
12.30000,1.05394,0.00303,0.00036,0.99539,0.00122
12.40000,1.05394,0.00204,0.00050,0.99641,0.00106
12.50000,1.05394,0.00248,0.00044,0.99628,0.00080
12.60000,1.05394,0.00227,0.00041,0.99658,0.00073
12.70000,1.05394,0.00213,0.00033,0.99703,0.00051
12.80000,1.05394,0.00144,0.00022,0.99793,0.00041
12.90000,1.05394,0.00113,0.00008,0.99844,0.00035
13.00000,1.05394,0.00102,0.00016,0.99850,0.00032
13.10000,1.05394,0.00151,0.00040,0.99772,0.00037
13.20000,1.05394,0.00147,0.00050,0.99753,0.00050
13.30000,1.05394,0.00120,0.00020,0.99823,0.00037
13.40000,1.05394,0.00120,0.00023,0.99822,0.00035
13.50000,1.05394,0.00090,0.00020,0.99864,0.00026
13.60000,1.05394,0.00112,0.00016,0.99834,0.00037
13.70000,1.05394,0.00123,0.00031,0.99786,0.00060
13.80000,1.05394,0.00180,0.00108,0.99633,0.00079
13.90000,1.05394,0.00176,0.00226,0.99517,0.00081
14.00000,1.05394,0.00178,0.00100,0.99633,0.00089
14.10000,1.05394,0.00175,0.00110,0.99618,0.00098
14.20000,1.05394,0.00271,0.00110,0.99513,0.00106
14.30000,1.05394,0.00297,0.00075,0.99513,0.00115
14.40000,1.05394,0.00410,0.00109,0.99315,0.00166
14.50000,1.05394,0.00408,0.00165,0.99270,0.00156
14.60000,1.05394,0.00565,0.00521,0.98640,0.00274
14.70000,1.05394,0.00433,0.00334,0.98996,0.00237
14.80000,1.05394,0.00778,0.00516,0.98298,0.00408
14.90000,1.05394,0.00368,0.00147,0.99315,0.00169
15.00000,1.05394,0.00384,0.00177,0.99218,0.00221
15.10000,1.05394,0.00354,0.00197,0.99260,0.00189
15.20000,1.05394,0.00455,0.00333,0.98966,0.00246
15.30000,1.05394,0.00282,0.00173,0.99427,0.00118
15.40000,1.05394,0.00335,0.00278,0.99184,0.00202
15.50000,1.05394,0.00259,0.00133,0.99466,0.00141
15.60000,1.05394,0.00263,0.00091,0.99509,0.00137
15.70000,1.05394,0.00206,0.00023,0.99698,0.00072
15.80000,1.05394,0.00236,0.00050,0.99628,0.00086
15.90000,1.05394,0.00225,0.00057,0.99636,0.00081
16.00000,1.05394,0.00211,0.00057,0.99615,0.00118
16.10000,1.05394,0.00208,0.00043,0.99673,0.00076
16.20000,1.05394,0.00268,0.00085,0.99526,0.00121
16.30000,1.05394,0.00169,0.00055,0.99715,0.00061
16.40000,1.05394,0.00205,0.00100,0.99609,0.00086
16.50000,1.05394,0.00191,0.00079,0.99664,0.00067
16.60000,1.05394,0.00200,0.00080,0.99644,0.00076
16.70000,1.05394,0.00189,0.00084,0.99669,0.00059
16.80000,1.05394,0.00195,0.00052,0.99705,0.00048
16.90000,1.05394,0.00197,0.00047,0.99688,0.00068
17.00000,1.05394,0.00180,0.00058,0.99690,0.00071
17.10000,1.05394,0.00189,0.00071,0.99666,0.00074
17.20000,1.05394,0.00165,0.00047,0.99710,0.00078
17.30000,1.05394,0.00137,0.00022,0.99777,0.00064
17.40000,1.05394,0.00130,0.00013,0.99801,0.00056
17.50000,1.05394,0.00113,0.00013,0.99840,0.00034
17.60000,1.05394,0.00205,0.00038,0.99654,0.00103
17.70000,1.05394,0.00248,0.00060,0.99549,0.00143
17.80000,1.05394,0.00595,0.00428,0.98659,0.00318
17.90000,1.05394,0.00483,0.00218,0.99101,0.00198
18.00000,1.05394,0.00662,0.00439,0.98599,0.00300
18.10000,1.05394,0.00852,0.00729,0.98045,0.00374
18.20000,1.05394,0.01144,0.01415,0.97043,0.00399
18.30000,1.05394,0.00759,0.00939,0.98053,0.00249
18.40000,1.05394,0.00803,0.00789,0.98194,0.00213
18.50000,1.05394,0.00591,0.00244,0.99015,0.00150
18.60000,1.05394,0.00469,0.00119,0.99298,0.00115
18.70000,1.05394,0.00142,0.00030,0.99794,0.00035
18.80000,1.05394,0.00171,0.00023,0.99763,0.00043
18.90000,1.05394,0.00173,0.00024,0.99768,0.00035
19.00000,1.05394,0.00174,0.00011,0.99761,0.00054
19.10000,1.05394,0.00126,0.00006,0.99835,0.00033
19.20000,1.05394,0.00158,0.00014,0.99761,0.00067
19.30000,1.05394,0.00132,0.00012,0.99810,0.00045
19.40000,1.05394,0.00191,0.00026,0.99684,0.00099
19.50000,1.05394,0.00124,0.00029,0.99798,0.00049
19.60000,1.05394,0.00250,0.00048,0.99573,0.00129
19.70000,1.05394,0.00239,0.00027,0.99624,0.00109
19.80000,1.05394,0.00163,0.00017,0.99753,0.00067
19.90000,1.05394,0.00169,0.00012,0.99755,0.00064
20.00000,1.05394,0.00246,0.00027,0.99630,0.00098
20.10000,1.05394,0.00195,0.00013,0.99731,0.00060
20.20000,1.05394,0.00151,0.00009,0.99799,0.00041
20.30000,1.05394,0.00131,0.00005,0.99827,0.00037
20.40000,1.05394,0.00113,0.00005,0.99852,0.00030
20.50000,1.05394,0.00110,0.00005,0.99853,0.00032
20.60000,1.05394,0.00072,0.00007,0.99903,0.00018
20.70000,1.05394,0.00073,0.00008,0.99902,0.00017
20.80000,1.05394,0.00060,0.00007,0.99917,0.00016
20.90000,1.05394,0.00042,0.00005,0.99944,0.00010
21.00000,1.05394,0.00048,0.00005,0.99936,0.00011
21.10000,1.05394,0.00057,0.00018,0.99910,0.00016
21.20000,1.05394,0.00072,0.00034,0.99871,0.00022
21.30000,1.05394,0.00066,0.00036,0.99880,0.00017
21.40000,1.05394,0.00064,0.00031,0.99882,0.00023
21.50000,1.05394,0.00083,0.00031,0.99859,0.00026
21.60000,1.05394,0.00097,0.00050,0.99808,0.00045
21.70000,1.05394,0.00181,0.00078,0.99646,0.00095
21.80000,1.05394,0.00121,0.00067,0.99727,0.00084
21.90000,1.05394,0.00150,0.00091,0.99651,0.00107
22.00000,1.05394,0.00109,0.00042,0.99789,0.00060
22.10000,1.05394,0.00136,0.00025,0.99741,0.00098
22.20000,1.05394,0.00138,0.00034,0.99704,0.00125
22.30000,1.05394,0.00150,0.00026,0.99659,0.00165
22.40000,1.05394,0.00140,0.00023,0.99750,0.00086
22.50000,1.05394,0.00188,0.00035,0.99645,0.00133
22.60000,1.05394,0.00114,0.00018,0.99808,0.00060
22.70000,1.05394,0.00123,0.00035,0.99764,0.00079
22.80000,1.05394,0.00123,0.00026,0.99797,0.00054
22.90000,1.05394,0.00152,0.00045,0.99735,0.00069
23.00000,1.05394,0.00116,0.00057,0.99788,0.00039
23.10000,1.05394,0.00112,0.00043,0.99813,0.00032
23.20000,1.05394,0.00133,0.00053,0.99781,0.00033
23.30000,1.05394,0.00141,0.00030,0.99789,0.00039
23.40000,1.05394,0.00214,0.00034,0.99700,0.00052
23.50000,1.05394,0.00131,0.00017,0.99829,0.00023
23.60000,1.05394,0.00143,0.00011,0.99824,0.00022
23.70000,1.05394,0.00177,0.00016,0.99775,0.00032
23.80000,1.05394,0.00253,0.00022,0.99682,0.00043
23.90000,1.05394,0.00243,0.00014,0.99707,0.00036
24.00000,1.05394,0.00251,0.00012,0.99691,0.00047
24.10000,1.05394,0.00268,0.00011,0.99675,0.00046
24.20000,1.05394,0.00155,0.00007,0.99808,0.00031
24.30000,1.05394,0.00135,0.00009,0.99823,0.00034
24.40000,1.05394,0.00142,0.00011,0.99815,0.00032
24.50000,1.05394,0.00117,0.00013,0.99846,0.00025
24.60000,1.05394,0.00085,0.00017,0.99868,0.00030
24.70000,1.05394,0.00088,0.00023,0.99858,0.00031
24.80000,1.05394,0.00093,0.00031,0.99846,0.00030
24.90000,1.05394,0.00106,0.00035,0.99827,0.00032
25.00000,1.05394,0.00128,0.00058,0.99782,0.00032
25.10000,1.05394,0.00129,0.00143,0.99666,0.00062
25.20000,1.05394,0.00150,0.00099,0.99707,0.00043
25.30000,1.05394,0.00121,0.00097,0.99730,0.00053
25.40000,1.05394,0.00106,0.00048,0.99822,0.00024
25.50000,1.05394,0.00110,0.00048,0.99802,0.00040
25.60000,1.05394,0.00130,0.00022,0.99817,0.00031
25.70000,1.05394,0.00231,0.00056,0.99645,0.00069
25.80000,1.05394,0.00210,0.00045,0.99695,0.00050
25.90000,1.05394,0.00270,0.00058,0.99623,0.00048
26.00000,1.05394,0.00239,0.00041,0.99659,0.00061
26.10000,1.05394,0.00222,0.00039,0.99676,0.00064
26.20000,1.05394,0.00191,0.00030,0.99731,0.00049
26.30000,1.05394,0.00226,0.00027,0.99696,0.00051
26.40000,1.05394,0.00204,0.00047,0.99703,0.00046
26.50000,1.05394,0.00233,0.00040,0.99668,0.00059
26.60000,1.05394,0.00141,0.00042,0.99774,0.00043
26.70000,1.05394,0.00172,0.00049,0.99729,0.00050
26.80000,1.05394,0.00084,0.00017,0.99871,0.00027
26.90000,1.05394,0.00141,0.00028,0.99776,0.00056
27.00000,1.05394,0.00100,0.00020,0.99846,0.00034
27.10000,1.05394,0.00170,0.00046,0.99715,0.00069
27.20000,1.05394,0.00142,0.00046,0.99755,0.00057
27.30000,1.05394,0.00160,0.00059,0.99719,0.00062
27.40000,1.05394,0.00268,0.00177,0.99402,0.00153
27.50000,1.05394,0.00138,0.00185,0.99591,0.00086
27.60000,1.05394,0.00214,0.00286,0.99381,0.00119
27.70000,1.05394,0.00251,0.00862,0.98729,0.00158
27.80000,1.05394,0.00300,0.00718,0.98812,0.00170
27.90000,1.05394,0.00221,0.00763,0.98881,0.00135
28.00000,1.05394,0.00390,0.00444,0.98958,0.00207
28.10000,1.05394,0.00217,0.00330,0.99313,0.00140
28.20000,1.05394,0.00156,0.00126,0.99644,0.00074
28.30000,1.05394,0.00098,0.00084,0.99765,0.00053
28.40000,1.05394,0.00133,0.00050,0.99759,0.00058
28.50000,1.05394,0.00157,0.00046,0.99718,0.00078
28.60000,1.05394,0.00090,0.00007,0.99873,0.00030
28.70000,1.05394,0.00105,0.00007,0.99862,0.00026
28.80000,1.05394,0.00087,0.00004,0.99883,0.00025
28.90000,1.05394,0.00146,0.00011,0.99791,0.00052
29.00000,1.05394,0.00176,0.00013,0.99749,0.00062
29.10000,1.05394,0.00255,0.00023,0.99661,0.00061
29.20000,1.05394,0.00361,0.00038,0.99519,0.00082
29.30000,1.05394,0.00288,0.00025,0.99638,0.00049
29.40000,1.05394,0.00455,0.00051,0.99379,0.00115
29.50000,1.05394,0.00295,0.00047,0.99576,0.00082
29.60000,1.05394,0.00555,0.00183,0.99016,0.00246
29.70000,1.05394,0.00691,0.00251,0.98792,0.00267
29.80000,1.05394,0.00648,0.00203,0.98887,0.00261
29.90000,1.05394,0.00364,0.00175,0.99291,0.00170
30.00000,1.05394,0.00226,0.00071,0.99587,0.00116
30.10000,1.05394,0.00156,0.00060,0.99706,0.00078
30.20000,1.05394,0.00200,0.00098,0.99573,0.00129
30.30000,1.05394,0.00149,0.00062,0.99693,0.00095
30.40000,1.05394,0.00118,0.00030,0.99792,0.00060
30.50000,1.05394,0.00073,0.00020,0.99867,0.00039
30.60000,1.05394,0.00066,0.00014,0.99890,0.00029
30.70000,1.05394,0.00090,0.00030,0.99840,0.00041
30.80000,1.05394,0.00116,0.00034,0.99814,0.00036
30.90000,1.05394,0.00078,0.00045,0.99841,0.00036
31.00000,1.05394,0.00166,0.00093,0.99687,0.00054
31.10000,1.05394,0.00234,0.00097,0.99590,0.00079
31.20000,1.05394,0.00226,0.00085,0.99619,0.00070
31.30000,1.05394,0.00242,0.00150,0.99508,0.00100
31.40000,1.05394,0.00275,0.00147,0.99482,0.00096
31.50000,1.05394,0.00430,0.00260,0.99125,0.00185
31.60000,1.05394,0.00493,0.00214,0.99134,0.00158
31.70000,1.05394,0.00375,0.00145,0.99330,0.00150
31.80000,1.05394,0.00342,0.00115,0.99401,0.00141
31.90000,1.05394,0.00245,0.00049,0.99587,0.00120
32.00000,1.05394,0.00137,0.00018,0.99782,0.00064
32.10000,1.05394,0.00148,0.00020,0.99763,0.00069
32.20000,1.05394,0.00139,0.00024,0.99749,0.00088
32.30000,1.05394,0.00126,0.00014,0.99780,0.00080
32.40000,1.05394,0.00080,0.00009,0.99869,0.00042
32.50000,1.05394,0.00065,0.00011,0.99892,0.00033
32.60000,1.05394,0.00068,0.00009,0.99893,0.00029
32.70000,1.05394,0.00052,0.00006,0.99920,0.00021
32.80000,1.05394,0.00071,0.00010,0.99887,0.00032
32.90000,1.05394,0.00075,0.00017,0.99863,0.00045
33.00000,1.05394,0.00146,0.00020,0.99777,0.00057
33.10000,1.05394,0.00122,0.00010,0.99833,0.00035
33.20000,1.05394,0.00065,0.00007,0.99910,0.00018
33.30000,1.05394,0.00119,0.00012,0.99835,0.00034
33.40000,1.05394,0.00122,0.00011,0.99836,0.00030
33.50000,1.05394,0.00161,0.00011,0.99779,0.00049
33.60000,1.05394,0.00136,0.00022,0.99788,0.00054
33.70000,1.05394,0.00164,0.00021,0.99754,0.00061
33.80000,1.05394,0.00140,0.00024,0.99778,0.00058
33.90000,1.05394,0.00099,0.00009,0.99857,0.00035
34.00000,1.05394,0.00060,0.00006,0.99914,0.00019
34.10000,1.05394,0.00062,0.00009,0.99909,0.00020
34.20000,1.05394,0.00034,0.00004,0.99951,0.00011
34.30000,1.05394,0.00059,0.00004,0.99923,0.00014
34.40000,1.05394,0.00026,0.00002,0.99964,0.00007
34.50000,1.05394,0.00031,0.00003,0.99959,0.00007
34.60000,1.05394,0.00020,0.00002,0.99971,0.00006
34.70000,1.05394,0.00049,0.00004,0.99935,0.00012
34.80000,1.05394,0.00042,0.00004,0.99944,0.00009
34.90000,1.05394,0.00080,0.00010,0.99890,0.00020
35.00000,1.05394,0.00098,0.00019,0.99861,0.00023
35.10000,1.05394,0.00140,0.00027,0.99785,0.00049
35.20000,1.05394,0.00218,0.00065,0.99632,0.00085
35.30000,1.05394,0.00176,0.00079,0.99671,0.00075
35.40000,1.05394,0.00294,0.00126,0.99471,0.00109
35.50000,1.05394,0.00260,0.00120,0.99515,0.00104
35.60000,1.05394,0.00362,0.00198,0.99303,0.00137
35.70000,1.05394,0.00223,0.00103,0.99597,0.00077
35.80000,1.05394,0.00177,0.00120,0.99625,0.00077
35.90000,1.05394,0.00129,0.00080,0.99732,0.00059
36.00000,1.05394,0.00182,0.00081,0.99680,0.00057
36.10000,1.05394,0.00128,0.00042,0.99795,0.00035
36.20000,1.05394,0.00108,0.00015,0.99848,0.00029
36.30000,1.05394,0.00084,0.00012,0.99884,0.00020
36.40000,1.05394,0.00071,0.00007,0.99907,0.00014
36.50000,1.05394,0.00064,0.00011,0.99910,0.00015
36.60000,1.05394,0.00057,0.00005,0.99927,0.00010
36.70000,1.05394,0.00064,0.00006,0.99914,0.00017
36.80000,1.05394,0.00056,0.00004,0.99928,0.00013
36.90000,1.05394,0.00063,0.00007,0.99912,0.00018
37.00000,1.05394,0.00069,0.00005,0.99912,0.00015
37.10000,1.05394,0.00075,0.00005,0.99900,0.00020
37.20000,1.05394,0.00085,0.00007,0.99893,0.00015
37.30000,1.05394,0.00113,0.00012,0.99839,0.00037
37.40000,1.05394,0.00161,0.00019,0.99779,0.00040
37.50000,1.05394,0.00184,0.00051,0.99677,0.00088
37.60000,1.05394,0.00214,0.00067,0.99642,0.00077
37.70000,1.05394,0.00137,0.00031,0.99772,0.00059
37.80000,1.05394,0.00180,0.00027,0.99742,0.00051
37.90000,1.05394,0.00088,0.00019,0.99857,0.00036
38.00000,1.05394,0.00100,0.00035,0.99826,0.00039
38.10000,1.05394,0.00056,0.00015,0.99912,0.00018
38.20000,1.05394,0.00065,0.00019,0.99898,0.00017
38.30000,1.05394,0.00093,0.00015,0.99879,0.00013
38.40000,1.05394,0.00096,0.00017,0.99868,0.00019
38.50000,1.05394,0.00101,0.00018,0.99870,0.00011
38.60000,1.05394,0.00111,0.00029,0.99848,0.00012
38.70000,1.05394,0.00101,0.00032,0.99859,0.00008
38.80000,1.05394,0.00135,0.00109,0.99735,0.00020
38.90000,1.05394,0.00183,0.00095,0.99698,0.00024
39.00000,1.05394,0.00181,0.00107,0.99684,0.00028
39.10000,1.05394,0.00233,0.00095,0.99643,0.00029
39.20000,1.05394,0.00117,0.00055,0.99807,0.00021
39.30000,1.05394,0.00139,0.00033,0.99808,0.00021
39.40000,1.05394,0.00175,0.00051,0.99731,0.00043
39.50000,1.05394,0.00277,0.00082,0.99546,0.00095
39.60000,1.05394,0.00214,0.00123,0.99585,0.00078
39.70000,1.05394,0.00241,0.00076,0.99605,0.00077
39.80000,1.05394,0.00196,0.00066,0.99651,0.00087
39.90000,1.05394,0.00164,0.00039,0.99739,0.00058
40.00000,1.05394,0.00192,0.00093,0.99647,0.00069
40.10000,1.05394,0.00140,0.00075,0.99740,0.00045
40.20000,1.05394,0.00172,0.00134,0.99643,0.00051
40.30000,1.05394,0.00145,0.00117,0.99694,0.00045
40.40000,1.05394,0.00120,0.00060,0.99790,0.00031
40.50000,1.05394,0.00103,0.00029,0.99834,0.00034
40.60000,1.05394,0.00124,0.00035,0.99809,0.00032
40.70000,1.05394,0.00146,0.00047,0.99762,0.00045
40.80000,1.05394,0.00210,0.00062,0.99678,0.00050
40.90000,1.05394,0.00216,0.00059,0.99654,0.00071
41.00000,1.05394,0.00318,0.00081,0.99494,0.00108
41.10000,1.05394,0.00252,0.00038,0.99636,0.00074
41.20000,1.05394,0.00220,0.00039,0.99675,0.00067
41.30000,1.05394,0.00233,0.00036,0.99662,0.00069
41.40000,1.05394,0.00211,0.00051,0.99658,0.00080
41.50000,1.05394,0.00250,0.00093,0.99574,0.00083
41.60000,1.05394,0.00248,0.00072,0.99580,0.00100
41.70000,1.05394,0.00189,0.00034,0.99716,0.00062
41.80000,1.05394,0.00121,0.00025,0.99809,0.00046
41.90000,1.05394,0.00079,0.00014,0.99884,0.00023
42.00000,1.05394,0.00057,0.00009,0.99911,0.00022
42.10000,1.05394,0.00101,0.00017,0.99843,0.00039
42.20000,1.05394,0.00080,0.00011,0.99878,0.00031
42.30000,1.05394,0.00109,0.00010,0.99846,0.00036
42.40000,1.05394,0.00138,0.00010,0.99815,0.00037
42.50000,1.05394,0.00149,0.00011,0.99792,0.00048
42.60000,1.05394,0.00165,0.00013,0.99763,0.00059
42.70000,1.05394,0.00250,0.00032,0.99615,0.00103
42.80000,1.05394,0.00280,0.00086,0.99553,0.00081
42.90000,1.05394,0.00404,0.00133,0.99359,0.00104
43.00000,1.05394,0.00397,0.00082,0.99417,0.00104
43.10000,1.05394,0.00230,0.00061,0.99656,0.00052
43.20000,1.05394,0.00234,0.00053,0.99656,0.00056
43.30000,1.05394,0.00208,0.00030,0.99729,0.00033
43.40000,1.05394,0.00201,0.00025,0.99720,0.00054
43.50000,1.05394,0.00145,0.00032,0.99796,0.00026
43.60000,1.05394,0.00180,0.00017,0.99750,0.00052
43.70000,1.05394,0.00146,0.00007,0.99809,0.00038
43.80000,1.05394,0.00124,0.00004,0.99828,0.00044
43.90000,1.05394,0.00104,0.00006,0.99867,0.00023
44.00000,1.05394,0.00157,0.00008,0.99801,0.00034
44.10000,1.05394,0.00125,0.00006,0.99830,0.00040
44.20000,1.05394,0.00214,0.00021,0.99689,0.00076
44.30000,1.05394,0.00179,0.00024,0.99738,0.00060
44.40000,1.05394,0.00262,0.00036,0.99589,0.00112
44.50000,1.05394,0.00220,0.00025,0.99650,0.00104
44.60000,1.05394,0.00282,0.00099,0.99441,0.00178
44.70000,1.05394,0.00328,0.00139,0.99383,0.00149
44.80000,1.05394,0.00522,0.00169,0.99040,0.00269
44.90000,1.05394,0.00335,0.00095,0.99356,0.00214
45.00000,1.05394,0.00310,0.00064,0.99478,0.00149
45.10000,1.05394,0.00189,0.00028,0.99709,0.00074
45.20000,1.05394,0.00190,0.00020,0.99729,0.00060
45.30000,1.05394,0.00169,0.00037,0.99747,0.00047
45.40000,1.05394,0.00155,0.00040,0.99769,0.00036
45.50000,1.05394,0.00166,0.00056,0.99746,0.00033
45.60000,1.05394,0.00106,0.00013,0.99860,0.00021
45.70000,1.05394,0.00131,0.00010,0.99833,0.00025
45.80000,1.05394,0.00097,0.00012,0.99876,0.00015
45.90000,1.05394,0.00156,0.00044,0.99769,0.00032
46.00000,1.05394,0.00134,0.00029,0.99813,0.00024
46.10000,1.05394,0.00157,0.00030,0.99778,0.00035
46.20000,1.05394,0.00124,0.00027,0.99819,0.00030
46.30000,1.05394,0.00157,0.00047,0.99756,0.00040
46.40000,1.05394,0.00119,0.00018,0.99829,0.00035
46.50000,1.05394,0.00106,0.00024,0.99831,0.00039
46.60000,1.05394,0.00133,0.00051,0.99761,0.00055
46.70000,1.05394,0.00100,0.00034,0.99815,0.00051
46.80000,1.05394,0.00124,0.00037,0.99774,0.00065
46.90000,1.05394,0.00109,0.00038,0.99763,0.00090
47.00000,1.05394,0.00119,0.00035,0.99773,0.00073
47.10000,1.05394,0.00117,0.00022,0.99807,0.00054
47.20000,1.05394,0.00149,0.00041,0.99717,0.00092
47.30000,1.05394,0.00193,0.00073,0.99621,0.00113
47.40000,1.05394,0.00221,0.00105,0.99578,0.00096
47.50000,1.05394,0.00183,0.00077,0.99654,0.00087
47.60000,1.05394,0.00176,0.00134,0.99612,0.00078
47.70000,1.05394,0.00282,0.00120,0.99520,0.00078
47.80000,1.05394,0.00193,0.00094,0.99653,0.00060
47.90000,1.05394,0.00159,0.00084,0.99720,0.00038
48.00000,1.05394,0.00219,0.00139,0.99565,0.00077
48.10000,1.05394,0.00107,0.00021,0.99842,0.00030
48.20000,1.05394,0.00082,0.00015,0.99882,0.00021
48.30000,1.05394,0.00049,0.00004,0.99934,0.00013
48.40000,1.05394,0.00070,0.00008,0.99907,0.00015
48.50000,1.05394,0.00056,0.00002,0.99929,0.00012
48.60000,1.05394,0.00059,0.00004,0.99921,0.00015
48.70000,1.05394,0.00077,0.00009,0.99890,0.00024
48.80000,1.05394,0.00070,0.00007,0.99904,0.00019
48.90000,1.05394,0.00086,0.00021,0.99857,0.00036
49.00000,1.05394,0.00148,0.00038,0.99765,0.00048
49.10000,1.05394,0.00180,0.00114,0.99644,0.00062
49.20000,1.05394,0.00225,0.00196,0.99508,0.00071
49.30000,1.05394,0.00173,0.00209,0.99548,0.00070
49.40000,1.05394,0.00202,0.00183,0.99562,0.00053
49.50000,1.05394,0.00216,0.00428,0.99274,0.00083
49.60000,1.05394,0.00213,0.00261,0.99470,0.00056
49.70000,1.05394,0.00238,0.00892,0.98750,0.00120
49.80000,1.05394,0.00267,0.00894,0.98749,0.00090
49.90000,1.05394,0.00292,0.01742,0.97829,0.00136
50.00000,1.05394,0.00290,0.01471,0.98119,0.00120
50.10000,1.05394,0.00277,0.01390,0.98157,0.00175
50.20000,1.05394,0.00181,0.00753,0.99003,0.00063
50.30000,1.05394,0.00212,0.01204,0.98459,0.00125
50.40000,1.05394,0.00212,0.00422,0.99307,0.00059
50.50000,1.05394,0.00259,0.00792,0.98828,0.00120
50.60000,1.05394,0.00118,0.00075,0.99779,0.00028
50.70000,1.05394,0.00093,0.00045,0.99841,0.00021
50.80000,1.05394,0.00069,0.00016,0.99903,0.00012
50.90000,1.05394,0.00080,0.00022,0.99880,0.00018
51.00000,1.05394,0.00057,0.00009,0.99921,0.00012
51.10000,1.05394,0.00079,0.00013,0.99893,0.00014
51.20000,1.05394,0.00075,0.00006,0.99907,0.00011
51.30000,1.05394,0.00121,0.00013,0.99848,0.00018
51.40000,1.05394,0.00143,0.00011,0.99817,0.00029
51.50000,1.05394,0.00244,0.00029,0.99670,0.00057
51.60000,1.05394,0.00185,0.00016,0.99765,0.00034
51.70000,1.05394,0.00256,0.00019,0.99683,0.00042
51.80000,1.05394,0.00274,0.00027,0.99656,0.00044
51.90000,1.05394,0.00355,0.00028,0.99564,0.00053
52.00000,1.05394,0.00244,0.00029,0.99678,0.00048
52.10000,1.05394,0.00283,0.00027,0.99639,0.00050
52.20000,1.05394,0.00243,0.00060,0.99640,0.00057
52.30000,1.05394,0.00377,0.00142,0.99363,0.00118
52.40000,1.05394,0.00305,0.00352,0.99238,0.00105
52.50000,1.05394,0.00308,0.00320,0.99261,0.00110
52.60000,1.05394,0.00294,0.00912,0.98667,0.00127
52.70000,1.05394,0.00265,0.00469,0.99159,0.00107
52.80000,1.05394,0.00265,0.00384,0.99266,0.00084
52.90000,1.05394,0.00252,0.00514,0.99151,0.00083
53.00000,1.05394,0.00351,0.00583,0.98940,0.00126
53.10000,1.05394,0.00295,0.00234,0.99396,0.00076
53.20000,1.05394,0.00247,0.00071,0.99626,0.00055
53.30000,1.05394,0.00207,0.00060,0.99687,0.00045
53.40000,1.05394,0.00320,0.00059,0.99550,0.00071
53.50000,1.05394,0.00323,0.00045,0.99568,0.00063
53.60000,1.05394,0.00706,0.00067,0.99098,0.00129
53.70000,1.05394,0.01028,0.00180,0.98524,0.00267
53.80000,1.05394,0.01949,0.00251,0.97451,0.00349
53.90000,1.05394,0.01156,0.00263,0.98325,0.00256
54.00000,1.05394,0.01411,0.00356,0.97918,0.00316
54.10000,1.05394,0.00944,0.00412,0.98391,0.00254
54.20000,1.05394,0.01207,0.00567,0.97877,0.00349
54.30000,1.05394,0.01226,0.00618,0.97879,0.00276
54.40000,1.05394,0.01238,0.00711,0.97617,0.00435
54.50000,1.05394,0.01106,0.01053,0.97200,0.00641
54.60000,1.05394,0.00735,0.00544,0.98243,0.00478
54.70000,1.05394,0.00625,0.00707,0.98241,0.00428
54.80000,1.05394,0.00634,0.00404,0.98566,0.00396
54.90000,1.05394,0.00561,0.00426,0.98377,0.00636
55.00000,1.05394,0.00750,0.01144,0.97326,0.00781
55.10000,1.05394,0.00935,0.01669,0.96195,0.01201
55.20000,1.05394,0.01448,0.01897,0.95272,0.01384
55.30000,1.05394,0.00797,0.00739,0.97525,0.00939
55.40000,1.05394,0.00930,0.01705,0.95970,0.01394
55.50000,1.05394,0.00901,0.00981,0.97085,0.01034
55.60000,1.05394,0.01145,0.01694,0.96026,0.01135
55.70000,1.05394,0.01084,0.01723,0.95957,0.01235
55.80000,1.05394,0.01098,0.06952,0.90247,0.01703
55.90000,1.05394,0.00938,0.02197,0.95875,0.00990
56.00000,1.05394,0.00605,0.01395,0.97393,0.00607
56.10000,1.05394,0.00712,0.01992,0.96548,0.00749
56.20000,1.05394,0.00619,0.02745,0.95876,0.00760
56.30000,1.05394,0.00893,0.01231,0.97068,0.00808
56.40000,1.05394,0.00690,0.01009,0.97805,0.00495
56.50000,1.05394,0.00586,0.01219,0.97558,0.00637
56.60000,1.05394,0.00590,0.01829,0.96964,0.00617
56.70000,1.05394,0.00501,0.00410,0.98568,0.00520
56.80000,1.05394,0.00575,0.00798,0.98009,0.00618
56.90000,1.05394,0.00628,0.00655,0.98116,0.00601
57.00000,1.05394,0.00670,0.00759,0.97977,0.00594
57.10000,1.05394,0.00769,0.00733,0.97834,0.00664
57.20000,1.05394,0.01059,0.05054,0.92973,0.00913
57.30000,1.05394,0.01295,0.08659,0.88674,0.01372
57.40000,1.05394,0.01610,0.15719,0.81121,0.01550
57.50000,1.05394,0.01468,0.09500,0.87311,0.01721
57.60000,1.05394,0.01645,0.10729,0.86006,0.01620
57.70000,1.05394,0.01894,0.17127,0.78415,0.02563
57.80000,1.05394,0.01824,0.06006,0.90353,0.01817
57.90000,1.05394,0.01941,0.10135,0.85165,0.02759
58.00000,1.05394,0.01503,0.03312,0.93582,0.01603
58.10000,1.05394,0.00900,0.01056,0.96692,0.01352
58.20000,1.05394,0.00634,0.00405,0.98044,0.00917
58.30000,1.05394,0.00513,0.00224,0.98422,0.00840
58.40000,1.05394,0.00598,0.00250,0.98516,0.00636
58.50000,1.05394,0.00368,0.00133,0.99021,0.00478
58.60000,1.05394,0.00282,0.00112,0.99301,0.00306
58.70000,1.05394,0.00276,0.00221,0.99148,0.00355
58.80000,1.05394,0.00350,0.00218,0.99094,0.00338
58.90000,1.05394,0.00278,0.00154,0.99337,0.00231
59.00000,1.05394,0.00280,0.00265,0.99197,0.00258
59.10000,1.05394,0.00306,0.00253,0.99237,0.00203
59.20000,1.05394,0.00414,0.00650,0.98613,0.00323
59.30000,1.05394,0.00392,0.00637,0.98626,0.00346
59.40000,1.05394,0.00571,0.01137,0.97825,0.00467
59.50000,1.05394,0.00634,0.00991,0.97841,0.00534
59.60000,1.05394,0.00671,0.01001,0.97770,0.00558
59.70000,1.05394,0.00824,0.01290,0.97048,0.00839
59.80000,1.05394,0.00734,0.01016,0.97679,0.00571
59.90000,1.05394,0.01221,0.02778,0.94755,0.01246
60.00000,1.05394,0.01458,0.01513,0.95956,0.01073
60.10000,1.05394,0.00994,0.01091,0.97036,0.00879
60.20000,1.05394,0.00956,0.00610,0.97780,0.00654
60.30000,1.05394,0.00855,0.00933,0.97539,0.00673
60.40000,1.05394,0.00818,0.00764,0.97888,0.00530
60.50000,1.05394,0.00865,0.00962,0.97533,0.00640
60.60000,1.05394,0.00578,0.00606,0.98509,0.00307
60.70000,1.05394,0.01158,0.01070,0.97345,0.00428
60.80000,1.05394,0.10148,0.01288,0.87134,0.01429
60.90000,1.05394,0.26737,0.01896,0.69612,0.01755
61.00000,1.05394,0.43681,0.01626,0.52662,0.02031
61.10000,1.05394,0.60259,0.02807,0.35293,0.01641
61.20000,1.05394,0.83855,0.02088,0.12858,0.01199
61.30000,1.05394,0.93154,0.01625,0.04102,0.01120
61.40000,1.05394,0.97044,0.00756,0.01130,0.01070
61.50000,1.05394,0.98237,0.00416,0.00473,0.00874
61.60000,1.05394,0.99012,0.00236,0.00118,0.00634
61.70000,1.05394,0.98396,0.00449,0.00236,0.00919
61.80000,1.05394,0.97569,0.00836,0.00272,0.01322
61.90000,1.05394,0.98369,0.00540,0.00141,0.00951
62.00000,1.05394,0.98107,0.00531,0.00142,0.01221
62.10000,1.05394,0.98327,0.00392,0.00090,0.01191
62.20000,1.05394,0.98528,0.00387,0.00084,0.01001
62.30000,1.05394,0.98937,0.00297,0.00055,0.00711
62.40000,1.05394,0.99001,0.00310,0.00071,0.00618
62.50000,1.05394,0.99306,0.00231,0.00046,0.00417
62.60000,1.05394,0.99049,0.00260,0.00052,0.00640
62.70000,1.05394,0.99246,0.00198,0.00040,0.00516
62.80000,1.05394,0.99181,0.00224,0.00045,0.00550
62.90000,1.05394,0.99311,0.00186,0.00035,0.00468
63.00000,1.05394,0.99276,0.00180,0.00036,0.00508
63.10000,1.05394,0.99474,0.00111,0.00029,0.00385
