Time (seconds), Duration (seconds),pred_unlabelled,pred_Air,pred_Floor,pred_Carpet
0.00000,1.05394,0.99303,0.00116,0.00055,0.00526
0.10000,1.05394,0.99362,0.00110,0.00047,0.00481
0.20000,1.05394,0.99392,0.00100,0.00046,0.00462
0.30000,1.05394,0.99391,0.00116,0.00048,0.00445
0.40000,1.05394,0.99449,0.00107,0.00053,0.00391
0.50000,1.05394,0.99436,0.00125,0.00054,0.00386
0.60000,1.05394,0.99368,0.00134,0.00065,0.00433
0.70000,1.05394,0.99368,0.00117,0.00052,0.00462
0.80000,1.05394,0.99458,0.00091,0.00041,0.00411
0.90000,1.05394,0.99548,0.00080,0.00040,0.00332
1.00000,1.05394,0.99395,0.00089,0.00094,0.00423
1.10000,1.05394,0.99521,0.00093,0.00089,0.00296
1.20000,1.05394,0.99416,0.00093,0.00164,0.00327
1.30000,1.05394,0.99068,0.00132,0.00324,0.00476
1.40000,1.05394,0.97882,0.00116,0.01433,0.00570
1.50000,1.05394,0.93307,0.00169,0.05967,0.00557
1.60000,1.05394,0.70915,0.00110,0.28383,0.00592
1.70000,1.05394,0.46455,0.00255,0.52251,0.01038
1.80000,1.05394,0.12669,0.00072,0.86852,0.00407
1.90000,1.05394,0.05849,0.00080,0.93688,0.00383
2.00000,1.05394,0.01178,0.00028,0.98636,0.00158
2.10000,1.05394,0.00586,0.00027,0.99264,0.00123
2.20000,1.05394,0.00162,0.00010,0.99779,0.00049
2.30000,1.05394,0.00169,0.00019,0.99746,0.00066
2.40000,1.05394,0.00243,0.00055,0.99599,0.00103
2.50000,1.05394,0.00374,0.00141,0.99291,0.00194
2.60000,1.05394,0.00417,0.00150,0.99038,0.00395
2.70000,1.05394,0.00348,0.00131,0.99307,0.00214
2.80000,1.05394,0.00227,0.00085,0.99571,0.00117
2.90000,1.05394,0.00172,0.00058,0.99702,0.00068
3.00000,1.05394,0.00274,0.00066,0.99583,0.00077
3.10000,1.05394,0.00307,0.00081,0.99525,0.00087
3.20000,1.05394,0.00786,0.00098,0.98986,0.00130
3.30000,1.05394,0.00663,0.00050,0.99145,0.00142
3.40000,1.05394,0.00538,0.00048,0.99326,0.00088
3.50000,1.05394,0.00759,0.00071,0.99059,0.00111
3.60000,1.05394,0.00554,0.00042,0.99345,0.00058
3.70000,1.05394,0.00659,0.00077,0.99176,0.00088
3.80000,1.05394,0.00907,0.00069,0.98925,0.00099
3.90000,1.05394,0.01495,0.00215,0.98039,0.00251
4.00000,1.05394,0.00448,0.00034,0.99402,0.00115
4.10000,1.05394,0.00371,0.00048,0.99468,0.00113
4.20000,1.05394,0.00116,0.00012,0.99837,0.00035
4.30000,1.05394,0.00178,0.00025,0.99750,0.00047
4.40000,1.05394,0.00098,0.00009,0.99869,0.00024
4.50000,1.05394,0.00092,0.00011,0.99873,0.00025
4.60000,1.05394,0.00042,0.00004,0.99947,0.00008
4.70000,1.05394,0.00060,0.00004,0.99925,0.00011
4.80000,1.05394,0.00033,0.00002,0.99959,0.00006
4.90000,1.05394,0.00079,0.00005,0.99901,0.00015
5.00000,1.05394,0.00082,0.00008,0.99896,0.00014
5.10000,1.05394,0.00122,0.00013,0.99844,0.00021
5.20000,1.05394,0.00187,0.00022,0.99762,0.00029
5.30000,1.05394,0.00315,0.00048,0.99580,0.00057
5.40000,1.05394,0.00462,0.00090,0.99391,0.00056
5.50000,1.05394,0.01047,0.00122,0.98728,0.00103
5.60000,1.05394,0.01914,0.00203,0.97686,0.00196
5.70000,1.05394,0.01386,0.00217,0.98228,0.00168
5.80000,1.05394,0.01463,0.00250,0.98081,0.00206
5.90000,1.05394,0.01317,0.00154,0.98356,0.00173
6.00000,1.05394,0.01419,0.00219,0.98191,0.00171
6.10000,1.05394,0.00629,0.00126,0.99126,0.00120
6.20000,1.05394,0.00400,0.00061,0.99455,0.00084
6.30000,1.05394,0.00335,0.00028,0.99571,0.00065
6.40000,1.05394,0.00165,0.00018,0.99766,0.00051
6.50000,1.05394,0.00135,0.00014,0.99812,0.00038
6.60000,1.05394,0.00092,0.00008,0.99878,0.00022
6.70000,1.05394,0.00119,0.00010,0.99851,0.00020
6.80000,1.05394,0.00078,0.00006,0.99901,0.00015
6.90000,1.05394,0.00066,0.00006,0.99911,0.00017
7.00000,1.05394,0.00048,0.00002,0.99940,0.00009
7.10000,1.05394,0.00086,0.00003,0.99895,0.00016
7.20000,1.05394,0.00062,0.00002,0.99928,0.00008
7.30000,1.05394,0.00074,0.00002,0.99913,0.00012
7.40000,1.05394,0.00083,0.00001,0.99906,0.00010
7.50000,1.05394,0.00114,0.00002,0.99868,0.00016
7.60000,1.05394,0.00135,0.00004,0.99839,0.00022
7.70000,1.05394,0.00121,0.00002,0.99859,0.00017
7.80000,1.05394,0.00102,0.00004,0.99877,0.00017
7.90000,1.05394,0.00073,0.00003,0.99913,0.00011
8.00000,1.05394,0.00092,0.00008,0.99884,0.00017
8.10000,1.05394,0.00064,0.00012,0.99914,0.00011
8.20000,1.05394,0.00065,0.00019,0.99901,0.00015
8.30000,1.05394,0.00062,0.00017,0.99907,0.00013
8.40000,1.05394,0.00054,0.00010,0.99927,0.00009
8.50000,1.05394,0.00035,0.00009,0.99950,0.00005
8.60000,1.05394,0.00036,0.00008,0.99950,0.00006
8.70000,1.05394,0.00056,0.00016,0.99915,0.00013
8.80000,1.05394,0.00094,0.00019,0.99866,0.00021
8.90000,1.05394,0.00118,0.00019,0.99833,0.00030
9.00000,1.05394,0.00077,0.00007,0.99900,0.00016
9.10000,1.05394,0.00082,0.00010,0.99891,0.00017
9.20000,1.05394,0.00114,0.00010,0.99847,0.00029
9.30000,1.05394,0.00185,0.00014,0.99753,0.00048
9.40000,1.05394,0.00171,0.00019,0.99756,0.00053
9.50000,1.05394,0.00251,0.00019,0.99654,0.00075
9.60000,1.05394,0.00217,0.00020,0.99698,0.00065
9.70000,1.05394,0.00174,0.00018,0.99729,0.00079
9.80000,1.05394,0.00274,0.00021,0.99609,0.00097
9.90000,1.05394,0.00155,0.00010,0.99777,0.00058
10.00000,1.05394,0.00228,0.00016,0.99699,0.00057
10.10000,1.05394,0.00195,0.00021,0.99727,0.00058
10.20000,1.05394,0.00226,0.00046,0.99644,0.00084
10.30000,1.05394,0.00165,0.00026,0.99756,0.00053
10.40000,1.05394,0.00177,0.00041,0.99728,0.00053
10.50000,1.05394,0.00117,0.00022,0.99840,0.00021
10.60000,1.05394,0.00113,0.00035,0.99829,0.00023
10.70000,1.05394,0.00125,0.00036,0.99822,0.00017
10.80000,1.05394,0.00183,0.00095,0.99680,0.00043
10.90000,1.05394,0.00183,0.00052,0.99730,0.00034
11.00000,1.05394,0.00159,0.00040,0.99770,0.00030
11.10000,1.05394,0.00118,0.00025,0.99838,0.00019
11.20000,1.05394,0.00151,0.00028,0.99797,0.00025
11.30000,1.05394,0.00185,0.00024,0.99751,0.00041
11.40000,1.05394,0.00310,0.00043,0.99572,0.00075
11.50000,1.05394,0.00187,0.00013,0.99756,0.00044
11.60000,1.05394,0.00164,0.00010,0.99786,0.00041
11.70000,1.05394,0.00147,0.00009,0.99804,0.00040
11.80000,1.05394,0.00135,0.00011,0.99816,0.00037
11.90000,1.05394,0.00145,0.00013,0.99806,0.00036
12.00000,1.05394,0.00112,0.00005,0.99855,0.00028
12.10000,1.05394,0.00134,0.00009,0.99821,0.00037
12.20000,1.05394,0.00063,0.00005,0.99914,0.00019
12.30000,1.05394,0.00093,0.00008,0.99864,0.00035
12.40000,1.05394,0.00056,0.00006,0.99922,0.00017
12.50000,1.05394,0.00071,0.00007,0.99908,0.00015
12.60000,1.05394,0.00067,0.00008,0.99907,0.00018
12.70000,1.05394,0.00072,0.00007,0.99907,0.00014
12.80000,1.05394,0.00086,0.00014,0.99880,0.00019
12.90000,1.05394,0.00094,0.00012,0.99867,0.00027
13.00000,1.05394,0.00077,0.00012,0.99889,0.00023
13.10000,1.05394,0.00098,0.00013,0.99861,0.00028
13.20000,1.05394,0.00099,0.00013,0.99855,0.00033
13.30000,1.05394,0.00172,0.00023,0.99746,0.00058
13.40000,1.05394,0.00174,0.00026,0.99702,0.00098
13.50000,1.05394,0.00227,0.00025,0.99613,0.00136
13.60000,1.05394,0.00184,0.00018,0.99699,0.00098
13.70000,1.05394,0.00115,0.00013,0.99812,0.00060
13.80000,1.05394,0.00107,0.00020,0.99818,0.00055
13.90000,1.05394,0.00189,0.00046,0.99665,0.00100
14.00000,1.05394,0.00119,0.00029,0.99792,0.00060
14.10000,1.05394,0.00141,0.00039,0.99767,0.00053
14.20000,1.05394,0.00078,0.00024,0.99871,0.00027
14.30000,1.05394,0.00097,0.00023,0.99856,0.00024
14.40000,1.05394,0.00064,0.00010,0.99913,0.00013
14.50000,1.05394,0.00095,0.00019,0.99870,0.00016
14.60000,1.05394,0.00074,0.00016,0.99895,0.00014
14.70000,1.05394,0.00098,0.00017,0.99867,0.00017
14.80000,1.05394,0.00076,0.00013,0.99897,0.00015
14.90000,1.05394,0.00076,0.00016,0.99895,0.00013
15.00000,1.05394,0.00090,0.00023,0.99869,0.00018
15.10000,1.05394,0.00070,0.00010,0.99908,0.00013
15.20000,1.05394,0.00082,0.00018,0.99874,0.00026
15.30000,1.05394,0.00113,0.00029,0.99824,0.00033
15.40000,1.05394,0.00193,0.00104,0.99604,0.00100
15.50000,1.05394,0.00134,0.00042,0.99776,0.00049
15.60000,1.05394,0.00144,0.00056,0.99739,0.00061
15.70000,1.05394,0.00097,0.00042,0.99825,0.00036
15.80000,1.05394,0.00094,0.00031,0.99838,0.00037
15.90000,1.05394,0.00117,0.00023,0.99814,0.00046
16.00000,1.05394,0.00142,0.00038,0.99777,0.00043
16.10000,1.05394,0.00152,0.00050,0.99747,0.00051
16.20000,1.05394,0.00085,0.00030,0.99860,0.00025
16.30000,1.05394,0.00063,0.00012,0.99909,0.00016
16.40000,1.05394,0.00066,0.00016,0.99908,0.00010
16.50000,1.05394,0.00076,0.00021,0.99880,0.00022
16.60000,1.05394,0.00198,0.00074,0.99692,0.00035
16.70000,1.05394,0.00516,0.00196,0.99179,0.00109
16.80000,1.05394,0.00415,0.00098,0.99429,0.00058
16.90000,1.05394,0.00604,0.00341,0.98920,0.00135
17.00000,1.05394,0.00655,0.00154,0.99090,0.00101
17.10000,1.05394,0.00830,0.00202,0.98830,0.00138
17.20000,1.05394,0.01321,0.00215,0.98222,0.00242
17.30000,1.05394,0.01041,0.00245,0.98476,0.00238
17.40000,1.05394,0.01173,0.00210,0.98298,0.00319
17.50000,1.05394,0.00455,0.00110,0.99303,0.00132
17.60000,1.05394,0.00278,0.00039,0.99604,0.00079
17.70000,1.05394,0.00143,0.00027,0.99781,0.00049
17.80000,1.05394,0.00141,0.00010,0.99822,0.00027
17.90000,1.05394,0.00127,0.00017,0.99809,0.00047
18.00000,1.05394,0.00147,0.00016,0.99800,0.00038
18.10000,1.05394,0.00194,0.00057,0.99646,0.00103
18.20000,1.05394,0.00155,0.00051,0.99742,0.00052
18.30000,1.05394,0.00245,0.00309,0.99265,0.00181
18.40000,1.05394,0.00152,0.00112,0.99670,0.00067
18.50000,1.05394,0.00172,0.00186,0.99546,0.00096
18.60000,1.05394,0.00204,0.00259,0.99463,0.00074
18.70000,1.05394,0.00322,0.00900,0.98578,0.00200
18.80000,1.05394,0.00248,0.00424,0.99235,0.00092
18.90000,1.05394,0.00233,0.00254,0.99434,0.00079
19.00000,1.05394,0.00146,0.00288,0.99528,0.00038
19.10000,1.05394,0.00137,0.00257,0.99563,0.00043
19.20000,1.05394,0.00106,0.00062,0.99813,0.00018
19.30000,1.05394,0.00147,0.00028,0.99808,0.00017
19.40000,1.05394,0.00166,0.00039,0.99774,0.00021
19.50000,1.05394,0.00110,0.00014,0.99859,0.00017
19.60000,1.05394,0.00128,0.00014,0.99839,0.00018
19.70000,1.05394,0.00101,0.00018,0.99867,0.00014
19.80000,1.05394,0.00116,0.00030,0.99831,0.00022
19.90000,1.05394,0.00084,0.00012,0.99887,0.00016
20.00000,1.05394,0.00113,0.00016,0.99833,0.00038
20.10000,1.05394,0.00104,0.00020,0.99844,0.00033
20.20000,1.05394,0.00103,0.00061,0.99759,0.00077
20.30000,1.05394,0.00089,0.00114,0.99748,0.00049
20.40000,1.05394,0.00096,0.00148,0.99695,0.00062
20.50000,1.05394,0.00129,0.00212,0.99608,0.00051
20.60000,1.05394,0.00187,0.00357,0.99337,0.00119
20.70000,1.05394,0.00191,0.00350,0.99349,0.00109
20.80000,1.05394,0.00178,0.00216,0.99506,0.00100
20.90000,1.05394,0.00155,0.00160,0.99611,0.00074
21.00000,1.05394,0.00104,0.00082,0.99763,0.00050
21.10000,1.05394,0.00108,0.00056,0.99789,0.00048
21.20000,1.05394,0.00125,0.00072,0.99727,0.00077
21.30000,1.05394,0.00136,0.00063,0.99741,0.00060
21.40000,1.05394,0.00237,0.00128,0.99506,0.00130
21.50000,1.05394,0.00225,0.00060,0.99608,0.00107
21.60000,1.05394,0.00113,0.00020,0.99809,0.00058
21.70000,1.05394,0.00132,0.00041,0.99762,0.00065
21.80000,1.05394,0.00116,0.00048,0.99794,0.00042
21.90000,1.05394,0.00261,0.00171,0.99459,0.00109
22.00000,1.05394,0.00239,0.00179,0.99462,0.00120
22.10000,1.05394,0.00283,0.00189,0.99395,0.00133
22.20000,1.05394,0.00188,0.00087,0.99666,0.00059
22.30000,1.05394,0.00092,0.00025,0.99855,0.00028
22.40000,1.05394,0.00093,0.00034,0.99843,0.00029
22.50000,1.05394,0.00122,0.00045,0.99805,0.00028
22.60000,1.05394,0.00212,0.00095,0.99637,0.00056
22.70000,1.05394,0.00155,0.00039,0.99765,0.00040
22.80000,1.05394,0.00168,0.00042,0.99724,0.00066
22.90000,1.05394,0.00115,0.00017,0.99839,0.00028
23.00000,1.05394,0.00137,0.00021,0.99795,0.00047
23.10000,1.05394,0.00143,0.00015,0.99802,0.00039
23.20000,1.05394,0.00267,0.00047,0.99569,0.00118
23.30000,1.05394,0.00299,0.00028,0.99583,0.00090
23.40000,1.05394,0.00341,0.00029,0.99498,0.00133
23.50000,1.05394,0.00257,0.00016,0.99654,0.00073
23.60000,1.05394,0.00183,0.00011,0.99748,0.00058
23.70000,1.05394,0.00140,0.00011,0.99813,0.00036
23.80000,1.05394,0.00143,0.00012,0.99792,0.00053
23.90000,1.05394,0.00134,0.00008,0.99819,0.00039
24.00000,1.05394,0.00116,0.00010,0.99819,0.00055
24.10000,1.05394,0.00083,0.00012,0.99867,0.00037
24.20000,1.05394,0.00065,0.00005,0.99905,0.00025
24.30000,1.05394,0.00044,0.00005,0.99933,0.00018
24.40000,1.05394,0.00036,0.00008,0.99935,0.00021
24.50000,1.05394,0.00074,0.00016,0.99876,0.00034
24.60000,1.05394,0.00101,0.00021,0.99839,0.00039
24.70000,1.05394,0.00120,0.00024,0.99818,0.00039
24.80000,1.05394,0.00171,0.00065,0.99703,0.00061
24.90000,1.05394,0.00155,0.00051,0.99745,0.00049
25.00000,1.05394,0.00237,0.00055,0.99656,0.00052
25.10000,1.05394,0.00341,0.00079,0.99479,0.00101
25.20000,1.05394,0.00542,0.00111,0.99114,0.00232
25.30000,1.05394,0.00643,0.00109,0.99006,0.00243
25.40000,1.05394,0.00755,0.00089,0.98933,0.00223
25.50000,1.05394,0.00362,0.00046,0.99418,0.00175
25.60000,1.05394,0.00262,0.00053,0.99519,0.00166
25.70000,1.05394,0.00222,0.00036,0.99643,0.00099
25.80000,1.05394,0.00247,0.00037,0.99620,0.00096
25.90000,1.05394,0.00214,0.00020,0.99639,0.00127
26.00000,1.05394,0.00275,0.00049,0.99436,0.00240
26.10000,1.05394,0.00187,0.00039,0.99629,0.00145
26.20000,1.05394,0.00165,0.00056,0.99695,0.00084
26.30000,1.05394,0.00101,0.00014,0.99839,0.00047
26.40000,1.05394,0.00098,0.00043,0.99819,0.00040
26.50000,1.05394,0.00105,0.00028,0.99822,0.00045
26.60000,1.05394,0.00143,0.00021,0.99771,0.00065
26.70000,1.05394,0.00095,0.00008,0.99843,0.00054
26.80000,1.05394,0.00071,0.00006,0.99897,0.00027
26.90000,1.05394,0.00053,0.00006,0.99921,0.00021
27.00000,1.05394,0.00060,0.00007,0.99910,0.00023
27.10000,1.05394,0.00086,0.00008,0.99868,0.00039
27.20000,1.05394,0.00158,0.00027,0.99725,0.00089
27.30000,1.05394,0.00130,0.00017,0.99795,0.00057
27.40000,1.05394,0.00143,0.00012,0.99780,0.00064
27.50000,1.05394,0.00110,0.00021,0.99816,0.00053
27.60000,1.05394,0.00139,0.00035,0.99767,0.00059
27.70000,1.05394,0.00221,0.00068,0.99599,0.00112
27.80000,1.05394,0.00259,0.00052,0.99594,0.00094
27.90000,1.05394,0.00240,0.00062,0.99569,0.00129
28.00000,1.05394,0.00243,0.00126,0.99536,0.00095
28.10000,1.05394,0.00175,0.00093,0.99637,0.00095
28.20000,1.05394,0.00169,0.00080,0.99685,0.00066
28.30000,1.05394,0.00154,0.00075,0.99694,0.00076
28.40000,1.05394,0.00118,0.00046,0.99773,0.00062
28.50000,1.05394,0.00141,0.00091,0.99680,0.00088
28.60000,1.05394,0.00103,0.00065,0.99789,0.00044
28.70000,1.05394,0.00122,0.00121,0.99686,0.00072
28.80000,1.05394,0.00068,0.00079,0.99817,0.00036
28.90000,1.05394,0.00104,0.00077,0.99764,0.00056
29.00000,1.05394,0.00075,0.00072,0.99813,0.00041
29.10000,1.05394,0.00145,0.00137,0.99613,0.00105
29.20000,1.05394,0.00234,0.00233,0.99411,0.00122
29.30000,1.05394,0.00340,0.00319,0.99094,0.00246
29.40000,1.05394,0.00249,0.00407,0.99222,0.00123
29.50000,1.05394,0.00200,0.00508,0.99127,0.00165
29.60000,1.05394,0.00194,0.00348,0.99318,0.00140
29.70000,1.05394,0.00198,0.00506,0.99118,0.00178
29.80000,1.05394,0.00287,0.00316,0.99136,0.00261
29.90000,1.05394,0.00179,0.00286,0.99324,0.00212
30.00000,1.05394,0.00125,0.00108,0.99624,0.00142
30.10000,1.05394,0.00102,0.00142,0.99610,0.00146
30.20000,1.05394,0.00097,0.00065,0.99691,0.00147
30.30000,1.05394,0.00078,0.00035,0.99774,0.00113
30.40000,1.05394,0.00067,0.00018,0.99843,0.00072
30.50000,1.05394,0.00114,0.00020,0.99719,0.00147
30.60000,1.05394,0.00070,0.00007,0.99861,0.00061
30.70000,1.05394,0.00083,0.00011,0.99848,0.00058
30.80000,1.05394,0.00082,0.00007,0.99866,0.00045
30.90000,1.05394,0.00091,0.00008,0.99852,0.00049
31.00000,1.05394,0.00134,0.00015,0.99770,0.00081
31.10000,1.05394,0.00116,0.00013,0.99818,0.00052
31.20000,1.05394,0.00113,0.00020,0.99802,0.00065
