Time,unlabelled,Air,Floor,Carpet,Duration
0.0,1.0,0.0,0.0,0.0,4.2
0.1,1.0,0.0,0.0,0.0,4.2
0.2,1.0,0.0,0.0,0.0,4.2
0.3,1.0,0.0,0.0,0.0,4.2
0.4,1.0,0.0,0.0,0.0,4.2
0.5,1.0,0.0,0.0,0.0,4.2
0.6,1.0,0.0,0.0,0.0,4.2
0.7,1.0,0.0,0.0,0.0,4.2
0.8,1.0,0.0,0.0,0.0,4.2
0.9,1.0,0.0,0.0,0.0,4.2
1.0,1.0,0.0,0.0,0.0,4.2
1.0539,1.0,0.0,0.0,0.0,4.2
1.1,1.0,0.0,0.0,0.0,4.2
1.1539,1.0,0.0,0.0,0.0,4.2
1.2,1.0,0.0,0.0,0.0,4.2
1.2539,1.0,0.0,0.0,0.0,4.2
1.3,1.0,0.0,0.0,0.0,4.2
1.3539,1.0,0.0,0.0,0.0,4.2
1.4,1.0,0.0,0.0,0.0,4.2
1.4539,1.0,0.0,0.0,0.0,4.2
1.5,1.0,0.0,0.0,0.0,4.2
1.5539,1.0,0.0,0.0,0.0,4.2
1.6,1.0,0.0,0.0,0.0,4.2
1.6539,1.0,0.0,0.0,0.0,4.2
1.7,1.0,0.0,0.0,0.0,4.2
1.7539,1.0,0.0,0.0,0.0,4.2
1.8,1.0,0.0,0.0,0.0,4.2
1.8539,1.0,0.0,0.0,0.0,4.2
1.9,1.0,0.0,0.0,0.0,4.2
1.9539,1.0,0.0,0.0,0.0,4.2
2.0,1.0,0.0,0.0,0.0,4.2
2.0539,1.0,0.0,0.0,0.0,4.2
2.1,1.0,0.0,0.0,0.0,4.2
2.1539,1.0,0.0,0.0,0.0,4.2
2.2,1.0,0.0,0.0,0.0,4.2
2.2539,1.0,0.0,0.0,0.0,4.2
2.3,1.0,0.0,0.0,0.0,4.2
2.3539,1.0,0.0,0.0,0.0,4.2
2.4,1.0,0.0,0.0,0.0,4.2
2.4539,1.0,0.0,0.0,0.0,4.2
2.5,1.0,0.0,0.0,0.0,4.2
2.5539,1.0,0.0,0.0,0.0,4.2
2.6,1.0,0.0,0.0,0.0,4.2
2.6539,1.0,0.0,0.0,0.0,4.2
2.7,1.0,0.0,0.0,0.0,4.2
2.7539,1.0,0.0,0.0,0.0,4.2
2.8,1.0,0.0,0.0,0.0,4.2
2.8539,1.0,0.0,0.0,0.0,4.2
2.9,1.0,0.0,0.0,0.0,4.2
2.9539,1.0,0.0,0.0,0.0,4.2
3.0,1.0,0.0,0.0,0.0,4.2
3.0539,1.0,0.0,0.0,0.0,4.2
3.1,1.0,0.0,0.0,0.0,4.2
3.1539,1.0,0.0,0.0,0.0,4.2
3.2,1.0,0.0,0.0,0.0,4.2
3.2539,1.0,0.0,0.0,0.0,4.2
3.3,1.0,0.0,0.0,0.0,4.2
3.3539,1.0,0.0,0.0,0.0,4.2
3.4,1.0,0.0,0.0,0.0,4.2
3.4539,1.0,0.0,0.0,0.0,4.2
3.5,1.0,0.0,0.0,0.0,4.2
3.5539,1.0,0.0,0.0,0.0,4.2
3.6,1.0,0.0,0.0,0.0,4.2
3.6539,1.0,0.0,0.0,0.0,4.2
3.7,1.0,0.0,0.0,0.0,4.2
3.7539,1.0,0.0,0.0,0.0,4.2
3.8,1.0,0.0,0.0,0.0,4.2
3.8539,1.0,0.0,0.0,0.0,4.2
3.9,1.0,0.0,0.0,0.0,4.2
3.9539,1.0,0.0,0.0,0.0,4.2
4.0,1.0,0.0,0.0,0.0,4.2
4.0539,1.0,0.0,0.0,0.0,4.2
4.1,1.0,0.0,0.0,0.0,4.2
4.1539,1.0,0.0,0.0,0.0,4.2
4.2,1.0,0.0,0.0,0.0,4.2
4.2539,1.0,0.0,0.0,0.0,4.2
4.3,1.0,0.0,0.0,0.0,4.2
4.3539,1.0,0.0,0.0,0.0,4.2
4.4,1.0,0.0,0.0,0.0,4.2
4.4539,1.0,0.0,0.0,0.0,4.2
4.5,1.0,0.0,0.0,0.0,4.2
4.5539,1.0,0.0,0.0,0.0,4.2
4.6,1.0,0.0,0.0,0.0,4.2
4.6539,1.0,0.0,0.0,0.0,4.2
4.7,1.0,0.0,0.0,0.0,4.2
4.7539,1.0,0.0,0.0,0.0,4.2
4.8,1.0,0.0,0.0,0.0,4.2
4.8539,1.0,0.0,0.0,0.0,4.2
4.9,1.0,0.0,0.0,0.0,4.2
4.9539,1.0,0.0,0.0,0.0,4.2
5.0,1.0,0.0,0.0,0.0,4.2
5.0539,1.0,0.0,0.0,0.0,4.2
5.1,1.0,0.0,0.0,0.0,4.2
5.1539,1.0,0.0,0.0,0.0,4.2
5.2,1.0,0.0,0.0,0.0,4.2
5.2539,1.0,0.0,0.0,0.0,4.2
5.3,1.0,0.0,0.0,0.0,4.2
5.3539,1.0,0.0,0.0,0.0,4.2
5.4,1.0,0.0,0.0,0.0,4.2
5.4539,1.0,0.0,0.0,0.0,4.2
5.5,1.0,0.0,0.0,0.0,4.2
5.5539,1.0,0.0,0.0,0.0,4.2
5.6,1.0,0.0,0.0,0.0,4.2
5.6539,1.0,0.0,0.0,0.0,4.2
5.7,1.0,0.0,0.0,0.0,4.2
5.7539,1.0,0.0,0.0,0.0,4.2
5.8,1.0,0.0,0.0,0.0,4.2
5.8539,1.0,0.0,0.0,0.0,4.2
5.9,1.0,0.0,0.0,0.0,4.2
5.9539,1.0,0.0,0.0,0.0,4.2
6.0,1.0,0.0,0.0,0.0,4.2
6.0539,1.0,0.0,0.0,0.0,4.2
6.1,1.0,0.0,0.0,0.0,4.2
6.1539,1.0,0.0,0.0,0.0,4.2
6.2,1.0,0.0,0.0,0.0,4.2
6.2539,1.0,0.0,0.0,0.0,4.2
6.3,1.0,0.0,0.0,0.0,4.2
6.3539,1.0,0.0,0.0,0.0,4.2
6.4,1.0,0.0,0.0,0.0,4.2
6.4539,1.0,0.0,0.0,0.0,4.2
6.5,1.0,0.0,0.0,0.0,4.2
6.5539,1.0,0.0,0.0,0.0,4.2
6.6,1.0,0.0,0.0,0.0,4.2
6.6539,1.0,0.0,0.0,0.0,4.2
6.7,1.0,0.0,0.0,0.0,4.2
6.7539,1.0,0.0,0.0,0.0,4.2
6.8,1.0,0.0,0.0,0.0,4.2
6.8539,1.0,0.0,0.0,0.0,4.2
6.9,1.0,0.0,0.0,0.0,4.2
6.9539,1.0,0.0,0.0,0.0,4.2
7.0,1.0,0.0,0.0,0.0,4.2
7.0539,1.0,0.0,0.0,0.0,4.2
7.1,1.0,0.0,0.0,0.0,4.2
7.1539,1.0,0.0,0.0,0.0,4.2
7.2,1.0,0.0,0.0,0.0,4.2
7.2539,1.0,0.0,0.0,0.0,4.2
7.3,1.0,0.0,0.0,0.0,4.2
7.3539,1.0,0.0,0.0,0.0,4.2
7.4,1.0,0.0,0.0,0.0,4.2
7.4539,1.0,0.0,0.0,0.0,4.2
7.5,1.0,0.0,0.0,0.0,4.2
7.5539,1.0,0.0,0.0,0.0,4.2
7.6,1.0,0.0,0.0,0.0,4.2
7.6539,1.0,0.0,0.0,0.0,4.2
7.7,1.0,0.0,0.0,0.0,4.2
7.7539,1.0,0.0,0.0,0.0,4.2
7.8,1.0,0.0,0.0,0.0,4.2
7.8539,1.0,0.0,0.0,0.0,4.2
7.9,1.0,0.0,0.0,0.0,4.2
7.9539,1.0,0.0,0.0,0.0,4.2
8.0,1.0,0.0,0.0,0.0,4.2
8.0539,1.0,0.0,0.0,0.0,4.2
8.1,1.0,0.0,0.0,0.0,4.2
8.1539,1.0,0.0,0.0,0.0,4.2
8.2,1.0,0.0,0.0,0.0,4.2
8.2539,1.0,0.0,0.0,0.0,4.2
8.3,1.0,0.0,0.0,0.0,4.2
8.3539,1.0,0.0,0.0,0.0,4.2
8.4,1.0,0.0,0.0,0.0,4.2
8.4539,1.0,0.0,0.0,0.0,4.2
8.5,1.0,0.0,0.0,0.0,4.2
8.5539,1.0,0.0,0.0,0.0,4.2
8.6,1.0,0.0,0.0,0.0,4.2
8.6539,1.0,0.0,0.0,0.0,4.2
8.7,1.0,0.0,0.0,0.0,4.2
8.7539,1.0,0.0,0.0,0.0,4.2
8.8,1.0,0.0,0.0,0.0,4.2
8.8539,1.0,0.0,0.0,0.0,4.2
8.9,1.0,0.0,0.0,0.0,4.2
8.9539,1.0,0.0,0.0,0.0,4.2
9.0,1.0,0.0,0.0,0.0,4.2
9.0539,1.0,0.0,0.0,0.0,4.2
9.1,1.0,0.0,0.0,0.0,4.2
9.1539,1.0,0.0,0.0,0.0,4.2
9.2,1.0,0.0,0.0,0.0,4.2
9.2539,1.0,0.0,0.0,0.0,4.2
9.3,1.0,0.0,0.0,0.0,4.2
9.3539,1.0,0.0,0.0,0.0,4.2
9.4,1.0,0.0,0.0,0.0,4.2
9.4539,1.0,0.0,0.0,0.0,4.2
9.5,1.0,0.0,0.0,0.0,4.2
9.5539,1.0,0.0,0.0,0.0,4.2
9.6,1.0,0.0,0.0,0.0,4.2
9.6539,1.0,0.0,0.0,0.0,4.2
9.7,1.0,0.0,0.0,0.0,4.2
9.7539,1.0,0.0,0.0,0.0,4.2
9.8,1.0,0.0,0.0,0.0,4.2
9.8539,1.0,0.0,0.0,0.0,4.2
9.9,1.0,0.0,0.0,0.0,4.2
9.9539,1.0,0.0,0.0,0.0,4.2
10.0,1.0,0.0,0.0,0.0,4.2
10.0539,1.0,0.0,0.0,0.0,4.2
10.1,1.0,0.0,0.0,0.0,4.2
10.1539,1.0,0.0,0.0,0.0,4.2
10.2,1.0,0.0,0.0,0.0,4.2
10.2539,1.0,0.0,0.0,0.0,4.2
10.3,1.0,0.0,0.0,0.0,4.2
10.3539,1.0,0.0,0.0,0.0,4.2
10.4,1.0,0.0,0.0,0.0,4.2
10.4539,1.0,0.0,0.0,0.0,4.2
10.5,1.0,0.0,0.0,0.0,4.2
10.5539,1.0,0.0,0.0,0.0,4.2
10.6,1.0,0.0,0.0,0.0,4.2
10.6539,1.0,0.0,0.0,0.0,4.2
10.7,1.0,0.0,0.0,0.0,4.2
10.7539,1.0,0.0,0.0,0.0,4.2
10.8,1.0,0.0,0.0,0.0,4.2
10.8539,1.0,0.0,0.0,0.0,4.2
10.9,1.0,0.0,0.0,0.0,4.2
10.9539,1.0,0.0,0.0,0.0,4.2
11.0,1.0,0.0,0.0,0.0,4.2
11.0539,1.0,0.0,0.0,0.0,4.2
11.1,1.0,0.0,0.0,0.0,4.2
11.1539,1.0,0.0,0.0,0.0,4.2
11.2,1.0,0.0,0.0,0.0,4.2
11.2539,1.0,0.0,0.0,0.0,4.2
11.3,1.0,0.0,0.0,0.0,4.2
11.3539,1.0,0.0,0.0,0.0,4.2
11.4,1.0,0.0,0.0,0.0,4.2
11.4539,1.0,0.0,0.0,0.0,4.2
11.5,1.0,0.0,0.0,0.0,4.2
11.5539,1.0,0.0,0.0,0.0,4.2
11.6,1.0,0.0,0.0,0.0,4.2
11.6539,1.0,0.0,0.0,0.0,4.2
11.7,1.0,0.0,0.0,0.0,4.2
11.7539,1.0,0.0,0.0,0.0,4.2
11.8,1.0,0.0,0.0,0.0,4.2
11.8539,1.0,0.0,0.0,0.0,4.2
11.9,1.0,0.0,0.0,0.0,4.2
11.9539,1.0,0.0,0.0,0.0,4.2
12.0,1.0,0.0,0.0,0.0,4.2
12.0539,1.0,0.0,0.0,0.0,4.2
12.1,1.0,0.0,0.0,0.0,4.2
12.1539,1.0,0.0,0.0,0.0,4.2
12.2,1.0,0.0,0.0,0.0,4.2
12.2539,1.0,0.0,0.0,0.0,4.2
12.3,1.0,0.0,0.0,0.0,4.2
12.3539,1.0,0.0,0.0,0.0,4.2
12.4,1.0,0.0,0.0,0.0,4.2
12.4539,1.0,0.0,0.0,0.0,4.2
12.5,1.0,0.0,0.0,0.0,4.2
12.5539,1.0,0.0,0.0,0.0,4.2
12.6,1.0,0.0,0.0,0.0,4.2
12.6539,1.0,0.0,0.0,0.0,4.2
12.7,1.0,0.0,0.0,0.0,4.2
12.7539,1.0,0.0,0.0,0.0,4.2
12.8,1.0,0.0,0.0,0.0,4.2
12.8539,1.0,0.0,0.0,0.0,4.2
12.9,1.0,0.0,0.0,0.0,4.2
12.9539,1.0,0.0,0.0,0.0,4.2
13.0,1.0,0.0,0.0,0.0,4.2
13.0539,1.0,0.0,0.0,0.0,4.2
13.1,1.0,0.0,0.0,0.0,4.2
13.1539,1.0,0.0,0.0,0.0,4.2
13.2,1.0,0.0,0.0,0.0,4.2
13.2539,1.0,0.0,0.0,0.0,4.2
13.3,1.0,0.0,0.0,0.0,4.2
13.3539,1.0,0.0,0.0,0.0,4.2
13.4,1.0,0.0,0.0,0.0,4.2
13.4539,1.0,0.0,0.0,0.0,4.2
13.5,1.0,0.0,0.0,0.0,4.2
13.5539,1.0,0.0,0.0,0.0,4.2
13.6,1.0,0.0,0.0,0.0,4.2
13.6539,1.0,0.0,0.0,0.0,4.2
13.7,1.0,0.0,0.0,0.0,4.2
13.7539,1.0,0.0,0.0,0.0,4.2
13.8,1.0,0.0,0.0,0.0,4.2
13.8539,1.0,0.0,0.0,0.0,4.2
13.9,1.0,0.0,0.0,0.0,4.2
13.9539,1.0,0.0,0.0,0.0,4.2
14.0,1.0,0.0,0.0,0.0,4.2
14.0539,1.0,0.0,0.0,0.0,4.2
14.1,1.0,0.0,0.0,0.0,4.2
14.1539,1.0,0.0,0.0,0.0,4.2
14.2,1.0,0.0,0.0,0.0,4.2
14.2539,1.0,0.0,0.0,0.0,4.2
14.3,1.0,0.0,0.0,0.0,4.2
14.3539,1.0,0.0,0.0,0.0,4.2
14.4,1.0,0.0,0.0,0.0,4.2
14.4539,1.0,0.0,0.0,0.0,4.2
14.5,1.0,0.0,0.0,0.0,4.2
14.5539,1.0,0.0,0.0,0.0,4.2
14.6,1.0,0.0,0.0,0.0,4.2
14.6539,1.0,0.0,0.0,0.0,4.2
14.7,1.0,0.0,0.0,0.0,4.2
14.7539,1.0,0.0,0.0,0.0,4.2
14.8,1.0,0.0,0.0,0.0,4.2
14.8539,1.0,0.0,0.0,0.0,4.2
14.9,1.0,0.0,0.0,0.0,4.2
14.9539,1.0,0.0,0.0,0.0,4.2
15.0,1.0,0.0,0.0,0.0,4.2
15.0539,1.0,0.0,0.0,0.0,4.2
15.1,1.0,0.0,0.0,0.0,4.2
15.1539,1.0,0.0,0.0,0.0,4.2
15.2,1.0,0.0,0.0,0.0,4.2
15.2539,1.0,0.0,0.0,0.0,4.2
15.3,1.0,0.0,0.0,0.0,4.2
15.3539,1.0,0.0,0.0,0.0,4.2
15.4,1.0,0.0,0.0,0.0,4.2
15.4539,1.0,0.0,0.0,0.0,4.2
15.5,1.0,0.0,0.0,0.0,4.2
15.5539,1.0,0.0,0.0,0.0,4.2
15.6,1.0,0.0,0.0,0.0,4.2
15.6539,1.0,0.0,0.0,0.0,4.2
15.7,1.0,0.0,0.0,0.0,4.2
15.7539,1.0,0.0,0.0,0.0,4.2
15.8,1.0,0.0,0.0,0.0,4.2
15.8539,1.0,0.0,0.0,0.0,4.2
15.9,1.0,0.0,0.0,0.0,4.2
15.9539,1.0,0.0,0.0,0.0,4.2
16.0,1.0,0.0,0.0,0.0,4.2
16.0539,1.0,0.0,0.0,0.0,4.2
16.1,1.0,0.0,0.0,0.0,4.2
16.1539,1.0,0.0,0.0,0.0,4.2
16.2,1.0,0.0,0.0,0.0,4.2
16.2539,1.0,0.0,0.0,0.0,4.2
16.3,1.0,0.0,0.0,0.0,4.2
16.3539,1.0,0.0,0.0,0.0,4.2
16.4,1.0,0.0,0.0,0.0,4.2
16.4539,1.0,0.0,0.0,0.0,4.2
16.5,1.0,0.0,0.0,0.0,4.2
16.5539,1.0,0.0,0.0,0.0,4.2
16.6,1.0,0.0,0.0,0.0,4.2
16.6539,1.0,0.0,0.0,0.0,4.2
16.7,1.0,0.0,0.0,0.0,4.2
16.7539,1.0,0.0,0.0,0.0,4.2
16.8,1.0,0.0,0.0,0.0,4.2
16.8539,1.0,0.0,0.0,0.0,4.2
16.9,1.0,0.0,0.0,0.0,4.2
16.9539,1.0,0.0,0.0,0.0,4.2
17.0,1.0,0.0,0.0,0.0,4.2
17.0539,1.0,0.0,0.0,0.0,4.2
17.1,1.0,0.0,0.0,0.0,4.2
17.1539,1.0,0.0,0.0,0.0,4.2
17.2,1.0,0.0,0.0,0.0,4.2
17.2539,1.0,0.0,0.0,0.0,4.2
17.3,1.0,0.0,0.0,0.0,4.2
17.3539,1.0,0.0,0.0,0.0,4.2
17.4,1.0,0.0,0.0,0.0,4.2
17.4539,1.0,0.0,0.0,0.0,4.2
17.5,1.0,0.0,0.0,0.0,4.2
17.5539,1.0,0.0,0.0,0.0,4.2
17.6,1.0,0.0,0.0,0.0,4.2
17.6539,1.0,0.0,0.0,0.0,4.2
17.7,1.0,0.0,0.0,0.0,4.2
17.7539,1.0,0.0,0.0,0.0,4.2
17.8,1.0,0.0,0.0,0.0,4.2
17.8539,1.0,0.0,0.0,0.0,4.2
17.9,1.0,0.0,0.0,0.0,4.2
17.9539,1.0,0.0,0.0,0.0,4.2
18.0,1.0,0.0,0.0,0.0,4.2
18.0539,1.0,0.0,0.0,0.0,4.2
18.1,1.0,0.0,0.0,0.0,4.2
18.1539,1.0,0.0,0.0,0.0,4.2
18.2,1.0,0.0,0.0,0.0,4.2
18.2539,1.0,0.0,0.0,0.0,4.2
18.3,1.0,0.0,0.0,0.0,4.2
18.3539,1.0,0.0,0.0,0.0,4.2
18.4,1.0,0.0,0.0,0.0,4.2
18.4539,1.0,0.0,0.0,0.0,4.2
18.5,1.0,0.0,0.0,0.0,4.2
18.5539,1.0,0.0,0.0,0.0,4.2
18.6,1.0,0.0,0.0,0.0,4.2
18.6539,1.0,0.0,0.0,0.0,4.2
18.7,1.0,0.0,0.0,0.0,4.2
18.7539,1.0,0.0,0.0,0.0,4.2
18.8,1.0,0.0,0.0,0.0,4.2
18.8539,1.0,0.0,0.0,0.0,4.2
18.9,1.0,0.0,0.0,0.0,4.2
18.9539,1.0,0.0,0.0,0.0,4.2
19.0,1.0,0.0,0.0,0.0,4.2
19.0539,1.0,0.0,0.0,0.0,4.2
19.1,1.0,0.0,0.0,0.0,4.2
19.1539,1.0,0.0,0.0,0.0,4.2
19.2,1.0,0.0,0.0,0.0,4.2
19.2539,1.0,0.0,0.0,0.0,4.2
19.3,1.0,0.0,0.0,0.0,4.2
19.3539,1.0,0.0,0.0,0.0,4.2
19.4,1.0,0.0,0.0,0.0,4.2
19.4539,1.0,0.0,0.0,0.0,4.2
19.5,1.0,0.0,0.0,0.0,4.2
19.5539,1.0,0.0,0.0,0.0,4.2
19.6,1.0,0.0,0.0,0.0,4.2
19.6539,1.0,0.0,0.0,0.0,4.2
19.7,1.0,0.0,0.0,0.0,4.2
19.7539,1.0,0.0,0.0,0.0,4.2
19.8,1.0,0.0,0.0,0.0,4.2
19.8539,1.0,0.0,0.0,0.0,4.2
19.9,1.0,0.0,0.0,0.0,4.2
19.9539,1.0,0.0,0.0,0.0,4.2
20.0,1.0,0.0,0.0,0.0,4.2
20.0539,1.0,0.0,0.0,0.0,4.2
20.1,1.0,0.0,0.0,0.0,4.2
20.1539,1.0,0.0,0.0,0.0,4.2
20.2,1.0,0.0,0.0,0.0,4.2
20.2539,1.0,0.0,0.0,0.0,4.2
20.3,1.0,0.0,0.0,0.0,4.2
20.3539,1.0,0.0,0.0,0.0,4.2
20.4,1.0,0.0,0.0,0.0,4.2
20.4539,1.0,0.0,0.0,0.0,4.2
20.5,1.0,0.0,0.0,0.0,4.2
20.5539,1.0,0.0,0.0,0.0,4.2
20.6,1.0,0.0,0.0,0.0,4.2
20.6539,1.0,0.0,0.0,0.0,4.2
20.7,1.0,0.0,0.0,0.0,4.2
20.7539,1.0,0.0,0.0,0.0,4.2
20.8,1.0,0.0,0.0,0.0,4.2
20.8539,1.0,0.0,0.0,0.0,4.2
20.9,1.0,0.0,0.0,0.0,4.2
20.9539,1.0,0.0,0.0,0.0,4.2
21.0,1.0,0.0,0.0,0.0,4.2
21.0539,1.0,0.0,0.0,0.0,4.2
21.1,1.0,0.0,0.0,0.0,4.2
21.1539,1.0,0.0,0.0,0.0,4.2
21.2,1.0,0.0,0.0,0.0,4.2
21.2539,1.0,0.0,0.0,0.0,4.2
21.3,1.0,0.0,0.0,0.0,4.2
21.3539,1.0,0.0,0.0,0.0,4.2
21.4,1.0,0.0,0.0,0.0,4.2
21.4539,1.0,0.0,0.0,0.0,4.2
21.5,1.0,0.0,0.0,0.0,4.2
21.5539,1.0,0.0,0.0,0.0,4.2
21.6,1.0,0.0,0.0,0.0,4.2
21.6539,1.0,0.0,0.0,0.0,4.2
21.7,1.0,0.0,0.0,0.0,4.2
21.7539,1.0,0.0,0.0,0.0,4.2
21.8,1.0,0.0,0.0,0.0,4.2
21.8539,1.0,0.0,0.0,0.0,4.2
21.9,1.0,0.0,0.0,0.0,4.2
21.9539,1.0,0.0,0.0,0.0,4.2
22.0,1.0,0.0,0.0,0.0,4.2
22.0539,1.0,0.0,0.0,0.0,4.2
22.1,1.0,0.0,0.0,0.0,4.2
22.1539,1.0,0.0,0.0,0.0,4.2
22.2,1.0,0.0,0.0,0.0,4.2
22.2539,1.0,0.0,0.0,0.0,4.2
22.3,1.0,0.0,0.0,0.0,4.2
22.3539,1.0,0.0,0.0,0.0,4.2
22.4,1.0,0.0,0.0,0.0,4.2
22.4539,1.0,0.0,0.0,0.0,4.2
22.5,1.0,0.0,0.0,0.0,4.2
22.5539,1.0,0.0,0.0,0.0,4.2
22.6,1.0,0.0,0.0,0.0,4.2
22.6539,1.0,0.0,0.0,0.0,4.2
22.7,1.0,0.0,0.0,0.0,4.2
22.7539,1.0,0.0,0.0,0.0,4.2
22.8,1.0,0.0,0.0,0.0,4.2
22.8539,1.0,0.0,0.0,0.0,4.2
22.9,1.0,0.0,0.0,0.0,4.2
22.9539,1.0,0.0,0.0,0.0,4.2
23.0,1.0,0.0,0.0,0.0,4.2
23.0539,1.0,0.0,0.0,0.0,4.2
23.1,1.0,0.0,0.0,0.0,4.2
23.1539,1.0,0.0,0.0,0.0,4.2
23.2,1.0,0.0,0.0,0.0,4.2
23.2539,1.0,0.0,0.0,0.0,4.2
23.3,1.0,0.0,0.0,0.0,4.2
23.3539,1.0,0.0,0.0,0.0,4.2
23.4,1.0,0.0,0.0,0.0,4.2
23.4539,1.0,0.0,0.0,0.0,4.2
23.5,1.0,0.0,0.0,0.0,4.2
23.5539,1.0,0.0,0.0,0.0,4.2
23.6,1.0,0.0,0.0,0.0,4.2
23.6539,1.0,0.0,0.0,0.0,4.2
23.7,1.0,0.0,0.0,0.0,4.2
23.7539,1.0,0.0,0.0,0.0,4.2
23.8,1.0,0.0,0.0,0.0,4.2
23.8539,1.0,0.0,0.0,0.0,4.2
23.9,1.0,0.0,0.0,0.0,4.2
23.9539,1.0,0.0,0.0,0.0,4.2
24.0,1.0,0.0,0.0,0.0,4.2
24.0539,1.0,0.0,0.0,0.0,4.2
24.1,1.0,0.0,0.0,0.0,4.2
24.1539,1.0,0.0,0.0,0.0,4.2
24.2,1.0,0.0,0.0,0.0,4.2
24.2539,1.0,0.0,0.0,0.0,4.2
24.3,1.0,0.0,0.0,0.0,4.2
24.3539,1.0,0.0,0.0,0.0,4.2
24.4,1.0,0.0,0.0,0.0,4.2
24.4539,1.0,0.0,0.0,0.0,4.2
24.5,1.0,0.0,0.0,0.0,4.2
24.5539,1.0,0.0,0.0,0.0,4.2
24.6,1.0,0.0,0.0,0.0,4.2
24.6539,1.0,0.0,0.0,0.0,4.2
24.7,1.0,0.0,0.0,0.0,4.2
24.7539,1.0,0.0,0.0,0.0,4.2
24.8,1.0,0.0,0.0,0.0,4.2
24.8539,1.0,0.0,0.0,0.0,4.2
24.9,1.0,0.0,0.0,0.0,4.2
24.9539,1.0,0.0,0.0,0.0,4.2
25.0,1.0,0.0,0.0,0.0,4.2
25.0539,1.0,0.0,0.0,0.0,4.2
25.1,1.0,0.0,0.0,0.0,4.2
25.1539,1.0,0.0,0.0,0.0,4.2
25.2,1.0,0.0,0.0,0.0,4.2
25.2539,1.0,0.0,0.0,0.0,4.2
25.3,1.0,0.0,0.0,0.0,4.2
25.3539,1.0,0.0,0.0,0.0,4.2
25.4,1.0,0.0,0.0,0.0,4.2
25.4539,1.0,0.0,0.0,0.0,4.2
25.5,1.0,0.0,0.0,0.0,4.2
25.5539,1.0,0.0,0.0,0.0,4.2
25.6,1.0,0.0,0.0,0.0,4.2
25.6539,1.0,0.0,0.0,0.0,4.2
25.7,1.0,0.0,0.0,0.0,4.2
25.7539,1.0,0.0,0.0,0.0,4.2
25.8,1.0,0.0,0.0,0.0,4.2
25.8539,1.0,0.0,0.0,0.0,4.2
25.9,1.0,0.0,0.0,0.0,4.2
25.9539,1.0,0.0,0.0,0.0,4.2
26.0,1.0,0.0,0.0,0.0,4.2
26.0539,1.0,0.0,0.0,0.0,4.2
26.1,1.0,0.0,0.0,0.0,4.2
26.1539,1.0,0.0,0.0,0.0,4.2
26.2,1.0,0.0,0.0,0.0,4.2
26.2539,1.0,0.0,0.0,0.0,4.2
26.3,1.0,0.0,0.0,0.0,4.2
26.3539,1.0,0.0,0.0,0.0,4.2
26.4,1.0,0.0,0.0,0.0,4.2
26.4539,1.0,0.0,0.0,0.0,4.2
26.5,1.0,0.0,0.0,0.0,4.2
26.5539,1.0,0.0,0.0,0.0,4.2
26.6,1.0,0.0,0.0,0.0,4.2
26.6539,1.0,0.0,0.0,0.0,4.2
26.7,1.0,0.0,0.0,0.0,4.2
26.7539,1.0,0.0,0.0,0.0,4.2
26.8,1.0,0.0,0.0,0.0,4.2
26.8539,1.0,0.0,0.0,0.0,4.2
26.9,1.0,0.0,0.0,0.0,4.2
26.9539,1.0,0.0,0.0,0.0,4.2
27.0,1.0,0.0,0.0,0.0,4.2
27.0539,1.0,0.0,0.0,0.0,4.2
27.1,1.0,0.0,0.0,0.0,4.2
27.1539,1.0,0.0,0.0,0.0,4.2
27.2,1.0,0.0,0.0,0.0,4.2
27.2539,1.0,0.0,0.0,0.0,4.2
27.3,1.0,0.0,0.0,0.0,4.2
27.3539,1.0,0.0,0.0,0.0,4.2
27.4,1.0,0.0,0.0,0.0,4.2
27.4539,1.0,0.0,0.0,0.0,4.2
27.5,1.0,0.0,0.0,0.0,4.2
27.5539,1.0,0.0,0.0,0.0,4.2
27.6,1.0,0.0,0.0,0.0,4.2
27.6539,1.0,0.0,0.0,0.0,4.2
27.7,1.0,0.0,0.0,0.0,4.2
27.7539,1.0,0.0,0.0,0.0,4.2
27.8,1.0,0.0,0.0,0.0,4.2
27.8539,1.0,0.0,0.0,0.0,4.2
27.9,1.0,0.0,0.0,0.0,4.2
27.9539,1.0,0.0,0.0,0.0,4.2
28.0,1.0,0.0,0.0,0.0,4.2
28.0539,1.0,0.0,0.0,0.0,4.2
28.1,1.0,0.0,0.0,0.0,4.2
28.1539,1.0,0.0,0.0,0.0,4.2
28.2,1.0,0.0,0.0,0.0,4.2
28.2539,1.0,0.0,0.0,0.0,4.2
28.3,1.0,0.0,0.0,0.0,4.2
28.3539,1.0,0.0,0.0,0.0,4.2
28.4,1.0,0.0,0.0,0.0,4.2
28.4539,1.0,0.0,0.0,0.0,4.2
28.5,1.0,0.0,0.0,0.0,4.2
28.5539,1.0,0.0,0.0,0.0,4.2
28.6,1.0,0.0,0.0,0.0,4.2
28.6539,1.0,0.0,0.0,0.0,4.2
28.7,1.0,0.0,0.0,0.0,4.2
28.7539,1.0,0.0,0.0,0.0,4.2
28.8,1.0,0.0,0.0,0.0,4.2
28.8539,1.0,0.0,0.0,0.0,4.2
28.9,1.0,0.0,0.0,0.0,4.2
28.9539,1.0,0.0,0.0,0.0,4.2
29.0,1.0,0.0,0.0,0.0,4.2
29.0539,1.0,0.0,0.0,0.0,4.2
29.1,1.0,0.0,0.0,0.0,4.2
29.1539,1.0,0.0,0.0,0.0,4.2
29.2,1.0,0.0,0.0,0.0,4.2
29.2539,1.0,0.0,0.0,0.0,4.2
29.3,1.0,0.0,0.0,0.0,4.2
29.3539,1.0,0.0,0.0,0.0,4.2
29.4,1.0,0.0,0.0,0.0,4.2
29.4539,1.0,0.0,0.0,0.0,4.2
29.5,1.0,0.0,0.0,0.0,4.2
29.5539,1.0,0.0,0.0,0.0,4.2
29.6,1.0,0.0,0.0,0.0,4.2
29.6539,1.0,0.0,0.0,0.0,4.2
29.7,1.0,0.0,0.0,0.0,4.2
29.7539,1.0,0.0,0.0,0.0,4.2
29.8,1.0,0.0,0.0,0.0,4.2
29.8539,1.0,0.0,0.0,0.0,4.2
29.9,1.0,0.0,0.0,0.0,4.2
29.9539,1.0,0.0,0.0,0.0,4.2
30.0,1.0,0.0,0.0,0.0,4.2
30.0539,1.0,0.0,0.0,0.0,4.2
30.1,1.0,0.0,0.0,0.0,4.2
30.1539,1.0,0.0,0.0,0.0,4.2
30.2,1.0,0.0,0.0,0.0,4.2
30.2539,1.0,0.0,0.0,0.0,4.2
30.3,1.0,0.0,0.0,0.0,4.2
30.3539,1.0,0.0,0.0,0.0,4.2
30.4,1.0,0.0,0.0,0.0,4.2
30.4539,1.0,0.0,0.0,0.0,4.2
30.5,1.0,0.0,0.0,0.0,4.2
30.5539,1.0,0.0,0.0,0.0,4.2
30.6,1.0,0.0,0.0,0.0,4.2
30.6539,1.0,0.0,0.0,0.0,4.2
30.7,1.0,0.0,0.0,0.0,4.2
30.7539,1.0,0.0,0.0,0.0,4.2
30.8,1.0,0.0,0.0,0.0,4.2
30.8539,1.0,0.0,0.0,0.0,4.2
30.9,1.0,0.0,0.0,0.0,4.2
30.9539,1.0,0.0,0.0,0.0,4.2
31.0,1.0,0.0,0.0,0.0,4.2
31.0539,1.0,0.0,0.0,0.0,4.2
31.1,1.0,0.0,0.0,0.0,4.2
31.1539,1.0,0.0,0.0,0.0,4.2
31.2,1.0,0.0,0.0,0.0,4.2
31.2539,1.0,0.0,0.0,0.0,4.2
31.3,1.0,0.0,0.0,0.0,4.2
31.3539,1.0,0.0,0.0,0.0,4.2
31.4,1.0,0.0,0.0,0.0,4.2
31.4539,1.0,0.0,0.0,0.0,4.2
31.5,1.0,0.0,0.0,0.0,4.2
31.5539,1.0,0.0,0.0,0.0,4.2
31.6,1.0,0.0,0.0,0.0,4.2
31.6539,1.0,0.0,0.0,0.0,4.2
31.7,1.0,0.0,0.0,0.0,4.2
31.7539,1.0,0.0,0.0,0.0,4.2
31.8,1.0,0.0,0.0,0.0,4.2
31.8539,1.0,0.0,0.0,0.0,4.2
31.9,1.0,0.0,0.0,0.0,4.2
31.9539,1.0,0.0,0.0,0.0,4.2
32.0,1.0,0.0,0.0,0.0,4.2
32.0539,1.0,0.0,0.0,0.0,4.2
32.1,1.0,0.0,0.0,0.0,4.2
32.1539,1.0,0.0,0.0,0.0,4.2
32.2,1.0,0.0,0.0,0.0,4.2
32.2539,1.0,0.0,0.0,0.0,4.2
32.3,1.0,0.0,0.0,0.0,4.2
32.3539,1.0,0.0,0.0,0.0,4.2
32.4,1.0,0.0,0.0,0.0,4.2
32.4539,1.0,0.0,0.0,0.0,4.2
32.5,1.0,0.0,0.0,0.0,4.2
32.5539,1.0,0.0,0.0,0.0,4.2
32.6,1.0,0.0,0.0,0.0,4.2
32.6539,1.0,0.0,0.0,0.0,4.2
32.7,1.0,0.0,0.0,0.0,4.2
32.7539,1.0,0.0,0.0,0.0,4.2
32.8,1.0,0.0,0.0,0.0,4.2
32.8539,1.0,0.0,0.0,0.0,4.2
32.9,1.0,0.0,0.0,0.0,4.2
32.9539,1.0,0.0,0.0,0.0,4.2
33.0,1.0,0.0,0.0,0.0,4.2
33.0539,1.0,0.0,0.0,0.0,4.2
33.1,1.0,0.0,0.0,0.0,4.2
33.1539,1.0,0.0,0.0,0.0,4.2
33.2,1.0,0.0,0.0,0.0,4.2
33.2539,1.0,0.0,0.0,0.0,4.2
33.3,1.0,0.0,0.0,0.0,4.2
33.3539,1.0,0.0,0.0,0.0,4.2
33.4,1.0,0.0,0.0,0.0,4.2
33.4539,1.0,0.0,0.0,0.0,4.2
33.5,1.0,0.0,0.0,0.0,4.2
33.5539,1.0,0.0,0.0,0.0,4.2
33.6,1.0,0.0,0.0,0.0,4.2
33.6539,1.0,0.0,0.0,0.0,4.2
33.7,1.0,0.0,0.0,0.0,4.2
33.7539,1.0,0.0,0.0,0.0,4.2
33.8,1.0,0.0,0.0,0.0,4.2
33.8539,1.0,0.0,0.0,0.0,4.2
33.9,1.0,0.0,0.0,0.0,4.2
33.9539,1.0,0.0,0.0,0.0,4.2
34.0,1.0,0.0,0.0,0.0,4.2
34.0539,1.0,0.0,0.0,0.0,4.2
34.1,1.0,0.0,0.0,0.0,4.2
34.1539,1.0,0.0,0.0,0.0,4.2
34.2,1.0,0.0,0.0,0.0,4.2
34.2539,1.0,0.0,0.0,0.0,4.2
34.3,1.0,0.0,0.0,0.0,4.2
34.3539,1.0,0.0,0.0,0.0,4.2
34.4,1.0,0.0,0.0,0.0,4.2
34.4539,1.0,0.0,0.0,0.0,4.2
34.5,1.0,0.0,0.0,0.0,4.2
34.5539,1.0,0.0,0.0,0.0,4.2
34.6,1.0,0.0,0.0,0.0,4.2
34.6539,1.0,0.0,0.0,0.0,4.2
34.7,1.0,0.0,0.0,0.0,4.2
34.7539,1.0,0.0,0.0,0.0,4.2
34.8,1.0,0.0,0.0,0.0,4.2
34.8539,1.0,0.0,0.0,0.0,4.2
34.9,1.0,0.0,0.0,0.0,4.2
34.9539,1.0,0.0,0.0,0.0,4.2
35.0,1.0,0.0,0.0,0.0,4.2
35.0539,1.0,0.0,0.0,0.0,4.2
35.1,1.0,0.0,0.0,0.0,4.2
35.1539,1.0,0.0,0.0,0.0,4.2
35.2,1.0,0.0,0.0,0.0,4.2
35.2539,1.0,0.0,0.0,0.0,4.2
35.3,1.0,0.0,0.0,0.0,4.2
35.3539,1.0,0.0,0.0,0.0,4.2
35.4,1.0,0.0,0.0,0.0,4.2
35.4539,1.0,0.0,0.0,0.0,4.2
35.5,1.0,0.0,0.0,0.0,4.2
35.5539,1.0,0.0,0.0,0.0,4.2
35.6,1.0,0.0,0.0,0.0,4.2
35.6539,1.0,0.0,0.0,0.0,4.2
35.7,1.0,0.0,0.0,0.0,4.2
35.7539,1.0,0.0,0.0,0.0,4.2
35.8,1.0,0.0,0.0,0.0,4.2
35.8539,1.0,0.0,0.0,0.0,4.2
35.9,1.0,0.0,0.0,0.0,4.2
35.9539,1.0,0.0,0.0,0.0,4.2
36.0,1.0,0.0,0.0,0.0,4.2
36.0539,1.0,0.0,0.0,0.0,4.2
36.1,1.0,0.0,0.0,0.0,4.2
36.1539,1.0,0.0,0.0,0.0,4.2
36.2,1.0,0.0,0.0,0.0,4.2
36.2539,1.0,0.0,0.0,0.0,4.2
36.3,1.0,0.0,0.0,0.0,4.2
36.3539,1.0,0.0,0.0,0.0,4.2
36.4,1.0,0.0,0.0,0.0,4.2
36.4539,1.0,0.0,0.0,0.0,4.2
36.5,1.0,0.0,0.0,0.0,4.2
36.5539,1.0,0.0,0.0,0.0,4.2
36.6,1.0,0.0,0.0,0.0,4.2
36.6539,1.0,0.0,0.0,0.0,4.2
36.7,1.0,0.0,0.0,0.0,4.2
36.7539,1.0,0.0,0.0,0.0,4.2
36.8,1.0,0.0,0.0,0.0,4.2
36.8539,1.0,0.0,0.0,0.0,4.2
36.9,1.0,0.0,0.0,0.0,4.2
36.9539,1.0,0.0,0.0,0.0,4.2
37.0,1.0,0.0,0.0,0.0,4.2
37.0539,1.0,0.0,0.0,0.0,4.2
37.1,1.0,0.0,0.0,0.0,4.2
37.1539,1.0,0.0,0.0,0.0,4.2
37.2,1.0,0.0,0.0,0.0,4.2
37.2539,1.0,0.0,0.0,0.0,4.2
37.3,1.0,0.0,0.0,0.0,4.2
37.3539,1.0,0.0,0.0,0.0,4.2
37.4,1.0,0.0,0.0,0.0,4.2
37.4539,1.0,0.0,0.0,0.0,4.2
37.5,1.0,0.0,0.0,0.0,4.2
37.5539,1.0,0.0,0.0,0.0,4.2
37.6,1.0,0.0,0.0,0.0,4.2
37.6539,1.0,0.0,0.0,0.0,4.2
37.7,1.0,0.0,0.0,0.0,4.2
37.7539,1.0,0.0,0.0,0.0,4.2
37.8,1.0,0.0,0.0,0.0,4.2
37.8539,1.0,0.0,0.0,0.0,4.2
37.9,1.0,0.0,0.0,0.0,4.2
37.9539,1.0,0.0,0.0,0.0,4.2
38.0,1.0,0.0,0.0,0.0,4.2
38.0539,1.0,0.0,0.0,0.0,4.2
38.1,1.0,0.0,0.0,0.0,4.2
38.1539,1.0,0.0,0.0,0.0,4.2
38.2,1.0,0.0,0.0,0.0,4.2
38.2539,1.0,0.0,0.0,0.0,4.2
38.3,1.0,0.0,0.0,0.0,4.2
38.3539,1.0,0.0,0.0,0.0,4.2
38.4,1.0,0.0,0.0,0.0,4.2
38.4539,1.0,0.0,0.0,0.0,4.2
38.5,1.0,0.0,0.0,0.0,4.2
38.5539,1.0,0.0,0.0,0.0,4.2
38.6,1.0,0.0,0.0,0.0,4.2
38.6539,1.0,0.0,0.0,0.0,4.2
38.7,1.0,0.0,0.0,0.0,4.2
38.7539,1.0,0.0,0.0,0.0,4.2
38.8,1.0,0.0,0.0,0.0,4.2
38.8539,1.0,0.0,0.0,0.0,4.2
38.9,1.0,0.0,0.0,0.0,4.2
38.9539,1.0,0.0,0.0,0.0,4.2
39.0,1.0,0.0,0.0,0.0,4.2
39.0539,1.0,0.0,0.0,0.0,4.2
39.1,1.0,0.0,0.0,0.0,4.2
39.1539,1.0,0.0,0.0,0.0,4.2
39.2,1.0,0.0,0.0,0.0,4.2
39.2539,1.0,0.0,0.0,0.0,4.2
39.3,1.0,0.0,0.0,0.0,4.2
39.3539,1.0,0.0,0.0,0.0,4.2
39.4,1.0,0.0,0.0,0.0,4.2
39.4539,1.0,0.0,0.0,0.0,4.2
39.5,1.0,0.0,0.0,0.0,4.2
39.5539,1.0,0.0,0.0,0.0,4.2
39.6,1.0,0.0,0.0,0.0,4.2
39.6539,1.0,0.0,0.0,0.0,4.2
39.7,1.0,0.0,0.0,0.0,4.2
39.7539,1.0,0.0,0.0,0.0,4.2
39.8,1.0,0.0,0.0,0.0,4.2
39.8539,1.0,0.0,0.0,0.0,4.2
39.9,1.0,0.0,0.0,0.0,4.2
39.9539,1.0,0.0,0.0,0.0,4.2
40.0,1.0,0.0,0.0,0.0,4.2
40.0539,1.0,0.0,0.0,0.0,4.2
40.1,1.0,0.0,0.0,0.0,4.2
40.1539,1.0,0.0,0.0,0.0,4.2
40.2,1.0,0.0,0.0,0.0,4.2
40.2539,1.0,0.0,0.0,0.0,4.2
40.3,1.0,0.0,0.0,0.0,4.2
40.3539,1.0,0.0,0.0,0.0,4.2
40.4,1.0,0.0,0.0,0.0,4.2
40.4539,1.0,0.0,0.0,0.0,4.2
40.5,1.0,0.0,0.0,0.0,4.2
40.5539,1.0,0.0,0.0,0.0,4.2
40.6,1.0,0.0,0.0,0.0,4.2
40.6539,1.0,0.0,0.0,0.0,4.2
40.7,1.0,0.0,0.0,0.0,4.2
40.7539,1.0,0.0,0.0,0.0,4.2
40.8,1.0,0.0,0.0,0.0,4.2
40.8539,1.0,0.0,0.0,0.0,4.2
40.9,1.0,0.0,0.0,0.0,4.2
40.9539,1.0,0.0,0.0,0.0,4.2
41.0,1.0,0.0,0.0,0.0,4.2
41.0539,1.0,0.0,0.0,0.0,4.2
41.1,1.0,0.0,0.0,0.0,4.2
41.1539,1.0,0.0,0.0,0.0,4.2
41.2,1.0,0.0,0.0,0.0,4.2
41.2539,1.0,0.0,0.0,0.0,4.2
41.3,1.0,0.0,0.0,0.0,4.2
41.3539,1.0,0.0,0.0,0.0,4.2
41.4,1.0,0.0,0.0,0.0,4.2
41.4539,1.0,0.0,0.0,0.0,4.2
41.5,1.0,0.0,0.0,0.0,4.2
41.5539,1.0,0.0,0.0,0.0,4.2
41.6,1.0,0.0,0.0,0.0,4.2
41.6539,1.0,0.0,0.0,0.0,4.2
41.7,1.0,0.0,0.0,0.0,4.2
41.7539,1.0,0.0,0.0,0.0,4.2
41.8,1.0,0.0,0.0,0.0,4.2
41.8539,1.0,0.0,0.0,0.0,4.2
41.9,1.0,0.0,0.0,0.0,4.2
41.9539,1.0,0.0,0.0,0.0,4.2
42.0,1.0,0.0,0.0,0.0,4.2
42.0539,1.0,0.0,0.0,0.0,4.2
42.1,1.0,0.0,0.0,0.0,4.2
42.1539,1.0,0.0,0.0,0.0,4.2
42.2,1.0,0.0,0.0,0.0,4.2
42.2539,1.0,0.0,0.0,0.0,4.2
42.3,1.0,0.0,0.0,0.0,4.2
42.3539,1.0,0.0,0.0,0.0,4.2
42.4,1.0,0.0,0.0,0.0,4.2
42.4539,1.0,0.0,0.0,0.0,4.2
42.5,1.0,0.0,0.0,0.0,4.2
42.5539,1.0,0.0,0.0,0.0,4.2
42.6,1.0,0.0,0.0,0.0,4.2
42.6539,1.0,0.0,0.0,0.0,4.2
42.7,1.0,0.0,0.0,0.0,4.2
42.7539,1.0,0.0,0.0,0.0,4.2
42.8,1.0,0.0,0.0,0.0,4.2
42.8539,1.0,0.0,0.0,0.0,4.2
42.9,1.0,0.0,0.0,0.0,4.2
42.9539,1.0,0.0,0.0,0.0,4.2
43.0,1.0,0.0,0.0,0.0,4.2
43.0539,1.0,0.0,0.0,0.0,4.2
43.1,1.0,0.0,0.0,0.0,4.2
43.1539,1.0,0.0,0.0,0.0,4.2
43.2,1.0,0.0,0.0,0.0,4.2
43.2539,1.0,0.0,0.0,0.0,4.2
43.3,1.0,0.0,0.0,0.0,4.2
43.3539,1.0,0.0,0.0,0.0,4.2
43.4,1.0,0.0,0.0,0.0,4.2
43.4539,1.0,0.0,0.0,0.0,4.2
43.5,1.0,0.0,0.0,0.0,4.2
43.5539,1.0,0.0,0.0,0.0,4.2
43.6,1.0,0.0,0.0,0.0,4.2
43.6539,1.0,0.0,0.0,0.0,4.2
43.7,1.0,0.0,0.0,0.0,4.2
43.7539,1.0,0.0,0.0,0.0,4.2
43.8,1.0,0.0,0.0,0.0,4.2
43.8539,1.0,0.0,0.0,0.0,4.2
43.9,1.0,0.0,0.0,0.0,4.2
43.9539,1.0,0.0,0.0,0.0,4.2
44.0,1.0,0.0,0.0,0.0,4.2
44.0539,1.0,0.0,0.0,0.0,4.2
44.1,1.0,0.0,0.0,0.0,4.2
44.1539,1.0,0.0,0.0,0.0,4.2
44.2,1.0,0.0,0.0,0.0,4.2
44.2539,1.0,0.0,0.0,0.0,4.2
44.3,1.0,0.0,0.0,0.0,4.2
44.3539,1.0,0.0,0.0,0.0,4.2
44.4,1.0,0.0,0.0,0.0,4.2
44.4539,1.0,0.0,0.0,0.0,4.2
44.5,1.0,0.0,0.0,0.0,4.2
44.5539,1.0,0.0,0.0,0.0,4.2
44.6,1.0,0.0,0.0,0.0,4.2
44.6539,1.0,0.0,0.0,0.0,4.2
44.7,1.0,0.0,0.0,0.0,4.2
44.7539,1.0,0.0,0.0,0.0,4.2
44.8,1.0,0.0,0.0,0.0,4.2
44.8539,1.0,0.0,0.0,0.0,4.2
44.9,1.0,0.0,0.0,0.0,4.2
44.9539,1.0,0.0,0.0,0.0,4.2
45.0,1.0,0.0,0.0,0.0,4.2
45.0539,1.0,0.0,0.0,0.0,4.2
45.1,1.0,0.0,0.0,0.0,4.2
45.1539,1.0,0.0,0.0,0.0,4.2
45.2,1.0,0.0,0.0,0.0,4.2
45.2539,1.0,0.0,0.0,0.0,4.2
45.3,1.0,0.0,0.0,0.0,4.2
45.3539,1.0,0.0,0.0,0.0,4.2
45.4,1.0,0.0,0.0,0.0,4.2
45.4539,1.0,0.0,0.0,0.0,4.2
45.5,1.0,0.0,0.0,0.0,4.2
45.5539,1.0,0.0,0.0,0.0,4.2
45.6,1.0,0.0,0.0,0.0,4.2
45.6539,1.0,0.0,0.0,0.0,4.2
45.7,1.0,0.0,0.0,0.0,4.2
45.7539,1.0,0.0,0.0,0.0,4.2
45.8,1.0,0.0,0.0,0.0,4.2
45.8539,1.0,0.0,0.0,0.0,4.2
45.9,1.0,0.0,0.0,0.0,4.2
45.9539,1.0,0.0,0.0,0.0,4.2
46.0,1.0,0.0,0.0,0.0,4.2
46.0539,1.0,0.0,0.0,0.0,4.2
46.1,1.0,0.0,0.0,0.0,4.2
46.1539,1.0,0.0,0.0,0.0,4.2
46.2,1.0,0.0,0.0,0.0,4.2
46.2539,1.0,0.0,0.0,0.0,4.2
46.3,1.0,0.0,0.0,0.0,4.2
46.3539,1.0,0.0,0.0,0.0,4.2
46.4,1.0,0.0,0.0,0.0,4.2
46.4539,1.0,0.0,0.0,0.0,4.2
46.5,1.0,0.0,0.0,0.0,4.2
46.5539,1.0,0.0,0.0,0.0,4.2
46.6,1.0,0.0,0.0,0.0,4.2
46.6539,1.0,0.0,0.0,0.0,4.2
46.7,1.0,0.0,0.0,0.0,4.2
46.7539,1.0,0.0,0.0,0.0,4.2
46.8,1.0,0.0,0.0,0.0,4.2
46.8539,1.0,0.0,0.0,0.0,4.2
46.9,1.0,0.0,0.0,0.0,4.2
46.9539,1.0,0.0,0.0,0.0,4.2
47.0,1.0,0.0,0.0,0.0,4.2
47.0539,1.0,0.0,0.0,0.0,4.2
47.1,1.0,0.0,0.0,0.0,4.2
47.1539,1.0,0.0,0.0,0.0,4.2
47.2,1.0,0.0,0.0,0.0,4.2
47.2539,1.0,0.0,0.0,0.0,4.2
47.3,1.0,0.0,0.0,0.0,4.2
47.3539,1.0,0.0,0.0,0.0,4.2
47.4,1.0,0.0,0.0,0.0,4.2
47.4539,1.0,0.0,0.0,0.0,4.2
47.5,1.0,0.0,0.0,0.0,4.2
47.5539,1.0,0.0,0.0,0.0,4.2
47.6,1.0,0.0,0.0,0.0,4.2
47.6539,1.0,0.0,0.0,0.0,4.2
47.7,1.0,0.0,0.0,0.0,4.2
47.7539,1.0,0.0,0.0,0.0,4.2
47.8,1.0,0.0,0.0,0.0,4.2
47.8539,1.0,0.0,0.0,0.0,4.2
47.9,1.0,0.0,0.0,0.0,4.2
47.9539,1.0,0.0,0.0,0.0,4.2
48.0,1.0,0.0,0.0,0.0,4.2
48.0539,1.0,0.0,0.0,0.0,4.2
48.1,1.0,0.0,0.0,0.0,4.2
48.1539,1.0,0.0,0.0,0.0,4.2
48.2,1.0,0.0,0.0,0.0,4.2
48.2539,1.0,0.0,0.0,0.0,4.2
48.3,1.0,0.0,0.0,0.0,4.2
48.3539,1.0,0.0,0.0,0.0,4.2
48.4,1.0,0.0,0.0,0.0,4.2
48.4539,1.0,0.0,0.0,0.0,4.2
48.5,1.0,0.0,0.0,0.0,4.2
48.5539,1.0,0.0,0.0,0.0,4.2
48.6,1.0,0.0,0.0,0.0,4.2
48.6539,1.0,0.0,0.0,0.0,4.2
48.7,1.0,0.0,0.0,0.0,4.2
48.7539,1.0,0.0,0.0,0.0,4.2
48.8,1.0,0.0,0.0,0.0,4.2
48.8539,1.0,0.0,0.0,0.0,4.2
48.9,1.0,0.0,0.0,0.0,4.2
48.9539,1.0,0.0,0.0,0.0,4.2
49.0,1.0,0.0,0.0,0.0,4.2
49.0539,1.0,0.0,0.0,0.0,4.2
49.1,1.0,0.0,0.0,0.0,4.2
49.1539,1.0,0.0,0.0,0.0,4.2
49.2,1.0,0.0,0.0,0.0,4.2
49.2539,1.0,0.0,0.0,0.0,4.2
49.3,1.0,0.0,0.0,0.0,4.2
49.3539,1.0,0.0,0.0,0.0,4.2
49.4,1.0,0.0,0.0,0.0,4.2
49.4539,1.0,0.0,0.0,0.0,4.2
49.5,1.0,0.0,0.0,0.0,4.2
49.5539,1.0,0.0,0.0,0.0,4.2
49.6,1.0,0.0,0.0,0.0,4.2
49.6539,1.0,0.0,0.0,0.0,4.2
49.7,1.0,0.0,0.0,0.0,4.2
49.7539,1.0,0.0,0.0,0.0,4.2
49.8,1.0,0.0,0.0,0.0,4.2
49.8539,1.0,0.0,0.0,0.0,4.2
49.9,1.0,0.0,0.0,0.0,4.2
49.9539,1.0,0.0,0.0,0.0,4.2
50.0,1.0,0.0,0.0,0.0,4.2
50.0539,1.0,0.0,0.0,0.0,4.2
50.1,1.0,0.0,0.0,0.0,4.2
50.1539,1.0,0.0,0.0,0.0,4.2
50.2,1.0,0.0,0.0,0.0,4.2
50.2539,1.0,0.0,0.0,0.0,4.2
50.3,1.0,0.0,0.0,0.0,4.2
50.3539,1.0,0.0,0.0,0.0,4.2
50.4,1.0,0.0,0.0,0.0,4.2
50.4539,1.0,0.0,0.0,0.0,4.2
50.5,1.0,0.0,0.0,0.0,4.2
50.5539,1.0,0.0,0.0,0.0,4.2
50.6,1.0,0.0,0.0,0.0,4.2
50.6539,1.0,0.0,0.0,0.0,4.2
50.7,1.0,0.0,0.0,0.0,4.2
50.7539,1.0,0.0,0.0,0.0,4.2
50.8,1.0,0.0,0.0,0.0,4.2
50.8539,1.0,0.0,0.0,0.0,4.2
50.9,1.0,0.0,0.0,0.0,4.2
50.9539,1.0,0.0,0.0,0.0,4.2
51.0,1.0,0.0,0.0,0.0,4.2
51.0539,1.0,0.0,0.0,0.0,4.2
51.1,1.0,0.0,0.0,0.0,4.2
51.1539,1.0,0.0,0.0,0.0,4.2
51.2,1.0,0.0,0.0,0.0,4.2
51.2539,1.0,0.0,0.0,0.0,4.2
51.3,1.0,0.0,0.0,0.0,4.2
51.3539,1.0,0.0,0.0,0.0,4.2
51.4,1.0,0.0,0.0,0.0,4.2
51.4539,1.0,0.0,0.0,0.0,4.2
51.5,1.0,0.0,0.0,0.0,4.2
51.5539,1.0,0.0,0.0,0.0,4.2
51.6,1.0,0.0,0.0,0.0,4.2
51.6539,1.0,0.0,0.0,0.0,4.2
51.7,1.0,0.0,0.0,0.0,4.2
51.7539,1.0,0.0,0.0,0.0,4.2
51.8,1.0,0.0,0.0,0.0,4.2
51.8539,1.0,0.0,0.0,0.0,4.2
51.9539,1.0,0.0,0.0,0.0,4.2
52.0539,1.0,0.0,0.0,0.0,4.2
52.1539,1.0,0.0,0.0,0.0,4.2
52.2539,1.0,0.0,0.0,0.0,4.2
52.3539,1.0,0.0,0.0,0.0,4.2
52.4539,1.0,0.0,0.0,0.0,4.2
52.5539,1.0,0.0,0.0,0.0,4.2
52.6539,1.0,0.0,0.0,0.0,4.2
52.7539,1.0,0.0,0.0,0.0,4.2
52.8539,1.0,0.0,0.0,0.0,4.2
