Time (seconds), Duration (seconds),pred_unlabelled,pred_Air,pred_Floor,pred_Carpet
0.00000,1.05394,0.99650,0.00003,0.00017,0.00330
0.10000,1.05394,0.99411,0.00003,0.00055,0.00531
0.20000,1.05394,0.98384,0.00001,0.00062,0.01552
0.30000,1.05394,0.94560,0.00004,0.00200,0.05235
0.40000,1.05394,0.87250,0.00006,0.00266,0.12478
0.50000,1.05394,0.73184,0.00012,0.00334,0.26470
0.60000,1.05394,0.28441,0.00008,0.00091,0.71460
0.70000,1.05394,0.15537,0.00017,0.00143,0.84304
0.80000,1.05394,0.02216,0.00010,0.00128,0.97646
0.90000,1.05394,0.01077,0.00021,0.00106,0.98796
1.00000,1.05394,0.00404,0.00020,0.00061,0.99515
1.10000,1.05394,0.00483,0.00070,0.00067,0.99380
1.20000,1.05394,0.00538,0.00056,0.00085,0.99321
1.30000,1.05394,0.00458,0.00064,0.00090,0.99388
1.40000,1.05394,0.00518,0.00050,0.00123,0.99308
1.50000,1.05394,0.00672,0.00058,0.00149,0.99121
1.60000,1.05394,0.00755,0.00056,0.00167,0.99022
1.70000,1.05394,0.00818,0.00067,0.00192,0.98924
1.80000,1.05394,0.00756,0.00042,0.00206,0.98997
1.90000,1.05394,0.00625,0.00048,0.00230,0.99096
2.00000,1.05394,0.00558,0.00049,0.00188,0.99206
2.10000,1.05394,0.00505,0.00055,0.00180,0.99259
2.20000,1.05394,0.00455,0.00055,0.00147,0.99342
2.30000,1.05394,0.00520,0.00055,0.00109,0.99316
2.40000,1.05394,0.00269,0.00044,0.00072,0.99615
2.50000,1.05394,0.00276,0.00067,0.00060,0.99597
2.60000,1.05394,0.00253,0.00080,0.00054,0.99613
2.70000,1.05394,0.00248,0.00066,0.00042,0.99644
2.80000,1.05394,0.00177,0.00051,0.00034,0.99737
2.90000,1.05394,0.00198,0.00048,0.00036,0.99718
3.00000,1.05394,0.00205,0.00040,0.00038,0.99717
3.10000,1.05394,0.00199,0.00058,0.00030,0.99713
3.20000,1.05394,0.00233,0.00046,0.00023,0.99698
3.30000,1.05394,0.00184,0.00043,0.00019,0.99754
3.40000,1.05394,0.00250,0.00055,0.00025,0.99670
3.50000,1.05394,0.00206,0.00042,0.00018,0.99734
3.60000,1.05394,0.00276,0.00043,0.00025,0.99656
3.70000,1.05394,0.00244,0.00036,0.00018,0.99702
3.80000,1.05394,0.00229,0.00042,0.00020,0.99709
3.90000,1.05394,0.00272,0.00064,0.00024,0.99640
4.00000,1.05394,0.00358,0.00073,0.00044,0.99525
4.10000,1.05394,0.00254,0.00040,0.00024,0.99682
4.20000,1.05394,0.00300,0.00042,0.00042,0.99617
4.30000,1.05394,0.00195,0.00044,0.00034,0.99727
4.40000,1.05394,0.00254,0.00038,0.00052,0.99656
4.50000,1.05394,0.00138,0.00031,0.00029,0.99801
4.60000,1.05394,0.00207,0.00024,0.00048,0.99721
4.70000,1.05394,0.00160,0.00030,0.00047,0.99763
4.80000,1.05394,0.00219,0.00022,0.00044,0.99716
4.90000,1.05394,0.00212,0.00024,0.00039,0.99725
5.00000,1.05394,0.00299,0.00025,0.00075,0.99601
5.10000,1.05394,0.00271,0.00020,0.00065,0.99645
5.20000,1.05394,0.00422,0.00028,0.00089,0.99461
5.30000,1.05394,0.00387,0.00027,0.00098,0.99488
5.40000,1.05394,0.00418,0.00038,0.00103,0.99441
5.50000,1.05394,0.00553,0.00049,0.00112,0.99286
5.60000,1.05394,0.00434,0.00059,0.00084,0.99422
5.70000,1.05394,0.00409,0.00069,0.00093,0.99429
5.80000,1.05394,0.00420,0.00069,0.00051,0.99459
5.90000,1.05394,0.00339,0.00089,0.00051,0.99520
6.00000,1.05394,0.00394,0.00070,0.00034,0.99503
6.10000,1.05394,0.00276,0.00097,0.00030,0.99597
6.20000,1.05394,0.00280,0.00080,0.00020,0.99619
6.30000,1.05394,0.00320,0.00084,0.00026,0.99570
6.40000,1.05394,0.00325,0.00080,0.00022,0.99573
6.50000,1.05394,0.00263,0.00059,0.00017,0.99661
6.60000,1.05394,0.00217,0.00033,0.00013,0.99738
6.70000,1.05394,0.00311,0.00029,0.00019,0.99642
6.80000,1.05394,0.00276,0.00020,0.00020,0.99684
6.90000,1.05394,0.00197,0.00019,0.00023,0.99761
7.00000,1.05394,0.00257,0.00014,0.00041,0.99688
7.10000,1.05394,0.00260,0.00011,0.00059,0.99670
7.20000,1.05394,0.00213,0.00004,0.00060,0.99724
7.30000,1.05394,0.00149,0.00006,0.00057,0.99788
7.40000,1.05394,0.00187,0.00004,0.00076,0.99733
7.50000,1.05394,0.00133,0.00007,0.00055,0.99806
7.60000,1.05394,0.00216,0.00011,0.00082,0.99690
7.70000,1.05394,0.00153,0.00015,0.00063,0.99769
7.80000,1.05394,0.00164,0.00020,0.00066,0.99750
7.90000,1.05394,0.00125,0.00025,0.00058,0.99791
8.00000,1.05394,0.00147,0.00038,0.00048,0.99767
8.10000,1.05394,0.00141,0.00037,0.00023,0.99799
8.20000,1.05394,0.00167,0.00060,0.00026,0.99747
8.30000,1.05394,0.00157,0.00033,0.00017,0.99794
8.40000,1.05394,0.00145,0.00065,0.00021,0.99769
8.50000,1.05394,0.00156,0.00035,0.00016,0.99792
8.60000,1.05394,0.00137,0.00049,0.00017,0.99796
8.70000,1.05394,0.00123,0.00035,0.00013,0.99828
8.80000,1.05394,0.00185,0.00065,0.00021,0.99729
8.90000,1.05394,0.00165,0.00061,0.00017,0.99758
9.00000,1.05394,0.00175,0.00066,0.00020,0.99740
9.10000,1.05394,0.00170,0.00048,0.00021,0.99762
9.20000,1.05394,0.00231,0.00082,0.00034,0.99653
9.30000,1.05394,0.00306,0.00070,0.00053,0.99571
9.40000,1.05394,0.00352,0.00068,0.00061,0.99518
9.50000,1.05394,0.00441,0.00056,0.00097,0.99407
9.60000,1.05394,0.00416,0.00043,0.00113,0.99428
9.70000,1.05394,0.00580,0.00031,0.00204,0.99185
9.80000,1.05394,0.00491,0.00024,0.00216,0.99269
9.90000,1.05394,0.00642,0.00030,0.00280,0.99047
10.00000,1.05394,0.00570,0.00026,0.00332,0.99072
10.10000,1.05394,0.00698,0.00022,0.00353,0.98927
10.20000,1.05394,0.00806,0.00020,0.00394,0.98779
10.30000,1.05394,0.00617,0.00023,0.00467,0.98893
10.40000,1.05394,0.00622,0.00018,0.00288,0.99073
10.50000,1.05394,0.00614,0.00027,0.00227,0.99132
10.60000,1.05394,0.00866,0.00056,0.00191,0.98886
10.70000,1.05394,0.00645,0.00075,0.00116,0.99164
10.80000,1.05394,0.00542,0.00054,0.00085,0.99319
10.90000,1.05394,0.00506,0.00062,0.00066,0.99365
11.00000,1.05394,0.00439,0.00050,0.00070,0.99441
11.10000,1.05394,0.00315,0.00068,0.00035,0.99582
11.20000,1.05394,0.00299,0.00079,0.00035,0.99587
11.30000,1.05394,0.00355,0.00098,0.00034,0.99513
11.40000,1.05394,0.00381,0.00082,0.00048,0.99489
11.50000,1.05394,0.00355,0.00059,0.00034,0.99552
11.60000,1.05394,0.00331,0.00059,0.00045,0.99565
11.70000,1.05394,0.00457,0.00059,0.00058,0.99427
11.80000,1.05394,0.00294,0.00052,0.00040,0.99614
11.90000,1.05394,0.00334,0.00034,0.00029,0.99603
12.00000,1.05394,0.00509,0.00051,0.00050,0.99390
12.10000,1.05394,0.00351,0.00042,0.00052,0.99554
12.20000,1.05394,0.00319,0.00033,0.00045,0.99604
12.30000,1.05394,0.00291,0.00025,0.00037,0.99647
12.40000,1.05394,0.00291,0.00020,0.00034,0.99654
12.50000,1.05394,0.00208,0.00023,0.00026,0.99744
12.60000,1.05394,0.00211,0.00029,0.00026,0.99734
12.70000,1.05394,0.00261,0.00050,0.00031,0.99658
12.80000,1.05394,0.00227,0.00044,0.00025,0.99704
12.90000,1.05394,0.00214,0.00038,0.00024,0.99724
13.00000,1.05394,0.00172,0.00026,0.00017,0.99785
13.10000,1.05394,0.00162,0.00032,0.00015,0.99790
13.20000,1.05394,0.00167,0.00033,0.00020,0.99781
13.30000,1.05394,0.00187,0.00036,0.00014,0.99763
13.40000,1.05394,0.00189,0.00028,0.00015,0.99769
13.50000,1.05394,0.00300,0.00031,0.00019,0.99650
13.60000,1.05394,0.00205,0.00023,0.00021,0.99751
13.70000,1.05394,0.00240,0.00012,0.00016,0.99732
13.80000,1.05394,0.00211,0.00012,0.00019,0.99758
13.90000,1.05394,0.00298,0.00014,0.00015,0.99672
14.00000,1.05394,0.00351,0.00023,0.00036,0.99590
14.10000,1.05394,0.00534,0.00018,0.00041,0.99407
14.20000,1.05394,0.00438,0.00024,0.00069,0.99468
14.30000,1.05394,0.00669,0.00026,0.00072,0.99233
14.40000,1.05394,0.00474,0.00043,0.00088,0.99394
14.50000,1.05394,0.00430,0.00035,0.00049,0.99487
14.60000,1.05394,0.00441,0.00048,0.00085,0.99426
14.70000,1.05394,0.00433,0.00057,0.00075,0.99435
14.80000,1.05394,0.00351,0.00062,0.00069,0.99518
14.90000,1.05394,0.00263,0.00056,0.00042,0.99640
15.00000,1.05394,0.00388,0.00098,0.00056,0.99458
15.10000,1.05394,0.00189,0.00044,0.00029,0.99739
15.20000,1.05394,0.00235,0.00038,0.00045,0.99682
15.30000,1.05394,0.00224,0.00034,0.00079,0.99663
15.40000,1.05394,0.00255,0.00034,0.00080,0.99630
15.50000,1.05394,0.00255,0.00029,0.00073,0.99644
15.60000,1.05394,0.00237,0.00023,0.00056,0.99683
15.70000,1.05394,0.00194,0.00022,0.00074,0.99710
15.80000,1.05394,0.00256,0.00026,0.00077,0.99642
15.90000,1.05394,0.00140,0.00021,0.00059,0.99780
16.00000,1.05394,0.00201,0.00023,0.00066,0.99709
16.10000,1.05394,0.00142,0.00029,0.00040,0.99789
16.20000,1.05394,0.00255,0.00029,0.00055,0.99661
16.30000,1.05394,0.00191,0.00024,0.00041,0.99744
16.40000,1.05394,0.00196,0.00022,0.00048,0.99735
16.50000,1.05394,0.00186,0.00018,0.00054,0.99742
16.60000,1.05394,0.00192,0.00019,0.00061,0.99727
16.70000,1.05394,0.00320,0.00022,0.00101,0.99557
16.80000,1.05394,0.00304,0.00014,0.00066,0.99616
16.90000,1.05394,0.00323,0.00007,0.00078,0.99593
17.00000,1.05394,0.00524,0.00013,0.00087,0.99375
17.10000,1.05394,0.00469,0.00015,0.00085,0.99431
17.20000,1.05394,0.00557,0.00027,0.00102,0.99313
17.30000,1.05394,0.00506,0.00031,0.00086,0.99378
17.40000,1.05394,0.00705,0.00062,0.00106,0.99127
17.50000,1.05394,0.00786,0.00078,0.00087,0.99048
17.60000,1.05394,0.00508,0.00079,0.00079,0.99334
17.70000,1.05394,0.00382,0.00125,0.00059,0.99434
17.80000,1.05394,0.00705,0.00281,0.00105,0.98909
17.90000,1.05394,0.00366,0.00212,0.00056,0.99365
18.00000,1.05394,0.00473,0.00382,0.00084,0.99061
18.10000,1.05394,0.00346,0.00256,0.00061,0.99337
18.20000,1.05394,0.00238,0.00222,0.00046,0.99494
18.30000,1.05394,0.00275,0.00156,0.00040,0.99529
18.40000,1.05394,0.00277,0.00134,0.00054,0.99535
18.50000,1.05394,0.00249,0.00112,0.00052,0.99587
18.60000,1.05394,0.00231,0.00078,0.00035,0.99656
18.70000,1.05394,0.00181,0.00043,0.00022,0.99755
18.80000,1.05394,0.00164,0.00032,0.00016,0.99789
18.90000,1.05394,0.00151,0.00019,0.00010,0.99820
19.00000,1.05394,0.00169,0.00027,0.00012,0.99793
19.10000,1.05394,0.00155,0.00017,0.00008,0.99820
19.20000,1.05394,0.00162,0.00020,0.00010,0.99808
19.30000,1.05394,0.00155,0.00020,0.00006,0.99818
19.40000,1.05394,0.00150,0.00035,0.00008,0.99808
19.50000,1.05394,0.00172,0.00034,0.00007,0.99788
19.60000,1.05394,0.00178,0.00051,0.00010,0.99761
19.70000,1.05394,0.00196,0.00050,0.00013,0.99742
19.80000,1.05394,0.00227,0.00052,0.00014,0.99706
19.90000,1.05394,0.00200,0.00045,0.00016,0.99739
20.00000,1.05394,0.00235,0.00039,0.00015,0.99711
20.10000,1.05394,0.00161,0.00064,0.00015,0.99759
20.20000,1.05394,0.00179,0.00057,0.00014,0.99750
20.30000,1.05394,0.00161,0.00076,0.00016,0.99748
20.40000,1.05394,0.00153,0.00057,0.00010,0.99780
20.50000,1.05394,0.00157,0.00074,0.00013,0.99755
20.60000,1.05394,0.00110,0.00049,0.00009,0.99832
20.70000,1.05394,0.00126,0.00070,0.00011,0.99793
20.80000,1.05394,0.00111,0.00059,0.00011,0.99820
20.90000,1.05394,0.00105,0.00064,0.00012,0.99820
21.00000,1.05394,0.00120,0.00038,0.00010,0.99833
21.10000,1.05394,0.00152,0.00043,0.00014,0.99791
21.20000,1.05394,0.00110,0.00023,0.00013,0.99854
21.30000,1.05394,0.00145,0.00024,0.00015,0.99816
21.40000,1.05394,0.00140,0.00020,0.00012,0.99828
21.50000,1.05394,0.00163,0.00025,0.00014,0.99798
21.60000,1.05394,0.00136,0.00021,0.00013,0.99830
21.70000,1.05394,0.00184,0.00026,0.00015,0.99775
21.80000,1.05394,0.00153,0.00025,0.00015,0.99808
21.90000,1.05394,0.00195,0.00034,0.00014,0.99758
22.00000,1.05394,0.00158,0.00046,0.00013,0.99783
22.10000,1.05394,0.00201,0.00050,0.00016,0.99733
22.20000,1.05394,0.00193,0.00044,0.00019,0.99745
22.30000,1.05394,0.00220,0.00030,0.00024,0.99726
22.40000,1.05394,0.00159,0.00022,0.00025,0.99794
22.50000,1.05394,0.00169,0.00028,0.00045,0.99758
22.60000,1.05394,0.00180,0.00025,0.00056,0.99739
22.70000,1.05394,0.00218,0.00035,0.00079,0.99668
22.80000,1.05394,0.00152,0.00022,0.00069,0.99757
22.90000,1.05394,0.00215,0.00035,0.00122,0.99627
23.00000,1.05394,0.00195,0.00020,0.00083,0.99701
23.10000,1.05394,0.00214,0.00024,0.00080,0.99682
23.20000,1.05394,0.00160,0.00032,0.00060,0.99747
23.30000,1.05394,0.00210,0.00037,0.00050,0.99703
23.40000,1.05394,0.00199,0.00027,0.00037,0.99736
23.50000,1.05394,0.00196,0.00026,0.00030,0.99748
23.60000,1.05394,0.00193,0.00029,0.00022,0.99756
23.70000,1.05394,0.00183,0.00029,0.00023,0.99764
23.80000,1.05394,0.00166,0.00023,0.00016,0.99795
23.90000,1.05394,0.00155,0.00035,0.00017,0.99793
24.00000,1.05394,0.00171,0.00042,0.00014,0.99773
24.10000,1.05394,0.00185,0.00060,0.00016,0.99739
24.20000,1.05394,0.00286,0.00052,0.00019,0.99644
24.30000,1.05394,0.00287,0.00060,0.00028,0.99625
24.40000,1.05394,0.00274,0.00032,0.00027,0.99666
24.50000,1.05394,0.00469,0.00036,0.00061,0.99434
24.60000,1.05394,0.00517,0.00028,0.00052,0.99402
24.70000,1.05394,0.00424,0.00024,0.00040,0.99512
24.80000,1.05394,0.00358,0.00020,0.00036,0.99586
24.90000,1.05394,0.00313,0.00013,0.00034,0.99640
25.00000,1.05394,0.00533,0.00009,0.00052,0.99406
25.10000,1.05394,0.00341,0.00008,0.00061,0.99590
25.20000,1.05394,0.00484,0.00010,0.00083,0.99422
25.30000,1.05394,0.00388,0.00010,0.00076,0.99526
25.40000,1.05394,0.00297,0.00015,0.00042,0.99646
25.50000,1.05394,0.00305,0.00020,0.00048,0.99627
25.60000,1.05394,0.00215,0.00023,0.00049,0.99714
25.70000,1.05394,0.00372,0.00025,0.00054,0.99549
25.80000,1.05394,0.00232,0.00021,0.00039,0.99708
25.90000,1.05394,0.00261,0.00024,0.00032,0.99682
26.00000,1.05394,0.00259,0.00027,0.00028,0.99686
26.10000,1.05394,0.00227,0.00030,0.00012,0.99730
26.20000,1.05394,0.00191,0.00058,0.00016,0.99736
26.30000,1.05394,0.00227,0.00061,0.00016,0.99697
26.40000,1.05394,0.00139,0.00051,0.00012,0.99798
26.50000,1.05394,0.00128,0.00036,0.00008,0.99827
26.60000,1.05394,0.00107,0.00046,0.00009,0.99837
26.70000,1.05394,0.00175,0.00073,0.00014,0.99737
26.80000,1.05394,0.00153,0.00058,0.00012,0.99777
26.90000,1.05394,0.00111,0.00038,0.00010,0.99841
27.00000,1.05394,0.00103,0.00029,0.00013,0.99854
27.10000,1.05394,0.00144,0.00027,0.00016,0.99812
27.20000,1.05394,0.00147,0.00020,0.00013,0.99820
27.30000,1.05394,0.00171,0.00016,0.00021,0.99792
27.40000,1.05394,0.00121,0.00019,0.00021,0.99839
27.50000,1.05394,0.00175,0.00015,0.00039,0.99771
27.60000,1.05394,0.00176,0.00014,0.00032,0.99779
27.70000,1.05394,0.00201,0.00012,0.00052,0.99735
27.80000,1.05394,0.00189,0.00015,0.00059,0.99737
27.90000,1.05394,0.00198,0.00016,0.00071,0.99715
28.00000,1.05394,0.00109,0.00013,0.00055,0.99823
28.10000,1.05394,0.00151,0.00013,0.00104,0.99731
28.20000,1.05394,0.00141,0.00014,0.00085,0.99759
28.30000,1.05394,0.00185,0.00009,0.00152,0.99653
28.40000,1.05394,0.00150,0.00008,0.00106,0.99735
28.50000,1.05394,0.00150,0.00011,0.00191,0.99648
28.60000,1.05394,0.00156,0.00009,0.00123,0.99712
28.70000,1.05394,0.00151,0.00006,0.00136,0.99707
28.80000,1.05394,0.00156,0.00008,0.00126,0.99710
28.90000,1.05394,0.00117,0.00006,0.00066,0.99811
29.00000,1.05394,0.00133,0.00007,0.00063,0.99798
29.10000,1.05394,0.00116,0.00004,0.00044,0.99836
29.20000,1.05394,0.00127,0.00008,0.00046,0.99819
29.30000,1.05394,0.00099,0.00006,0.00025,0.99869
29.40000,1.05394,0.00103,0.00009,0.00022,0.99866
29.50000,1.05394,0.00076,0.00010,0.00015,0.99899
29.60000,1.05394,0.00136,0.00027,0.00018,0.99818
29.70000,1.05394,0.00173,0.00033,0.00018,0.99776
29.80000,1.05394,0.00254,0.00058,0.00033,0.99656
29.90000,1.05394,0.00189,0.00042,0.00020,0.99749
30.00000,1.05394,0.00249,0.00093,0.00032,0.99627
30.10000,1.05394,0.00263,0.00072,0.00022,0.99643
30.20000,1.05394,0.00249,0.00111,0.00026,0.99614
30.30000,1.05394,0.00264,0.00122,0.00025,0.99589
30.40000,1.05394,0.00247,0.00105,0.00022,0.99626
30.50000,1.05394,0.00147,0.00045,0.00016,0.99792
30.60000,1.05394,0.00106,0.00057,0.00017,0.99820
30.70000,1.05394,0.00117,0.00041,0.00019,0.99823
30.80000,1.05394,0.00097,0.00072,0.00021,0.99811
30.90000,1.05394,0.00120,0.00059,0.00021,0.99800
31.00000,1.05394,0.00119,0.00071,0.00021,0.99789
31.10000,1.05394,0.00121,0.00067,0.00027,0.99785
31.20000,1.05394,0.00105,0.00064,0.00019,0.99811
31.30000,1.05394,0.00156,0.00091,0.00026,0.99727
31.40000,1.05394,0.00187,0.00128,0.00032,0.99654
31.50000,1.05394,0.00280,0.00154,0.00035,0.99531
31.60000,1.05394,0.00176,0.00080,0.00018,0.99725
31.70000,1.05394,0.00108,0.00034,0.00013,0.99844
31.80000,1.05394,0.00170,0.00073,0.00017,0.99740
31.90000,1.05394,0.00154,0.00028,0.00011,0.99807
32.00000,1.05394,0.00164,0.00029,0.00010,0.99797
32.10000,1.05394,0.00151,0.00019,0.00011,0.99820
32.20000,1.05394,0.00173,0.00021,0.00013,0.99793
32.30000,1.05394,0.00179,0.00018,0.00020,0.99783
32.40000,1.05394,0.00231,0.00017,0.00028,0.99724
32.50000,1.05394,0.00156,0.00019,0.00026,0.99798
32.60000,1.05394,0.00326,0.00021,0.00050,0.99604
32.70000,1.05394,0.00233,0.00018,0.00071,0.99678
32.80000,1.05394,0.00248,0.00012,0.00091,0.99649
32.90000,1.05394,0.00267,0.00013,0.00185,0.99536
33.00000,1.05394,0.00265,0.00012,0.00206,0.99516
33.10000,1.05394,0.00293,0.00011,0.00223,0.99473
33.20000,1.05394,0.00275,0.00011,0.00279,0.99435
33.30000,1.05394,0.00195,0.00008,0.00192,0.99605
33.40000,1.05394,0.00284,0.00010,0.00166,0.99540
33.50000,1.05394,0.00343,0.00013,0.00187,0.99457
33.60000,1.05394,0.00314,0.00016,0.00127,0.99543
33.70000,1.05394,0.00449,0.00033,0.00138,0.99380
33.80000,1.05394,0.00383,0.00032,0.00082,0.99503
33.90000,1.05394,0.00253,0.00025,0.00053,0.99668
34.00000,1.05394,0.00247,0.00030,0.00049,0.99674
34.10000,1.05394,0.00363,0.00061,0.00049,0.99527
34.20000,1.05394,0.00405,0.00085,0.00043,0.99467
34.30000,1.05394,0.00374,0.00073,0.00043,0.99510
34.40000,1.05394,0.00340,0.00076,0.00049,0.99535
34.50000,1.05394,0.00258,0.00069,0.00051,0.99623
34.60000,1.05394,0.00361,0.00118,0.00079,0.99442
34.70000,1.05394,0.00388,0.00090,0.00071,0.99451
34.80000,1.05394,0.00435,0.00160,0.00100,0.99306
34.90000,1.05394,0.00286,0.00077,0.00054,0.99583
35.00000,1.05394,0.00312,0.00102,0.00077,0.99509
35.10000,1.05394,0.00244,0.00064,0.00056,0.99636
35.20000,1.05394,0.00449,0.00096,0.00110,0.99345
35.30000,1.05394,0.00306,0.00048,0.00070,0.99576
35.40000,1.05394,0.00429,0.00079,0.00148,0.99344
35.50000,1.05394,0.00303,0.00057,0.00076,0.99564
35.60000,1.05394,0.00388,0.00054,0.00107,0.99451
35.70000,1.05394,0.00392,0.00060,0.00090,0.99457
35.80000,1.05394,0.00499,0.00058,0.00191,0.99252
35.90000,1.05394,0.00378,0.00042,0.00139,0.99441
36.00000,1.05394,0.00317,0.00036,0.00133,0.99513
36.10000,1.05394,0.00240,0.00023,0.00110,0.99626
36.20000,1.05394,0.00152,0.00017,0.00069,0.99762
36.30000,1.05394,0.00117,0.00011,0.00052,0.99820
36.40000,1.05394,0.00102,0.00012,0.00035,0.99851
36.50000,1.05394,0.00146,0.00007,0.00047,0.99799
36.60000,1.05394,0.00105,0.00013,0.00033,0.99850
36.70000,1.05394,0.00157,0.00012,0.00029,0.99802
36.80000,1.05394,0.00140,0.00011,0.00020,0.99828
36.90000,1.05394,0.00184,0.00019,0.00026,0.99771
37.00000,1.05394,0.00317,0.00039,0.00031,0.99612
37.10000,1.05394,0.00503,0.00054,0.00035,0.99408
37.20000,1.05394,0.00447,0.00032,0.00030,0.99491
37.30000,1.05394,0.00511,0.00056,0.00034,0.99399
37.40000,1.05394,0.00460,0.00050,0.00026,0.99465
37.50000,1.05394,0.00576,0.00086,0.00039,0.99298
37.60000,1.05394,0.00461,0.00065,0.00031,0.99443
37.70000,1.05394,0.00720,0.00097,0.00067,0.99115
37.80000,1.05394,0.00532,0.00062,0.00053,0.99353
37.90000,1.05394,0.00386,0.00057,0.00073,0.99484
38.00000,1.05394,0.00333,0.00066,0.00090,0.99510
38.10000,1.05394,0.00221,0.00048,0.00072,0.99659
38.20000,1.05394,0.00282,0.00051,0.00075,0.99593
38.30000,1.05394,0.00204,0.00031,0.00075,0.99690
38.40000,1.05394,0.00267,0.00041,0.00136,0.99555
38.50000,1.05394,0.00194,0.00026,0.00147,0.99633
38.60000,1.05394,0.00211,0.00037,0.00157,0.99595
38.70000,1.05394,0.00162,0.00021,0.00129,0.99688
38.80000,1.05394,0.00230,0.00027,0.00153,0.99589
38.90000,1.05394,0.00184,0.00024,0.00087,0.99705
39.00000,1.05394,0.00277,0.00030,0.00119,0.99573
39.10000,1.05394,0.00221,0.00036,0.00111,0.99632
39.20000,1.05394,0.00220,0.00038,0.00076,0.99666
39.30000,1.05394,0.00149,0.00031,0.00037,0.99783
39.40000,1.05394,0.00171,0.00026,0.00029,0.99774
39.50000,1.05394,0.00135,0.00029,0.00022,0.99814
39.60000,1.05394,0.00196,0.00043,0.00028,0.99734
39.70000,1.05394,0.00194,0.00065,0.00022,0.99719
39.80000,1.05394,0.00131,0.00071,0.00023,0.99775
39.90000,1.05394,0.00171,0.00081,0.00025,0.99723
40.00000,1.05394,0.00222,0.00070,0.00044,0.99664
40.10000,1.05394,0.00280,0.00058,0.00060,0.99602
40.20000,1.05394,0.00226,0.00054,0.00062,0.99658
40.30000,1.05394,0.00314,0.00053,0.00068,0.99565
40.40000,1.05394,0.00390,0.00050,0.00072,0.99488
40.50000,1.05394,0.00339,0.00026,0.00057,0.99578
40.60000,1.05394,0.00386,0.00033,0.00071,0.99510
40.70000,1.05394,0.00418,0.00022,0.00074,0.99486
40.80000,1.05394,0.00528,0.00026,0.00081,0.99366
40.90000,1.05394,0.00478,0.00031,0.00092,0.99399
41.00000,1.05394,0.00503,0.00047,0.00062,0.99388
41.10000,1.05394,0.00567,0.00047,0.00086,0.99299
41.20000,1.05394,0.00589,0.00036,0.00123,0.99253
41.30000,1.05394,0.00515,0.00053,0.00162,0.99270
41.40000,1.05394,0.00467,0.00054,0.00165,0.99313
41.50000,1.05394,0.00451,0.00048,0.00149,0.99351
41.60000,1.05394,0.00555,0.00029,0.00268,0.99148
41.70000,1.05394,0.00398,0.00025,0.00156,0.99422
41.80000,1.05394,0.00706,0.00029,0.00229,0.99036
41.90000,1.05394,0.00505,0.00017,0.00102,0.99376
42.00000,1.05394,0.00466,0.00016,0.00133,0.99385
42.10000,1.05394,0.00286,0.00020,0.00059,0.99635
42.20000,1.05394,0.00305,0.00022,0.00048,0.99625
42.30000,1.05394,0.00276,0.00013,0.00037,0.99674
42.40000,1.05394,0.00266,0.00017,0.00033,0.99684
42.50000,1.05394,0.00201,0.00021,0.00016,0.99762
42.60000,1.05394,0.00233,0.00018,0.00021,0.99728
42.70000,1.05394,0.00155,0.00013,0.00016,0.99815
42.80000,1.05394,0.00169,0.00019,0.00019,0.99794
42.90000,1.05394,0.00165,0.00022,0.00019,0.99794
43.00000,1.05394,0.00209,0.00022,0.00022,0.99746
43.10000,1.05394,0.00195,0.00019,0.00018,0.99768
43.20000,1.05394,0.00313,0.00016,0.00039,0.99632
43.30000,1.05394,0.00299,0.00023,0.00052,0.99625
43.40000,1.05394,0.00289,0.00016,0.00057,0.99638
43.50000,1.05394,0.00183,0.00027,0.00048,0.99741
43.60000,1.05394,0.00274,0.00019,0.00076,0.99631
43.70000,1.05394,0.00222,0.00025,0.00066,0.99687
43.80000,1.05394,0.00297,0.00010,0.00054,0.99639
43.90000,1.05394,0.00213,0.00016,0.00066,0.99704
44.00000,1.05394,0.00366,0.00011,0.00117,0.99505
44.10000,1.05394,0.00335,0.00014,0.00150,0.99502
44.20000,1.05394,0.00363,0.00009,0.00266,0.99362
44.30000,1.05394,0.00371,0.00010,0.00323,0.99295
44.40000,1.05394,0.00381,0.00012,0.00346,0.99261
44.50000,1.05394,0.00433,0.00016,0.00362,0.99189
44.60000,1.05394,0.00392,0.00009,0.00475,0.99123
44.70000,1.05394,0.00366,0.00013,0.00527,0.99094
44.80000,1.05394,0.00289,0.00012,0.00512,0.99187
44.90000,1.05394,0.00362,0.00018,0.00508,0.99113
45.00000,1.05394,0.00229,0.00014,0.00311,0.99446
45.10000,1.05394,0.00253,0.00015,0.00169,0.99563
45.20000,1.05394,0.00192,0.00012,0.00113,0.99683
45.30000,1.05394,0.00177,0.00009,0.00088,0.99726
45.40000,1.05394,0.00167,0.00005,0.00083,0.99745
45.50000,1.05394,0.00181,0.00005,0.00061,0.99753
45.60000,1.05394,0.00203,0.00005,0.00048,0.99744
45.70000,1.05394,0.00187,0.00002,0.00037,0.99774
45.80000,1.05394,0.00167,0.00003,0.00036,0.99795
45.90000,1.05394,0.00209,0.00002,0.00036,0.99753
46.00000,1.05394,0.00213,0.00002,0.00037,0.99748
46.10000,1.05394,0.00275,0.00001,0.00039,0.99685
46.20000,1.05394,0.00211,0.00001,0.00024,0.99763
46.30000,1.05394,0.00345,0.00001,0.00041,0.99612
46.40000,1.05394,0.00236,0.00001,0.00026,0.99737
46.50000,1.05394,0.00268,0.00001,0.00040,0.99691
46.60000,1.05394,0.00186,0.00003,0.00025,0.99785
46.70000,1.05394,0.00232,0.00003,0.00027,0.99738
46.80000,1.05394,0.00249,0.00008,0.00024,0.99720
46.90000,1.05394,0.00298,0.00011,0.00033,0.99658
47.00000,1.05394,0.00290,0.00015,0.00034,0.99661
47.10000,1.05394,0.00250,0.00014,0.00039,0.99697
47.20000,1.05394,0.00233,0.00029,0.00042,0.99697
47.30000,1.05394,0.00258,0.00060,0.00054,0.99628
47.40000,1.05394,0.00287,0.00064,0.00073,0.99576
47.50000,1.05394,0.00358,0.00051,0.00073,0.99518
47.60000,1.05394,0.00504,0.00040,0.00075,0.99381
47.70000,1.05394,0.00503,0.00028,0.00086,0.99383
47.80000,1.05394,0.00522,0.00023,0.00092,0.99363
47.90000,1.05394,0.00631,0.00038,0.00092,0.99239
48.00000,1.05394,0.00695,0.00031,0.00073,0.99202
48.10000,1.05394,0.00804,0.00038,0.00098,0.99061
48.20000,1.05394,0.00775,0.00023,0.00086,0.99115
48.30000,1.05394,0.00902,0.00023,0.00100,0.98975
48.40000,1.05394,0.00743,0.00016,0.00098,0.99144
48.50000,1.05394,0.00512,0.00018,0.00075,0.99395
48.60000,1.05394,0.00505,0.00014,0.00081,0.99400
48.70000,1.05394,0.00315,0.00009,0.00051,0.99624
48.80000,1.05394,0.00315,0.00007,0.00060,0.99618
48.90000,1.05394,0.00303,0.00009,0.00047,0.99641
49.00000,1.05394,0.00412,0.00013,0.00090,0.99485
49.10000,1.05394,0.00283,0.00019,0.00050,0.99647
49.20000,1.05394,0.00305,0.00013,0.00046,0.99636
49.30000,1.05394,0.00316,0.00032,0.00064,0.99588
49.40000,1.05394,0.00455,0.00045,0.00104,0.99396
49.50000,1.05394,0.00465,0.00062,0.00197,0.99275
49.60000,1.05394,0.00482,0.00063,0.00179,0.99275
49.70000,1.05394,0.00463,0.00136,0.00331,0.99070
49.80000,1.05394,0.00573,0.00126,0.00416,0.98886
49.90000,1.05394,0.00673,0.00189,0.00497,0.98641
50.00000,1.05394,0.00718,0.00133,0.00528,0.98621
50.10000,1.05394,0.00686,0.00186,0.00640,0.98488
50.20000,1.05394,0.00996,0.00200,0.00891,0.97913
50.30000,1.05394,0.00548,0.00076,0.00433,0.98943
50.40000,1.05394,0.00638,0.00085,0.00390,0.98887
50.50000,1.05394,0.00999,0.00114,0.00430,0.98457
50.60000,1.05394,0.01001,0.00077,0.00510,0.98412
50.70000,1.05394,0.00789,0.00044,0.00332,0.98835
50.80000,1.05394,0.00847,0.00030,0.00555,0.98567
50.90000,1.05394,0.00577,0.00021,0.00385,0.99017
51.00000,1.05394,0.00814,0.00027,0.00504,0.98654
51.10000,1.05394,0.00790,0.00031,0.00507,0.98672
51.20000,1.05394,0.00587,0.00019,0.00339,0.99055
51.30000,1.05394,0.00781,0.00023,0.00298,0.98898
51.40000,1.05394,0.00554,0.00026,0.00298,0.99122
51.50000,1.05394,0.00791,0.00036,0.00284,0.98889
51.60000,1.05394,0.00816,0.00046,0.00222,0.98917
51.70000,1.05394,0.00806,0.00052,0.00111,0.99030
51.80000,1.05394,0.00723,0.00076,0.00093,0.99107
51.90000,1.05394,0.00576,0.00090,0.00067,0.99267
52.00000,1.05394,0.00558,0.00098,0.00076,0.99268
52.10000,1.05394,0.00390,0.00078,0.00059,0.99474
52.20000,1.05394,0.00496,0.00064,0.00062,0.99377
52.30000,1.05394,0.00312,0.00072,0.00047,0.99569
52.40000,1.05394,0.00390,0.00062,0.00036,0.99511
52.50000,1.05394,0.00201,0.00077,0.00024,0.99699
52.60000,1.05394,0.00273,0.00033,0.00017,0.99677
52.70000,1.05394,0.00220,0.00033,0.00012,0.99735
52.80000,1.05394,0.00238,0.00017,0.00007,0.99738
52.90000,1.05394,0.00222,0.00025,0.00007,0.99746
53.00000,1.05394,0.00180,0.00010,0.00004,0.99806
53.10000,1.05394,0.00239,0.00029,0.00008,0.99725
53.20000,1.05394,0.00292,0.00029,0.00006,0.99672
53.30000,1.05394,0.00207,0.00035,0.00006,0.99752
53.40000,1.05394,0.00203,0.00018,0.00004,0.99776
53.50000,1.05394,0.00295,0.00027,0.00007,0.99671
53.60000,1.05394,0.00331,0.00031,0.00013,0.99624
53.70000,1.05394,0.00287,0.00035,0.00013,0.99666
53.80000,1.05394,0.00237,0.00020,0.00008,0.99734
53.90000,1.05394,0.00372,0.00022,0.00010,0.99597
54.00000,1.05394,0.00286,0.00014,0.00007,0.99694
54.10000,1.05394,0.00258,0.00009,0.00007,0.99726
54.20000,1.05394,0.00247,0.00009,0.00008,0.99736
54.30000,1.05394,0.00190,0.00008,0.00007,0.99795
54.40000,1.05394,0.00242,0.00010,0.00007,0.99741
54.50000,1.05394,0.00204,0.00006,0.00006,0.99784
54.60000,1.05394,0.00276,0.00008,0.00007,0.99709
54.70000,1.05394,0.00298,0.00009,0.00009,0.99684
54.80000,1.05394,0.00355,0.00012,0.00011,0.99622
54.90000,1.05394,0.00221,0.00008,0.00007,0.99764
55.00000,1.05394,0.00267,0.00009,0.00007,0.99717
55.10000,1.05394,0.00206,0.00006,0.00006,0.99782
55.20000,1.05394,0.00314,0.00007,0.00005,0.99674
55.30000,1.05394,0.00396,0.00005,0.00005,0.99594
55.40000,1.05394,0.00409,0.00007,0.00005,0.99579
55.50000,1.05394,0.00388,0.00005,0.00006,0.99602
55.60000,1.05394,0.00306,0.00005,0.00003,0.99685
55.70000,1.05394,0.00372,0.00007,0.00006,0.99614
55.80000,1.05394,0.00339,0.00006,0.00005,0.99651
55.90000,1.05394,0.00607,0.00010,0.00006,0.99377
56.00000,1.05394,0.00463,0.00006,0.00005,0.99527
56.10000,1.05394,0.00516,0.00007,0.00005,0.99471
56.20000,1.05394,0.00467,0.00007,0.00005,0.99521
56.30000,1.05394,0.00313,0.00007,0.00004,0.99677
56.40000,1.05394,0.00421,0.00007,0.00005,0.99567
56.50000,1.05394,0.00358,0.00006,0.00004,0.99632
56.60000,1.05394,0.00328,0.00006,0.00005,0.99661
56.70000,1.05394,0.00211,0.00003,0.00003,0.99783
56.80000,1.05394,0.00410,0.00007,0.00006,0.99578
56.90000,1.05394,0.00217,0.00003,0.00003,0.99776
57.00000,1.05394,0.00304,0.00009,0.00007,0.99680
57.10000,1.05394,0.00257,0.00009,0.00006,0.99729
57.20000,1.05394,0.00285,0.00007,0.00008,0.99700
57.30000,1.05394,0.00226,0.00007,0.00007,0.99761
57.40000,1.05394,0.00342,0.00013,0.00012,0.99632
57.50000,1.05394,0.00257,0.00011,0.00009,0.99723
57.60000,1.05394,0.00228,0.00009,0.00009,0.99753
57.70000,1.05394,0.00200,0.00012,0.00009,0.99779
57.80000,1.05394,0.00258,0.00015,0.00012,0.99715
57.90000,1.05394,0.00171,0.00012,0.00009,0.99808
58.00000,1.05394,0.00184,0.00018,0.00010,0.99788
58.10000,1.05394,0.00161,0.00014,0.00007,0.99818
58.20000,1.05394,0.00160,0.00022,0.00008,0.99810
58.30000,1.05394,0.00208,0.00039,0.00013,0.99740
58.40000,1.05394,0.00212,0.00050,0.00016,0.99722
58.50000,1.05394,0.00233,0.00034,0.00012,0.99721
58.60000,1.05394,0.00224,0.00056,0.00017,0.99703
58.70000,1.05394,0.00285,0.00032,0.00014,0.99669
58.80000,1.05394,0.00270,0.00039,0.00019,0.99672
58.90000,1.05394,0.00322,0.00019,0.00013,0.99646
59.00000,1.05394,0.00320,0.00022,0.00016,0.99642
59.10000,1.05394,0.00344,0.00021,0.00014,0.99621
59.20000,1.05394,0.00352,0.00020,0.00013,0.99615
59.30000,1.05394,0.00445,0.00022,0.00013,0.99521
59.40000,1.05394,0.00428,0.00013,0.00010,0.99548
59.50000,1.05394,0.00288,0.00011,0.00009,0.99693
59.60000,1.05394,0.00395,0.00018,0.00010,0.99577
59.70000,1.05394,0.00220,0.00014,0.00008,0.99759
59.80000,1.05394,0.00243,0.00013,0.00009,0.99735
59.90000,1.05394,0.00219,0.00009,0.00006,0.99766
60.00000,1.05394,0.00199,0.00008,0.00007,0.99786
60.10000,1.05394,0.00259,0.00009,0.00007,0.99725
60.20000,1.05394,0.00258,0.00012,0.00008,0.99721
60.30000,1.05394,0.00316,0.00017,0.00010,0.99657
60.40000,1.05394,0.00272,0.00012,0.00010,0.99706
60.50000,1.05394,0.00294,0.00010,0.00009,0.99687
60.60000,1.05394,0.00404,0.00009,0.00010,0.99576
60.70000,1.05394,0.00706,0.00015,0.00015,0.99264
60.80000,1.05394,0.00615,0.00013,0.00014,0.99359
60.90000,1.05394,0.00667,0.00022,0.00017,0.99293
61.00000,1.05394,0.00628,0.00024,0.00020,0.99328
