Time (seconds), Duration (seconds),pred_(unlabeled),pred_brushing_teeth,pred_hair_drying,pred_showering
0.00000,1.02194,0.99999,0.00000,0.00000,0.00001
0.14000,1.02194,0.99999,0.00000,0.00000,0.00001
0.28000,1.02194,0.99997,0.00000,0.00000,0.00003
0.42000,1.02194,0.99999,0.00000,0.00000,0.00001
0.56000,1.02194,1.00000,0.00000,0.00000,0.00000
0.70000,1.02194,1.00000,0.00000,0.00000,0.00000
0.84000,1.02194,1.00000,0.00000,0.00000,0.00000
0.98000,1.02194,1.00000,0.00000,0.00000,0.00000
1.12000,1.02194,1.00000,0.00000,0.00000,0.00000
1.26000,1.02194,1.00000,0.00000,0.00000,0.00000
1.40000,1.02194,1.00000,0.00000,0.00000,0.00000
1.54000,1.02194,1.00000,0.00000,0.00000,0.00000
1.68000,1.02194,1.00000,0.00000,0.00000,0.00000
1.82000,1.02194,1.00000,0.00000,0.00000,0.00000
1.96000,1.02194,1.00000,0.00000,0.00000,0.00000
2.10000,1.02194,1.00000,0.00000,0.00000,0.00000
2.24000,1.02194,1.00000,0.00000,0.00000,0.00000
2.38000,1.02194,1.00000,0.00000,0.00000,0.00000
2.52000,1.02194,1.00000,0.00000,0.00000,0.00000
2.66000,1.02194,1.00000,0.00000,0.00000,0.00000
2.80000,1.02194,1.00000,0.00000,0.00000,0.00000
2.94000,1.02194,1.00000,0.00000,0.00000,0.00000
3.08000,1.02194,1.00000,0.00000,0.00000,0.00000
3.22000,1.02194,1.00000,0.00000,0.00000,0.00000
3.36000,1.02194,1.00000,0.00000,0.00000,0.00000
3.50000,1.02194,1.00000,0.00000,0.00000,0.00000
3.64000,1.02194,1.00000,0.00000,0.00000,0.00000
3.78000,1.02194,1.00000,0.00000,0.00000,0.00000
3.92000,1.02194,1.00000,0.00000,0.00000,0.00000
4.06000,1.02194,1.00000,0.00000,0.00000,0.00000
4.20000,1.02194,1.00000,0.00000,0.00000,0.00000
4.34000,1.02194,1.00000,0.00000,0.00000,0.00000
4.48000,1.02194,1.00000,0.00000,0.00000,0.00000
4.62000,1.02194,1.00000,0.00000,0.00000,0.00000
4.76000,1.02194,1.00000,0.00000,0.00000,0.00000
4.90000,1.02194,1.00000,0.00000,0.00000,0.00000
5.04000,1.02194,1.00000,0.00000,0.00000,0.00000
5.18000,1.02194,1.00000,0.00000,0.00000,0.00000
5.32000,1.02194,1.00000,0.00000,0.00000,0.00000
5.46000,1.02194,1.00000,0.00000,0.00000,0.00000
5.60000,1.02194,1.00000,0.00000,0.00000,0.00000
5.74000,1.02194,1.00000,0.00000,0.00000,0.00000
5.88000,1.02194,1.00000,0.00000,0.00000,0.00000
6.02000,1.02194,1.00000,0.00000,0.00000,0.00000
6.16000,1.02194,1.00000,0.00000,0.00000,0.00000
6.30000,1.02194,1.00000,0.00000,0.00000,0.00000
6.44000,1.02194,1.00000,0.00000,0.00000,0.00000
6.58000,1.02194,1.00000,0.00000,0.00000,0.00000
6.72000,1.02194,1.00000,0.00000,0.00000,0.00000
6.86000,1.02194,1.00000,0.00000,0.00000,0.00000
7.00000,1.02194,1.00000,0.00000,0.00000,0.00000
7.14000,1.02194,1.00000,0.00000,0.00000,0.00000
7.28000,1.02194,1.00000,0.00000,0.00000,0.00000
7.42000,1.02194,1.00000,0.00000,0.00000,0.00000
7.56000,1.02194,1.00000,0.00000,0.00000,0.00000
7.70000,1.02194,1.00000,0.00000,0.00000,0.00000
7.84000,1.02194,1.00000,0.00000,0.00000,0.00000
7.98000,1.02194,1.00000,0.00000,0.00000,0.00000
8.12000,1.02194,1.00000,0.00000,0.00000,0.00000
8.26000,1.02194,1.00000,0.00000,0.00000,0.00000
8.40000,1.02194,1.00000,0.00000,0.00000,0.00000
8.54000,1.02194,1.00000,0.00000,0.00000,0.00000
8.68000,1.02194,1.00000,0.00000,0.00000,0.00000
8.82000,1.02194,1.00000,0.00000,0.00000,0.00000
8.96000,1.02194,1.00000,0.00000,0.00000,0.00000
9.10000,1.02194,1.00000,0.00000,0.00000,0.00000
9.24000,1.02194,1.00000,0.00000,0.00000,0.00000
9.38000,1.02194,1.00000,0.00000,0.00000,0.00000
9.52000,1.02194,1.00000,0.00000,0.00000,0.00000
9.66000,1.02194,1.00000,0.00000,0.00000,0.00000
9.80000,1.02194,1.00000,0.00000,0.00000,0.00000
9.94000,1.02194,1.00000,0.00000,0.00000,0.00000
10.08000,1.02194,1.00000,0.00000,0.00000,0.00000
10.22000,1.02194,1.00000,0.00000,0.00000,0.00000
10.36000,1.02194,1.00000,0.00000,0.00000,0.00000
10.50000,1.02194,1.00000,0.00000,0.00000,0.00000
10.64000,1.02194,1.00000,0.00000,0.00000,0.00000
10.78000,1.02194,1.00000,0.00000,0.00000,0.00000
10.92000,1.02194,1.00000,0.00000,0.00000,0.00000
11.06000,1.02194,1.00000,0.00000,0.00000,0.00000
11.20000,1.02194,1.00000,0.00000,0.00000,0.00000
11.34000,1.02194,1.00000,0.00000,0.00000,0.00000
11.48000,1.02194,1.00000,0.00000,0.00000,0.00000
11.62000,1.02194,1.00000,0.00000,0.00000,0.00000
11.76000,1.02194,1.00000,0.00000,0.00000,0.00000
11.90000,1.02194,1.00000,0.00000,0.00000,0.00000
12.04000,1.02194,1.00000,0.00000,0.00000,0.00000
12.18000,1.02194,1.00000,0.00000,0.00000,0.00000
12.32000,1.02194,1.00000,0.00000,0.00000,0.00000
12.46000,1.02194,1.00000,0.00000,0.00000,0.00000
12.60000,1.02194,1.00000,0.00000,0.00000,0.00000
12.74000,1.02194,1.00000,0.00000,0.00000,0.00000
12.88000,1.02194,1.00000,0.00000,0.00000,0.00000
13.02000,1.02194,1.00000,0.00000,0.00000,0.00000
13.16000,1.02194,1.00000,0.00000,0.00000,0.00000
13.30000,1.02194,1.00000,0.00000,0.00000,0.00000
13.44000,1.02194,1.00000,0.00000,0.00000,0.00000
13.58000,1.02194,1.00000,0.00000,0.00000,0.00000
13.72000,1.02194,1.00000,0.00000,0.00000,0.00000
13.86000,1.02194,1.00000,0.00000,0.00000,0.00000
14.00000,1.02194,1.00000,0.00000,0.00000,0.00000
14.14000,1.02194,1.00000,0.00000,0.00000,0.00000
14.28000,1.02194,1.00000,0.00000,0.00000,0.00000
14.42000,1.02194,1.00000,0.00000,0.00000,0.00000
14.56000,1.02194,1.00000,0.00000,0.00000,0.00000
14.70000,1.02194,1.00000,0.00000,0.00000,0.00000
14.84000,1.02194,1.00000,0.00000,0.00000,0.00000
14.98000,1.02194,1.00000,0.00000,0.00000,0.00000
15.12000,1.02194,1.00000,0.00000,0.00000,0.00000
15.26000,1.02194,1.00000,0.00000,0.00000,0.00000
15.40000,1.02194,1.00000,0.00000,0.00000,0.00000
15.54000,1.02194,1.00000,0.00000,0.00000,0.00000
15.68000,1.02194,1.00000,0.00000,0.00000,0.00000
15.82000,1.02194,1.00000,0.00000,0.00000,0.00000
15.96000,1.02194,1.00000,0.00000,0.00000,0.00000
16.10000,1.02194,1.00000,0.00000,0.00000,0.00000
16.24000,1.02194,1.00000,0.00000,0.00000,0.00000
16.38000,1.02194,1.00000,0.00000,0.00000,0.00000
16.52000,1.02194,1.00000,0.00000,0.00000,0.00000
16.66000,1.02194,1.00000,0.00000,0.00000,0.00000
16.80000,1.02194,1.00000,0.00000,0.00000,0.00000
16.94000,1.02194,1.00000,0.00000,0.00000,0.00000
17.08000,1.02194,1.00000,0.00000,0.00000,0.00000
17.22000,1.02194,1.00000,0.00000,0.00000,0.00000
17.36000,1.02194,1.00000,0.00000,0.00000,0.00000
17.50000,1.02194,1.00000,0.00000,0.00000,0.00000
17.64000,1.02194,1.00000,0.00000,0.00000,0.00000
17.78000,1.02194,1.00000,0.00000,0.00000,0.00000
17.92000,1.02194,1.00000,0.00000,0.00000,0.00000
18.06000,1.02194,1.00000,0.00000,0.00000,0.00000
18.20000,1.02194,1.00000,0.00000,0.00000,0.00000
18.34000,1.02194,1.00000,0.00000,0.00000,0.00000
18.48000,1.02194,1.00000,0.00000,0.00000,0.00000
18.62000,1.02194,1.00000,0.00000,0.00000,0.00000
18.76000,1.02194,1.00000,0.00000,0.00000,0.00000
18.90000,1.02194,1.00000,0.00000,0.00000,0.00000
19.04000,1.02194,1.00000,0.00000,0.00000,0.00000
19.18000,1.02194,1.00000,0.00000,0.00000,0.00000
19.32000,1.02194,1.00000,0.00000,0.00000,0.00000
19.46000,1.02194,1.00000,0.00000,0.00000,0.00000
19.60000,1.02194,1.00000,0.00000,0.00000,0.00000
19.74000,1.02194,1.00000,0.00000,0.00000,0.00000
19.88000,1.02194,1.00000,0.00000,0.00000,0.00000
20.02000,1.02194,1.00000,0.00000,0.00000,0.00000
20.16000,1.02194,1.00000,0.00000,0.00000,0.00000
20.30000,1.02194,1.00000,0.00000,0.00000,0.00000
20.44000,1.02194,1.00000,0.00000,0.00000,0.00000
20.58000,1.02194,1.00000,0.00000,0.00000,0.00000
20.72000,1.02194,1.00000,0.00000,0.00000,0.00000
20.86000,1.02194,1.00000,0.00000,0.00000,0.00000
21.00000,1.02194,1.00000,0.00000,0.00000,0.00000
21.14000,1.02194,1.00000,0.00000,0.00000,0.00000
21.28000,1.02194,1.00000,0.00000,0.00000,0.00000
21.42000,1.02194,1.00000,0.00000,0.00000,0.00000
21.56000,1.02194,1.00000,0.00000,0.00000,0.00000
21.70000,1.02194,1.00000,0.00000,0.00000,0.00000
21.84000,1.02194,1.00000,0.00000,0.00000,0.00000
21.98000,1.02194,1.00000,0.00000,0.00000,0.00000
22.12000,1.02194,1.00000,0.00000,0.00000,0.00000
22.26000,1.02194,1.00000,0.00000,0.00000,0.00000
22.40000,1.02194,1.00000,0.00000,0.00000,0.00000
22.54000,1.02194,1.00000,0.00000,0.00000,0.00000
22.68000,1.02194,1.00000,0.00000,0.00000,0.00000
22.82000,1.02194,1.00000,0.00000,0.00000,0.00000
22.96000,1.02194,1.00000,0.00000,0.00000,0.00000
23.10000,1.02194,1.00000,0.00000,0.00000,0.00000
23.24000,1.02194,1.00000,0.00000,0.00000,0.00000
23.38000,1.02194,1.00000,0.00000,0.00000,0.00000
23.52000,1.02194,1.00000,0.00000,0.00000,0.00000
23.66000,1.02194,1.00000,0.00000,0.00000,0.00000
23.80000,1.02194,1.00000,0.00000,0.00000,0.00000
23.94000,1.02194,1.00000,0.00000,0.00000,0.00000
24.08000,1.02194,1.00000,0.00000,0.00000,0.00000
24.22000,1.02194,1.00000,0.00000,0.00000,0.00000
24.36000,1.02194,1.00000,0.00000,0.00000,0.00000
24.50000,1.02194,1.00000,0.00000,0.00000,0.00000
24.64000,1.02194,1.00000,0.00000,0.00000,0.00000
24.78000,1.02194,1.00000,0.00000,0.00000,0.00000
24.92000,1.02194,1.00000,0.00000,0.00000,0.00000
25.06000,1.02194,1.00000,0.00000,0.00000,0.00000
25.20000,1.02194,1.00000,0.00000,0.00000,0.00000
25.34000,1.02194,1.00000,0.00000,0.00000,0.00000
25.48000,1.02194,1.00000,0.00000,0.00000,0.00000
25.62000,1.02194,1.00000,0.00000,0.00000,0.00000
25.76000,1.02194,1.00000,0.00000,0.00000,0.00000
25.90000,1.02194,1.00000,0.00000,0.00000,0.00000
26.04000,1.02194,1.00000,0.00000,0.00000,0.00000
26.18000,1.02194,1.00000,0.00000,0.00000,0.00000
26.32000,1.02194,1.00000,0.00000,0.00000,0.00000
26.46000,1.02194,1.00000,0.00000,0.00000,0.00000
26.60000,1.02194,1.00000,0.00000,0.00000,0.00000
26.74000,1.02194,1.00000,0.00000,0.00000,0.00000
26.88000,1.02194,1.00000,0.00000,0.00000,0.00000
27.02000,1.02194,1.00000,0.00000,0.00000,0.00000
27.16000,1.02194,1.00000,0.00000,0.00000,0.00000
27.30000,1.02194,1.00000,0.00000,0.00000,0.00000
27.44000,1.02194,1.00000,0.00000,0.00000,0.00000
27.58000,1.02194,1.00000,0.00000,0.00000,0.00000
27.72000,1.02194,1.00000,0.00000,0.00000,0.00000
27.86000,1.02194,1.00000,0.00000,0.00000,0.00000
28.00000,1.02194,1.00000,0.00000,0.00000,0.00000
28.14000,1.02194,1.00000,0.00000,0.00000,0.00000
28.28000,1.02194,1.00000,0.00000,0.00000,0.00000
28.42000,1.02194,1.00000,0.00000,0.00000,0.00000
28.56000,1.02194,1.00000,0.00000,0.00000,0.00000
28.70000,1.02194,1.00000,0.00000,0.00000,0.00000
28.84000,1.02194,1.00000,0.00000,0.00000,0.00000
28.98000,1.02194,1.00000,0.00000,0.00000,0.00000
29.12000,1.02194,1.00000,0.00000,0.00000,0.00000
29.26000,1.02194,1.00000,0.00000,0.00000,0.00000
29.40000,1.02194,1.00000,0.00000,0.00000,0.00000
29.54000,1.02194,1.00000,0.00000,0.00000,0.00000
29.68000,1.02194,1.00000,0.00000,0.00000,0.00000
29.82000,1.02194,1.00000,0.00000,0.00000,0.00000
29.96000,1.02194,1.00000,0.00000,0.00000,0.00000
30.10000,1.02194,1.00000,0.00000,0.00000,0.00000
30.24000,1.02194,1.00000,0.00000,0.00000,0.00000
30.38000,1.02194,1.00000,0.00000,0.00000,0.00000
30.52000,1.02194,1.00000,0.00000,0.00000,0.00000
30.66000,1.02194,1.00000,0.00000,0.00000,0.00000
30.80000,1.02194,1.00000,0.00000,0.00000,0.00000
30.94000,1.02194,1.00000,0.00000,0.00000,0.00000
31.08000,1.02194,1.00000,0.00000,0.00000,0.00000
31.22000,1.02194,1.00000,0.00000,0.00000,0.00000
31.36000,1.02194,1.00000,0.00000,0.00000,0.00000
31.50000,1.02194,1.00000,0.00000,0.00000,0.00000
31.64000,1.02194,1.00000,0.00000,0.00000,0.00000
31.78000,1.02194,1.00000,0.00000,0.00000,0.00000
31.92000,1.02194,1.00000,0.00000,0.00000,0.00000
32.06000,1.02193,1.00000,0.00000,0.00000,0.00000
32.20000,1.02194,1.00000,0.00000,0.00000,0.00000
32.34000,1.02194,1.00000,0.00000,0.00000,0.00000
32.48000,1.02194,1.00000,0.00000,0.00000,0.00000
32.62000,1.02194,1.00000,0.00000,0.00000,0.00000
32.76000,1.02194,1.00000,0.00000,0.00000,0.00000
32.90000,1.02193,1.00000,0.00000,0.00000,0.00000
33.04000,1.02194,1.00000,0.00000,0.00000,0.00000
33.18000,1.02194,1.00000,0.00000,0.00000,0.00000
33.32000,1.02194,1.00000,0.00000,0.00000,0.00000
33.46000,1.02194,1.00000,0.00000,0.00000,0.00000
33.60000,1.02194,1.00000,0.00000,0.00000,0.00000
33.74000,1.02193,1.00000,0.00000,0.00000,0.00000
33.88000,1.02194,1.00000,0.00000,0.00000,0.00000
34.02000,1.02194,1.00000,0.00000,0.00000,0.00000
34.16000,1.02194,1.00000,0.00000,0.00000,0.00000
34.30000,1.02194,1.00000,0.00000,0.00000,0.00000
34.44000,1.02194,1.00000,0.00000,0.00000,0.00000
34.58000,1.02193,1.00000,0.00000,0.00000,0.00000
34.72000,1.02193,1.00000,0.00000,0.00000,0.00000
34.86000,1.02194,1.00000,0.00000,0.00000,0.00000
35.00000,1.02194,1.00000,0.00000,0.00000,0.00000
35.14000,1.02194,1.00000,0.00000,0.00000,0.00000
35.28000,1.02194,1.00000,0.00000,0.00000,0.00000
35.42000,1.02194,1.00000,0.00000,0.00000,0.00000
35.56000,1.02193,1.00000,0.00000,0.00000,0.00000
35.70000,1.02194,1.00000,0.00000,0.00000,0.00000
35.84000,1.02194,1.00000,0.00000,0.00000,0.00000
35.98000,1.02194,1.00000,0.00000,0.00000,0.00000
36.12000,1.02194,1.00000,0.00000,0.00000,0.00000
36.26000,1.02194,1.00000,0.00000,0.00000,0.00000
36.40000,1.02193,1.00000,0.00000,0.00000,0.00000
36.54000,1.02194,1.00000,0.00000,0.00000,0.00000
36.68000,1.02194,1.00000,0.00000,0.00000,0.00000
36.82000,1.02194,1.00000,0.00000,0.00000,0.00000
36.96000,1.02194,1.00000,0.00000,0.00000,0.00000
37.10000,1.02194,1.00000,0.00000,0.00000,0.00000
37.24000,1.02193,1.00000,0.00000,0.00000,0.00000
37.38000,1.02194,1.00000,0.00000,0.00000,0.00000
37.52000,1.02194,1.00000,0.00000,0.00000,0.00000
37.66000,1.02194,1.00000,0.00000,0.00000,0.00000
37.80000,1.02194,1.00000,0.00000,0.00000,0.00000
37.94000,1.02194,1.00000,0.00000,0.00000,0.00000
38.08000,1.02193,1.00000,0.00000,0.00000,0.00000
38.22000,1.02193,1.00000,0.00000,0.00000,0.00000
38.36000,1.02194,1.00000,0.00000,0.00000,0.00000
38.50000,1.02194,1.00000,0.00000,0.00000,0.00000
38.64000,1.02194,1.00000,0.00000,0.00000,0.00000
38.78000,1.02194,1.00000,0.00000,0.00000,0.00000
38.92000,1.02194,1.00000,0.00000,0.00000,0.00000
39.06000,1.02193,1.00000,0.00000,0.00000,0.00000
39.20000,1.02194,1.00000,0.00000,0.00000,0.00000
39.34000,1.02194,1.00000,0.00000,0.00000,0.00000
39.48000,1.02194,1.00000,0.00000,0.00000,0.00000
39.62000,1.02194,1.00000,0.00000,0.00000,0.00000
39.76000,1.02194,1.00000,0.00000,0.00000,0.00000
39.90000,1.02193,1.00000,0.00000,0.00000,0.00000
40.04000,1.02194,1.00000,0.00000,0.00000,0.00000
40.18000,1.02194,1.00000,0.00000,0.00000,0.00000
40.32000,1.02194,1.00000,0.00000,0.00000,0.00000
40.46000,1.02194,1.00000,0.00000,0.00000,0.00000
40.60000,1.02194,1.00000,0.00000,0.00000,0.00000
40.74000,1.02193,1.00000,0.00000,0.00000,0.00000
40.88000,1.02194,1.00000,0.00000,0.00000,0.00000
41.02000,1.02194,1.00000,0.00000,0.00000,0.00000
41.16000,1.02194,1.00000,0.00000,0.00000,0.00000
41.30000,1.02194,1.00000,0.00000,0.00000,0.00000
41.44000,1.02194,1.00000,0.00000,0.00000,0.00000
41.58000,1.02193,1.00000,0.00000,0.00000,0.00000
41.72000,1.02193,1.00000,0.00000,0.00000,0.00000
41.86000,1.02194,1.00000,0.00000,0.00000,0.00000
42.00000,1.02194,1.00000,0.00000,0.00000,0.00000
42.14000,1.02194,1.00000,0.00000,0.00000,0.00000
42.28000,1.02194,1.00000,0.00000,0.00000,0.00000
42.42000,1.02194,1.00000,0.00000,0.00000,0.00000
42.56000,1.02193,1.00000,0.00000,0.00000,0.00000
42.70000,1.02194,1.00000,0.00000,0.00000,0.00000
42.84000,1.02194,1.00000,0.00000,0.00000,0.00000
42.98000,1.02194,1.00000,0.00000,0.00000,0.00000
43.12000,1.02194,1.00000,0.00000,0.00000,0.00000
43.26000,1.02194,1.00000,0.00000,0.00000,0.00000
43.40000,1.02193,1.00000,0.00000,0.00000,0.00000
43.54000,1.02194,1.00000,0.00000,0.00000,0.00000
43.68000,1.02194,1.00000,0.00000,0.00000,0.00000
43.82000,1.02194,1.00000,0.00000,0.00000,0.00000
43.96000,1.02194,1.00000,0.00000,0.00000,0.00000
44.10000,1.02194,1.00000,0.00000,0.00000,0.00000
44.24000,1.02193,1.00000,0.00000,0.00000,0.00000
44.38000,1.02194,1.00000,0.00000,0.00000,0.00000
44.52000,1.02194,1.00000,0.00000,0.00000,0.00000
44.66000,1.02194,1.00000,0.00000,0.00000,0.00000
44.80000,1.02194,1.00000,0.00000,0.00000,0.00000
44.94000,1.02194,1.00000,0.00000,0.00000,0.00000
45.08000,1.02193,1.00000,0.00000,0.00000,0.00000
45.22000,1.02193,1.00000,0.00000,0.00000,0.00000
45.36000,1.02194,1.00000,0.00000,0.00000,0.00000
45.50000,1.02194,1.00000,0.00000,0.00000,0.00000
45.64000,1.02194,1.00000,0.00000,0.00000,0.00000
45.78000,1.02194,1.00000,0.00000,0.00000,0.00000
45.92000,1.02194,1.00000,0.00000,0.00000,0.00000
46.06000,1.02193,1.00000,0.00000,0.00000,0.00000
46.20000,1.02194,1.00000,0.00000,0.00000,0.00000
46.34000,1.02194,1.00000,0.00000,0.00000,0.00000
46.48000,1.02194,1.00000,0.00000,0.00000,0.00000
46.62000,1.02194,1.00000,0.00000,0.00000,0.00000
46.76000,1.02194,1.00000,0.00000,0.00000,0.00000
46.90000,1.02193,1.00000,0.00000,0.00000,0.00000
47.04000,1.02194,1.00000,0.00000,0.00000,0.00000
47.18000,1.02194,1.00000,0.00000,0.00000,0.00000
47.32000,1.02194,1.00000,0.00000,0.00000,0.00000
47.46000,1.02194,1.00000,0.00000,0.00000,0.00000
47.60000,1.02194,1.00000,0.00000,0.00000,0.00000
47.74000,1.02193,1.00000,0.00000,0.00000,0.00000
47.88000,1.02194,1.00000,0.00000,0.00000,0.00000
48.02000,1.02194,1.00000,0.00000,0.00000,0.00000
48.16000,1.02194,1.00000,0.00000,0.00000,0.00000
48.30000,1.02194,1.00000,0.00000,0.00000,0.00000
48.44000,1.02194,1.00000,0.00000,0.00000,0.00000
48.58000,1.02193,1.00000,0.00000,0.00000,0.00000
48.72000,1.02193,1.00000,0.00000,0.00000,0.00000
48.86000,1.02194,1.00000,0.00000,0.00000,0.00000
49.00000,1.02194,1.00000,0.00000,0.00000,0.00000
49.14000,1.02194,1.00000,0.00000,0.00000,0.00000
49.28000,1.02194,1.00000,0.00000,0.00000,0.00000
49.42000,1.02194,1.00000,0.00000,0.00000,0.00000
49.56000,1.02193,1.00000,0.00000,0.00000,0.00000
49.70000,1.02194,1.00000,0.00000,0.00000,0.00000
49.84000,1.02194,1.00000,0.00000,0.00000,0.00000
49.98000,1.02194,1.00000,0.00000,0.00000,0.00000
50.12000,1.02194,1.00000,0.00000,0.00000,0.00000
50.26000,1.02194,1.00000,0.00000,0.00000,0.00000
50.40000,1.02193,1.00000,0.00000,0.00000,0.00000
50.54000,1.02194,1.00000,0.00000,0.00000,0.00000
50.68000,1.02194,1.00000,0.00000,0.00000,0.00000
50.82000,1.02194,1.00000,0.00000,0.00000,0.00000
50.96000,1.02194,1.00000,0.00000,0.00000,0.00000
51.10000,1.02194,1.00000,0.00000,0.00000,0.00000
51.24000,1.02193,1.00000,0.00000,0.00000,0.00000
51.38000,1.02194,1.00000,0.00000,0.00000,0.00000
51.52000,1.02194,1.00000,0.00000,0.00000,0.00000
51.66000,1.02194,1.00000,0.00000,0.00000,0.00000
51.80000,1.02194,1.00000,0.00000,0.00000,0.00000
51.94000,1.02194,1.00000,0.00000,0.00000,0.00000
52.08000,1.02193,1.00000,0.00000,0.00000,0.00000
52.22000,1.02193,1.00000,0.00000,0.00000,0.00000
52.36000,1.02194,1.00000,0.00000,0.00000,0.00000
52.50000,1.02194,1.00000,0.00000,0.00000,0.00000
52.64000,1.02194,1.00000,0.00000,0.00000,0.00000
52.78000,1.02194,1.00000,0.00000,0.00000,0.00000
52.92000,1.02194,1.00000,0.00000,0.00000,0.00000
53.06000,1.02193,1.00000,0.00000,0.00000,0.00000
53.20000,1.02194,1.00000,0.00000,0.00000,0.00000
53.34000,1.02194,1.00000,0.00000,0.00000,0.00000
53.48000,1.02194,1.00000,0.00000,0.00000,0.00000
53.62000,1.02194,1.00000,0.00000,0.00000,0.00000
53.76000,1.02194,1.00000,0.00000,0.00000,0.00000
53.90000,1.02193,1.00000,0.00000,0.00000,0.00000
54.04000,1.02194,1.00000,0.00000,0.00000,0.00000
54.18000,1.02194,1.00000,0.00000,0.00000,0.00000
54.32000,1.02194,1.00000,0.00000,0.00000,0.00000
54.46000,1.02194,1.00000,0.00000,0.00000,0.00000
54.60000,1.02194,1.00000,0.00000,0.00000,0.00000
54.74000,1.02193,1.00000,0.00000,0.00000,0.00000
54.88000,1.02194,1.00000,0.00000,0.00000,0.00000
55.02000,1.02194,1.00000,0.00000,0.00000,0.00000
55.16000,1.02194,1.00000,0.00000,0.00000,0.00000
55.30000,1.02194,1.00000,0.00000,0.00000,0.00000
55.44000,1.02194,1.00000,0.00000,0.00000,0.00000
55.58000,1.02193,1.00000,0.00000,0.00000,0.00000
55.72000,1.02193,1.00000,0.00000,0.00000,0.00000
55.86000,1.02194,1.00000,0.00000,0.00000,0.00000
56.00000,1.02194,1.00000,0.00000,0.00000,0.00000
56.14000,1.02194,1.00000,0.00000,0.00000,0.00000
56.28000,1.02194,1.00000,0.00000,0.00000,0.00000
56.42000,1.02194,1.00000,0.00000,0.00000,0.00000
56.56000,1.02193,1.00000,0.00000,0.00000,0.00000
56.70000,1.02194,1.00000,0.00000,0.00000,0.00000
56.84000,1.02194,1.00000,0.00000,0.00000,0.00000
56.98000,1.02194,1.00000,0.00000,0.00000,0.00000
57.12000,1.02194,1.00000,0.00000,0.00000,0.00000
57.26000,1.02194,1.00000,0.00000,0.00000,0.00000
57.40000,1.02193,1.00000,0.00000,0.00000,0.00000
57.54000,1.02194,1.00000,0.00000,0.00000,0.00000
57.68000,1.02194,1.00000,0.00000,0.00000,0.00000
57.82000,1.02194,1.00000,0.00000,0.00000,0.00000
57.96000,1.02194,1.00000,0.00000,0.00000,0.00000
58.10000,1.02194,1.00000,0.00000,0.00000,0.00000
58.24000,1.02193,1.00000,0.00000,0.00000,0.00000
58.38000,1.02194,1.00000,0.00000,0.00000,0.00000
58.52000,1.02194,1.00000,0.00000,0.00000,0.00000
58.66000,1.02194,1.00000,0.00000,0.00000,0.00000
58.80000,1.02194,1.00000,0.00000,0.00000,0.00000
58.94000,1.02194,1.00000,0.00000,0.00000,0.00000
59.08000,1.02193,1.00000,0.00000,0.00000,0.00000
59.22000,1.02193,1.00000,0.00000,0.00000,0.00000
59.36000,1.02194,1.00000,0.00000,0.00000,0.00000
59.50000,1.02194,1.00000,0.00000,0.00000,0.00000
59.64000,1.02194,1.00000,0.00000,0.00000,0.00000
59.78000,1.02194,1.00000,0.00000,0.00000,0.00000
59.92000,1.02194,1.00000,0.00000,0.00000,0.00000
60.06000,1.02193,1.00000,0.00000,0.00000,0.00000
60.20000,1.02194,1.00000,0.00000,0.00000,0.00000
60.34000,1.02194,1.00000,0.00000,0.00000,0.00000
60.48000,1.02194,1.00000,0.00000,0.00000,0.00000
60.62000,1.02194,1.00000,0.00000,0.00000,0.00000
60.76000,1.02194,1.00000,0.00000,0.00000,0.00000
60.90000,1.02193,1.00000,0.00000,0.00000,0.00000
61.04000,1.02194,1.00000,0.00000,0.00000,0.00000
61.18000,1.02194,1.00000,0.00000,0.00000,0.00000
61.32000,1.02194,1.00000,0.00000,0.00000,0.00000
61.46000,1.02194,1.00000,0.00000,0.00000,0.00000
61.60000,1.02194,1.00000,0.00000,0.00000,0.00000
61.74000,1.02193,1.00000,0.00000,0.00000,0.00000
61.88000,1.02194,1.00000,0.00000,0.00000,0.00000
62.02000,1.02194,1.00000,0.00000,0.00000,0.00000
62.16000,1.02194,1.00000,0.00000,0.00000,0.00000
62.30000,1.02194,1.00000,0.00000,0.00000,0.00000
62.44000,1.02194,1.00000,0.00000,0.00000,0.00000
62.58000,1.02193,1.00000,0.00000,0.00000,0.00000
62.72000,1.02193,1.00000,0.00000,0.00000,0.00000
62.86000,1.02194,1.00000,0.00000,0.00000,0.00000
63.00000,1.02193,1.00000,0.00000,0.00000,0.00000
63.14000,1.02193,1.00000,0.00000,0.00000,0.00000
63.28000,1.02194,1.00000,0.00000,0.00000,0.00000
63.42000,1.02194,1.00000,0.00000,0.00000,0.00000
63.56000,1.02194,1.00000,0.00000,0.00000,0.00000
63.70000,1.02194,1.00000,0.00000,0.00000,0.00000
63.84000,1.02194,1.00000,0.00000,0.00000,0.00000
63.98000,1.02194,1.00000,0.00000,0.00000,0.00000
64.12000,1.02193,1.00000,0.00000,0.00000,0.00000
64.26000,1.02193,1.00000,0.00000,0.00000,0.00000
64.40000,1.02193,1.00000,0.00000,0.00000,0.00000
64.54000,1.02193,1.00000,0.00000,0.00000,0.00000
64.68000,1.02193,1.00000,0.00000,0.00000,0.00000
64.82000,1.02193,1.00000,0.00000,0.00000,0.00000
64.96000,1.02194,1.00000,0.00000,0.00000,0.00000
65.10000,1.02194,1.00000,0.00000,0.00000,0.00000
65.24000,1.02194,1.00000,0.00000,0.00000,0.00000
65.38000,1.02194,1.00000,0.00000,0.00000,0.00000
65.52000,1.02194,1.00000,0.00000,0.00000,0.00000
65.66000,1.02193,1.00000,0.00000,0.00000,0.00000
65.80000,1.02193,1.00000,0.00000,0.00000,0.00000
65.94000,1.02193,1.00000,0.00000,0.00000,0.00000
66.08000,1.02193,1.00000,0.00000,0.00000,0.00000
66.22000,1.02193,1.00000,0.00000,0.00000,0.00000
66.36000,1.02193,1.00000,0.00000,0.00000,0.00000
66.50000,1.02193,1.00000,0.00000,0.00000,0.00000
66.64000,1.02193,1.00000,0.00000,0.00000,0.00000
66.78000,1.02194,1.00000,0.00000,0.00000,0.00000
66.92000,1.02194,1.00000,0.00000,0.00000,0.00000
67.06000,1.02194,1.00000,0.00000,0.00000,0.00000
67.20000,1.02194,1.00000,0.00000,0.00000,0.00000
67.34000,1.02194,1.00000,0.00000,0.00000,0.00000
67.48000,1.02193,1.00000,0.00000,0.00000,0.00000
67.62000,1.02193,1.00000,0.00000,0.00000,0.00000
67.76000,1.02193,1.00000,0.00000,0.00000,0.00000
67.90000,1.02193,1.00000,0.00000,0.00000,0.00000
68.04000,1.02193,1.00000,0.00000,0.00000,0.00000
68.18000,1.02193,1.00000,0.00000,0.00000,0.00000
68.32000,1.02193,1.00000,0.00000,0.00000,0.00000
68.46000,1.02194,1.00000,0.00000,0.00000,0.00000
68.60000,1.02194,1.00000,0.00000,0.00000,0.00000
68.74000,1.02194,1.00000,0.00000,0.00000,0.00000
68.88000,1.02194,1.00000,0.00000,0.00000,0.00000
69.02000,1.02194,1.00000,0.00000,0.00000,0.00000
69.16000,1.02193,1.00000,0.00000,0.00000,0.00000
69.30000,1.02193,1.00000,0.00000,0.00000,0.00000
69.44000,1.02193,1.00000,0.00000,0.00000,0.00000
69.58000,1.02193,1.00000,0.00000,0.00000,0.00000
69.72000,1.02193,1.00000,0.00000,0.00000,0.00000
69.86000,1.02193,1.00000,0.00000,0.00000,0.00000
70.00000,1.02193,1.00000,0.00000,0.00000,0.00000
70.14000,1.02193,1.00000,0.00000,0.00000,0.00000
70.28000,1.02194,1.00000,0.00000,0.00000,0.00000
70.42000,1.02194,1.00000,0.00000,0.00000,0.00000
70.56000,1.02194,1.00000,0.00000,0.00000,0.00000
70.70000,1.02194,1.00000,0.00000,0.00000,0.00000
70.84000,1.02194,1.00000,0.00000,0.00000,0.00000
70.98000,1.02193,1.00000,0.00000,0.00000,0.00000
71.12000,1.02193,1.00000,0.00000,0.00000,0.00000
71.26000,1.02193,1.00000,0.00000,0.00000,0.00000
71.40000,1.02193,1.00000,0.00000,0.00000,0.00000
71.54000,1.02193,1.00000,0.00000,0.00000,0.00000
71.68000,1.02193,1.00000,0.00000,0.00000,0.00000
71.82000,1.02193,1.00000,0.00000,0.00000,0.00000
71.96000,1.02194,1.00000,0.00000,0.00000,0.00000
72.10000,1.02194,1.00000,0.00000,0.00000,0.00000
72.24000,1.02194,1.00000,0.00000,0.00000,0.00000
72.38000,1.02194,1.00000,0.00000,0.00000,0.00000
72.52000,1.02194,1.00000,0.00000,0.00000,0.00000
72.66000,1.02193,1.00000,0.00000,0.00000,0.00000
72.80000,1.02193,1.00000,0.00000,0.00000,0.00000
72.94000,1.02193,1.00000,0.00000,0.00000,0.00000
73.08000,1.02193,1.00000,0.00000,0.00000,0.00000
73.22000,1.02193,1.00000,0.00000,0.00000,0.00000
73.36000,1.02193,1.00000,0.00000,0.00000,0.00000
73.50000,1.02193,1.00000,0.00000,0.00000,0.00000
73.64000,1.02193,1.00000,0.00000,0.00000,0.00000
73.78000,1.02194,1.00000,0.00000,0.00000,0.00000
73.92000,1.02194,1.00000,0.00000,0.00000,0.00000
74.06000,1.02194,1.00000,0.00000,0.00000,0.00000
74.20000,1.02194,1.00000,0.00000,0.00000,0.00000
74.34000,1.02194,1.00000,0.00000,0.00000,0.00000
74.48000,1.02193,1.00000,0.00000,0.00000,0.00000
74.62000,1.02193,1.00000,0.00000,0.00000,0.00000
74.76000,1.02193,1.00000,0.00000,0.00000,0.00000
74.90000,1.02193,1.00000,0.00000,0.00000,0.00000
75.04000,1.02193,1.00000,0.00000,0.00000,0.00000
75.18000,1.02193,1.00000,0.00000,0.00000,0.00000
75.32000,1.02193,1.00000,0.00000,0.00000,0.00000
75.46000,1.02194,1.00000,0.00000,0.00000,0.00000
75.60000,1.02194,1.00000,0.00000,0.00000,0.00000
75.74000,1.02194,1.00000,0.00000,0.00000,0.00000
75.88000,1.02194,1.00000,0.00000,0.00000,0.00000
76.02000,1.02194,1.00000,0.00000,0.00000,0.00000
76.16000,1.02193,1.00000,0.00000,0.00000,0.00000
76.30000,1.02193,1.00000,0.00000,0.00000,0.00000
76.44000,1.02193,1.00000,0.00000,0.00000,0.00000
76.58000,1.02193,1.00000,0.00000,0.00000,0.00000
76.72000,1.02193,1.00000,0.00000,0.00000,0.00000
76.86000,1.02193,1.00000,0.00000,0.00000,0.00000
77.00000,1.02193,1.00000,0.00000,0.00000,0.00000
77.14000,1.02193,1.00000,0.00000,0.00000,0.00000
77.28000,1.02194,1.00000,0.00000,0.00000,0.00000
77.42000,1.02194,1.00000,0.00000,0.00000,0.00000
77.56000,1.02194,1.00000,0.00000,0.00000,0.00000
77.70000,1.02194,1.00000,0.00000,0.00000,0.00000
77.84000,1.02194,1.00000,0.00000,0.00000,0.00000
77.98000,1.02193,1.00000,0.00000,0.00000,0.00000
78.12000,1.02193,1.00000,0.00000,0.00000,0.00000
78.26000,1.02193,1.00000,0.00000,0.00000,0.00000
78.40000,1.02193,1.00000,0.00000,0.00000,0.00000
78.54000,1.02193,1.00000,0.00000,0.00000,0.00000
78.68000,1.02193,1.00000,0.00000,0.00000,0.00000
78.82000,1.02193,1.00000,0.00000,0.00000,0.00000
78.96000,1.02194,1.00000,0.00000,0.00000,0.00000
79.10000,1.02194,1.00000,0.00000,0.00000,0.00000
79.24000,1.02194,1.00000,0.00000,0.00000,0.00000
79.38000,1.02194,1.00000,0.00000,0.00000,0.00000
79.52000,1.02194,1.00000,0.00000,0.00000,0.00000
79.66000,1.02193,1.00000,0.00000,0.00000,0.00000
79.80000,1.02193,1.00000,0.00000,0.00000,0.00000
79.94000,1.02193,1.00000,0.00000,0.00000,0.00000
80.08000,1.02193,1.00000,0.00000,0.00000,0.00000
80.22000,1.02193,1.00000,0.00000,0.00000,0.00000
80.36000,1.02193,1.00000,0.00000,0.00000,0.00000
80.50000,1.02193,1.00000,0.00000,0.00000,0.00000
80.64000,1.02193,1.00000,0.00000,0.00000,0.00000
80.78000,1.02194,1.00000,0.00000,0.00000,0.00000
80.92000,1.02194,1.00000,0.00000,0.00000,0.00000
81.06000,1.02194,1.00000,0.00000,0.00000,0.00000
81.20000,1.02194,1.00000,0.00000,0.00000,0.00000
81.34000,1.02194,1.00000,0.00000,0.00000,0.00000
81.48000,1.02193,1.00000,0.00000,0.00000,0.00000
81.62000,1.02193,1.00000,0.00000,0.00000,0.00000
81.76000,1.02193,1.00000,0.00000,0.00000,0.00000
81.90000,1.02193,1.00000,0.00000,0.00000,0.00000
82.04000,1.02193,1.00000,0.00000,0.00000,0.00000
82.18000,1.02193,1.00000,0.00000,0.00000,0.00000
82.32000,1.02193,1.00000,0.00000,0.00000,0.00000
82.46000,1.02194,1.00000,0.00000,0.00000,0.00000
82.60000,1.02194,1.00000,0.00000,0.00000,0.00000
82.74000,1.02194,1.00000,0.00000,0.00000,0.00000
82.88000,1.02194,1.00000,0.00000,0.00000,0.00000
83.02000,1.02194,1.00000,0.00000,0.00000,0.00000
83.16000,1.02193,1.00000,0.00000,0.00000,0.00000
83.30000,1.02193,1.00000,0.00000,0.00000,0.00000
83.44000,1.02193,1.00000,0.00000,0.00000,0.00000
83.58000,1.02193,1.00000,0.00000,0.00000,0.00000
83.72000,1.02193,1.00000,0.00000,0.00000,0.00000
83.86000,1.02193,1.00000,0.00000,0.00000,0.00000
84.00000,1.02193,1.00000,0.00000,0.00000,0.00000
84.14000,1.02193,1.00000,0.00000,0.00000,0.00000
84.28000,1.02194,1.00000,0.00000,0.00000,0.00000
84.42000,1.02194,1.00000,0.00000,0.00000,0.00000
84.56000,1.02194,1.00000,0.00000,0.00000,0.00000
84.70000,1.02194,1.00000,0.00000,0.00000,0.00000
84.84000,1.02194,1.00000,0.00000,0.00000,0.00000
84.98000,1.02193,1.00000,0.00000,0.00000,0.00000
85.12000,1.02193,1.00000,0.00000,0.00000,0.00000
85.26000,1.02193,1.00000,0.00000,0.00000,0.00000
85.40000,1.02193,1.00000,0.00000,0.00000,0.00000
85.54000,1.02193,1.00000,0.00000,0.00000,0.00000
85.68000,1.02193,1.00000,0.00000,0.00000,0.00000
85.82000,1.02193,1.00000,0.00000,0.00000,0.00000
85.96000,1.02194,1.00000,0.00000,0.00000,0.00000
86.10000,1.02194,1.00000,0.00000,0.00000,0.00000
86.24000,1.02194,1.00000,0.00000,0.00000,0.00000
86.38000,1.02194,1.00000,0.00000,0.00000,0.00000
86.52000,1.02194,1.00000,0.00000,0.00000,0.00000
86.66000,1.02193,1.00000,0.00000,0.00000,0.00000
86.80000,1.02193,1.00000,0.00000,0.00000,0.00000
86.94000,1.02193,1.00000,0.00000,0.00000,0.00000
87.08000,1.02193,1.00000,0.00000,0.00000,0.00000
87.22000,1.02193,1.00000,0.00000,0.00000,0.00000
87.36000,1.02193,1.00000,0.00000,0.00000,0.00000
87.50000,1.02193,1.00000,0.00000,0.00000,0.00000
87.64000,1.02193,1.00000,0.00000,0.00000,0.00000
87.78000,1.02194,1.00000,0.00000,0.00000,0.00000
87.92000,1.02194,1.00000,0.00000,0.00000,0.00000
88.06000,1.02194,1.00000,0.00000,0.00000,0.00000
88.20000,1.02194,1.00000,0.00000,0.00000,0.00000
88.34000,1.02194,1.00000,0.00000,0.00000,0.00000
88.48000,1.02193,1.00000,0.00000,0.00000,0.00000
88.62000,1.02193,1.00000,0.00000,0.00000,0.00000
88.76000,1.02193,1.00000,0.00000,0.00000,0.00000
88.90000,1.02193,1.00000,0.00000,0.00000,0.00000
89.04000,1.02193,1.00000,0.00000,0.00000,0.00000
89.18000,1.02193,1.00000,0.00000,0.00000,0.00000
89.32000,1.02193,1.00000,0.00000,0.00000,0.00000
89.46000,1.02194,1.00000,0.00000,0.00000,0.00000
89.60000,1.02194,1.00000,0.00000,0.00000,0.00000
89.74000,1.02194,1.00000,0.00000,0.00000,0.00000
89.88000,1.02194,1.00000,0.00000,0.00000,0.00000
90.02000,1.02194,1.00000,0.00000,0.00000,0.00000
90.16000,1.02193,1.00000,0.00000,0.00000,0.00000
90.30000,1.02193,1.00000,0.00000,0.00000,0.00000
90.44000,1.02193,1.00000,0.00000,0.00000,0.00000
90.58000,1.02193,1.00000,0.00000,0.00000,0.00000
90.72000,1.02193,1.00000,0.00000,0.00000,0.00000
90.86000,1.02193,1.00000,0.00000,0.00000,0.00000
91.00000,1.02193,1.00000,0.00000,0.00000,0.00000
91.14000,1.02193,1.00000,0.00000,0.00000,0.00000
91.28000,1.02194,1.00000,0.00000,0.00000,0.00000
91.42000,1.02194,1.00000,0.00000,0.00000,0.00000
91.56000,1.02194,1.00000,0.00000,0.00000,0.00000
91.70000,1.02194,1.00000,0.00000,0.00000,0.00000
91.84000,1.02194,1.00000,0.00000,0.00000,0.00000
91.98000,1.02193,1.00000,0.00000,0.00000,0.00000
92.12000,1.02193,1.00000,0.00000,0.00000,0.00000
92.26000,1.02193,1.00000,0.00000,0.00000,0.00000
92.40000,1.02193,1.00000,0.00000,0.00000,0.00000
92.54000,1.02193,1.00000,0.00000,0.00000,0.00000
92.68000,1.02193,1.00000,0.00000,0.00000,0.00000
92.82000,1.02193,1.00000,0.00000,0.00000,0.00000
92.96000,1.02194,1.00000,0.00000,0.00000,0.00000
93.10000,1.02194,1.00000,0.00000,0.00000,0.00000
93.24000,1.02194,1.00000,0.00000,0.00000,0.00000
93.38000,1.02194,1.00000,0.00000,0.00000,0.00000
93.52000,1.02194,1.00000,0.00000,0.00000,0.00000
93.66000,1.02193,1.00000,0.00000,0.00000,0.00000
93.80000,1.02193,1.00000,0.00000,0.00000,0.00000
93.94000,1.02193,1.00000,0.00000,0.00000,0.00000
94.08000,1.02193,1.00000,0.00000,0.00000,0.00000
94.22000,1.02193,1.00000,0.00000,0.00000,0.00000
94.36000,1.02193,1.00000,0.00000,0.00000,0.00000
94.50000,1.02193,1.00000,0.00000,0.00000,0.00000
94.64000,1.02193,1.00000,0.00000,0.00000,0.00000
94.78000,1.02194,1.00000,0.00000,0.00000,0.00000
94.92000,1.02194,1.00000,0.00000,0.00000,0.00000
95.06000,1.02194,1.00000,0.00000,0.00000,0.00000
95.20000,1.02194,1.00000,0.00000,0.00000,0.00000
95.34000,1.02194,1.00000,0.00000,0.00000,0.00000
95.48000,1.02193,1.00000,0.00000,0.00000,0.00000
95.62000,1.02193,1.00000,0.00000,0.00000,0.00000
95.76000,1.02193,1.00000,0.00000,0.00000,0.00000
95.90000,1.02193,1.00000,0.00000,0.00000,0.00000
96.04000,1.02193,1.00000,0.00000,0.00000,0.00000
96.18000,1.02193,1.00000,0.00000,0.00000,0.00000
96.32000,1.02193,1.00000,0.00000,0.00000,0.00000
96.46000,1.02194,1.00000,0.00000,0.00000,0.00000
96.60000,1.02194,1.00000,0.00000,0.00000,0.00000
96.74000,1.02194,1.00000,0.00000,0.00000,0.00000
96.88000,1.02194,1.00000,0.00000,0.00000,0.00000
97.02000,1.02194,1.00000,0.00000,0.00000,0.00000
97.16000,1.02193,1.00000,0.00000,0.00000,0.00000
97.30000,1.02193,1.00000,0.00000,0.00000,0.00000
97.44000,1.02193,1.00000,0.00000,0.00000,0.00000
97.58000,1.02193,1.00000,0.00000,0.00000,0.00000
97.72000,1.02193,1.00000,0.00000,0.00000,0.00000
97.86000,1.02193,1.00000,0.00000,0.00000,0.00000
98.00000,1.02193,1.00000,0.00000,0.00000,0.00000
98.14000,1.02193,1.00000,0.00000,0.00000,0.00000
98.28000,1.02194,1.00000,0.00000,0.00000,0.00000
98.42000,1.02194,1.00000,0.00000,0.00000,0.00000
98.56000,1.02194,1.00000,0.00000,0.00000,0.00000
98.70000,1.02194,1.00000,0.00000,0.00000,0.00000
98.84000,1.02194,1.00000,0.00000,0.00000,0.00000
98.98000,1.02193,1.00000,0.00000,0.00000,0.00000
99.12000,1.02193,1.00000,0.00000,0.00000,0.00000
99.26000,1.02193,1.00000,0.00000,0.00000,0.00000
99.40000,1.02193,1.00000,0.00000,0.00000,0.00000
99.54000,1.02193,1.00000,0.00000,0.00000,0.00000
99.68000,1.02193,1.00000,0.00000,0.00000,0.00000
99.82000,1.02193,1.00000,0.00000,0.00000,0.00000
99.96000,1.02194,1.00000,0.00000,0.00000,0.00000
100.10000,1.02194,1.00000,0.00000,0.00000,0.00000
100.24000,1.02194,1.00000,0.00000,0.00000,0.00000
100.38000,1.02194,1.00000,0.00000,0.00000,0.00000
100.52000,1.02194,1.00000,0.00000,0.00000,0.00000
100.66000,1.02193,1.00000,0.00000,0.00000,0.00000
100.80000,1.02193,1.00000,0.00000,0.00000,0.00000
100.94000,1.02193,1.00000,0.00000,0.00000,0.00000
101.08000,1.02193,1.00000,0.00000,0.00000,0.00000
101.22000,1.02193,1.00000,0.00000,0.00000,0.00000
101.36000,1.02193,1.00000,0.00000,0.00000,0.00000
101.50000,1.02193,1.00000,0.00000,0.00000,0.00000
101.64000,1.02193,1.00000,0.00000,0.00000,0.00000
101.78000,1.02194,1.00000,0.00000,0.00000,0.00000
101.92000,1.02194,1.00000,0.00000,0.00000,0.00000
102.06000,1.02194,1.00000,0.00000,0.00000,0.00000
102.20000,1.02194,1.00000,0.00000,0.00000,0.00000
102.34000,1.02194,1.00000,0.00000,0.00000,0.00000
102.48000,1.02193,1.00000,0.00000,0.00000,0.00000
102.62000,1.02193,1.00000,0.00000,0.00000,0.00000
102.76000,1.02193,1.00000,0.00000,0.00000,0.00000
102.90000,1.02193,1.00000,0.00000,0.00000,0.00000
103.04000,1.02193,1.00000,0.00000,0.00000,0.00000
103.18000,1.02193,1.00000,0.00000,0.00000,0.00000
103.32000,1.02193,1.00000,0.00000,0.00000,0.00000
103.46000,1.02194,1.00000,0.00000,0.00000,0.00000
103.60000,1.02194,1.00000,0.00000,0.00000,0.00000
103.74000,1.02194,1.00000,0.00000,0.00000,0.00000
103.88000,1.02194,1.00000,0.00000,0.00000,0.00000
104.02000,1.02194,1.00000,0.00000,0.00000,0.00000
104.16000,1.02193,1.00000,0.00000,0.00000,0.00000
104.30000,1.02193,1.00000,0.00000,0.00000,0.00000
104.44000,1.02193,1.00000,0.00000,0.00000,0.00000
104.58000,1.02193,1.00000,0.00000,0.00000,0.00000
104.72000,1.02193,1.00000,0.00000,0.00000,0.00000
104.86000,1.02193,1.00000,0.00000,0.00000,0.00000
105.00000,1.02193,1.00000,0.00000,0.00000,0.00000
105.14000,1.02193,1.00000,0.00000,0.00000,0.00000
105.28000,1.02194,1.00000,0.00000,0.00000,0.00000
105.42000,1.02194,1.00000,0.00000,0.00000,0.00000
105.56000,1.02194,1.00000,0.00000,0.00000,0.00000
105.70000,1.02194,1.00000,0.00000,0.00000,0.00000
105.84000,1.02194,1.00000,0.00000,0.00000,0.00000
105.98000,1.02193,1.00000,0.00000,0.00000,0.00000
106.12000,1.02193,1.00000,0.00000,0.00000,0.00000
106.26000,1.02193,1.00000,0.00000,0.00000,0.00000
106.40000,1.02193,1.00000,0.00000,0.00000,0.00000
106.54000,1.02193,1.00000,0.00000,0.00000,0.00000
106.68000,1.02193,1.00000,0.00000,0.00000,0.00000
106.82000,1.02193,1.00000,0.00000,0.00000,0.00000
106.96000,1.02194,1.00000,0.00000,0.00000,0.00000
107.10000,1.02194,1.00000,0.00000,0.00000,0.00000
107.24000,1.02194,1.00000,0.00000,0.00000,0.00000
107.38000,1.02194,1.00000,0.00000,0.00000,0.00000
107.52000,1.02194,1.00000,0.00000,0.00000,0.00000
107.66000,1.02193,1.00000,0.00000,0.00000,0.00000
107.80000,1.02193,1.00000,0.00000,0.00000,0.00000
107.94000,1.02193,1.00000,0.00000,0.00000,0.00000
108.08000,1.02193,1.00000,0.00000,0.00000,0.00000
108.22000,1.02193,1.00000,0.00000,0.00000,0.00000
108.36000,1.02193,1.00000,0.00000,0.00000,0.00000
108.50000,1.02193,1.00000,0.00000,0.00000,0.00000
108.64000,1.02193,1.00000,0.00000,0.00000,0.00000
108.78000,1.02194,1.00000,0.00000,0.00000,0.00000
108.92000,1.02194,1.00000,0.00000,0.00000,0.00000
109.06000,1.02194,1.00000,0.00000,0.00000,0.00000
109.20000,1.02194,1.00000,0.00000,0.00000,0.00000
109.34000,1.02194,1.00000,0.00000,0.00000,0.00000
109.48000,1.02193,1.00000,0.00000,0.00000,0.00000
109.62000,1.02193,1.00000,0.00000,0.00000,0.00000
109.76000,1.02193,1.00000,0.00000,0.00000,0.00000
109.90000,1.02193,1.00000,0.00000,0.00000,0.00000
110.04000,1.02193,1.00000,0.00000,0.00000,0.00000
110.18000,1.02193,1.00000,0.00000,0.00000,0.00000
110.32000,1.02193,1.00000,0.00000,0.00000,0.00000
110.46000,1.02194,1.00000,0.00000,0.00000,0.00000
110.60000,1.02194,1.00000,0.00000,0.00000,0.00000
110.74000,1.02194,1.00000,0.00000,0.00000,0.00000
110.88000,1.02194,1.00000,0.00000,0.00000,0.00000
111.02000,1.02194,1.00000,0.00000,0.00000,0.00000
111.16000,1.02193,0.99999,0.00000,0.00000,0.00001
111.30000,1.02193,0.99998,0.00000,0.00000,0.00001
111.44000,1.02193,0.99990,0.00000,0.00000,0.00010
111.58000,1.02193,0.99959,0.00000,0.00001,0.00040
111.72000,1.02193,0.99919,0.00000,0.00001,0.00080
111.86000,1.02193,0.99835,0.00000,0.00002,0.00163
112.00000,1.02193,0.99819,0.00000,0.00002,0.00179
112.14000,1.02193,0.99804,0.00000,0.00002,0.00194
112.28000,1.02194,0.99873,0.00000,0.00002,0.00125
112.42000,1.02194,0.99914,0.00000,0.00001,0.00085
112.56000,1.02194,0.99961,0.00000,0.00001,0.00038
112.70000,1.02194,0.99969,0.00000,0.00001,0.00031
112.84000,1.02194,0.99973,0.00000,0.00001,0.00026
112.98000,1.02193,0.99975,0.00000,0.00001,0.00024
113.12000,1.02193,0.99976,0.00000,0.00001,0.00024
113.26000,1.02193,0.99977,0.00000,0.00001,0.00022
113.40000,1.02193,0.99976,0.00000,0.00001,0.00024
113.54000,1.02193,0.99953,0.00000,0.00001,0.00046
113.68000,1.02193,0.99894,0.00000,0.00001,0.00105
113.82000,1.02193,0.99557,0.00000,0.00004,0.00439
113.96000,1.02194,0.95425,0.00000,0.00019,0.04555
114.10000,1.02194,0.86590,0.00001,0.00048,0.13361
114.24000,1.02194,0.74368,0.00004,0.00102,0.25526
114.38000,1.02194,0.71843,0.00007,0.00113,0.28037
114.52000,1.02194,0.72257,0.00016,0.00123,0.27603
114.66000,1.02193,0.66905,0.00020,0.00183,0.32892
114.80000,1.02193,0.61411,0.00020,0.00170,0.38399
114.94000,1.02193,0.70267,0.00011,0.00099,0.29623
115.08000,1.02193,0.86369,0.00001,0.00060,0.13570
115.22000,1.02193,0.98903,0.00000,0.00010,0.01087
115.36000,1.02193,0.99943,0.00000,0.00001,0.00056
115.50000,1.02193,0.99996,0.00000,0.00000,0.00004
115.64000,1.02193,1.00000,0.00000,0.00000,0.00000
115.78000,1.02194,1.00000,0.00000,0.00000,0.00000
115.92000,1.02194,1.00000,0.00000,0.00000,0.00000
116.06000,1.02194,1.00000,0.00000,0.00000,0.00000
116.20000,1.02194,1.00000,0.00000,0.00000,0.00000
116.34000,1.02194,1.00000,0.00000,0.00000,0.00000
116.48000,1.02193,1.00000,0.00000,0.00000,0.00000
116.62000,1.02193,1.00000,0.00000,0.00000,0.00000
116.76000,1.02193,1.00000,0.00000,0.00000,0.00000
116.90000,1.02193,1.00000,0.00000,0.00000,0.00000
117.04000,1.02193,1.00000,0.00000,0.00000,0.00000
117.18000,1.02193,1.00000,0.00000,0.00000,0.00000
117.32000,1.02193,1.00000,0.00000,0.00000,0.00000
117.46000,1.02194,1.00000,0.00000,0.00000,0.00000
117.60000,1.02194,1.00000,0.00000,0.00000,0.00000
117.74000,1.02194,1.00000,0.00000,0.00000,0.00000
117.88000,1.02194,1.00000,0.00000,0.00000,0.00000
118.02000,1.02194,1.00000,0.00000,0.00000,0.00000
118.16000,1.02193,1.00000,0.00000,0.00000,0.00000
118.30000,1.02193,1.00000,0.00000,0.00000,0.00000
118.44000,1.02193,1.00000,0.00000,0.00000,0.00000
118.58000,1.02193,1.00000,0.00000,0.00000,0.00000
118.72000,1.02193,1.00000,0.00000,0.00000,0.00000
118.86000,1.02193,1.00000,0.00000,0.00000,0.00000
119.00000,1.02193,1.00000,0.00000,0.00000,0.00000
119.14000,1.02193,1.00000,0.00000,0.00000,0.00000
119.28000,1.02194,1.00000,0.00000,0.00000,0.00000
119.42000,1.02194,1.00000,0.00000,0.00000,0.00000
119.56000,1.02194,1.00000,0.00000,0.00000,0.00000
119.70000,1.02194,1.00000,0.00000,0.00000,0.00000
119.84000,1.02194,1.00000,0.00000,0.00000,0.00000
119.98000,1.02193,1.00000,0.00000,0.00000,0.00000
120.12000,1.02193,1.00000,0.00000,0.00000,0.00000
120.26000,1.02193,1.00000,0.00000,0.00000,0.00000
120.40000,1.02193,1.00000,0.00000,0.00000,0.00000
120.54000,1.02193,1.00000,0.00000,0.00000,0.00000
120.68000,1.02193,1.00000,0.00000,0.00000,0.00000
120.82000,1.02193,1.00000,0.00000,0.00000,0.00000
120.96000,1.02194,1.00000,0.00000,0.00000,0.00000
121.10000,1.02194,1.00000,0.00000,0.00000,0.00000
121.24000,1.02194,1.00000,0.00000,0.00000,0.00000
121.38000,1.02194,1.00000,0.00000,0.00000,0.00000
121.52000,1.02194,1.00000,0.00000,0.00000,0.00000
121.66000,1.02193,1.00000,0.00000,0.00000,0.00000
121.80000,1.02193,1.00000,0.00000,0.00000,0.00000
121.94000,1.02193,1.00000,0.00000,0.00000,0.00000
122.08000,1.02193,1.00000,0.00000,0.00000,0.00000
122.22000,1.02193,1.00000,0.00000,0.00000,0.00000
122.36000,1.02193,1.00000,0.00000,0.00000,0.00000
122.50000,1.02193,1.00000,0.00000,0.00000,0.00000
122.64000,1.02193,1.00000,0.00000,0.00000,0.00000
122.78000,1.02194,1.00000,0.00000,0.00000,0.00000
122.92000,1.02194,1.00000,0.00000,0.00000,0.00000
123.06000,1.02194,1.00000,0.00000,0.00000,0.00000
123.20000,1.02194,1.00000,0.00000,0.00000,0.00000
123.34000,1.02194,1.00000,0.00000,0.00000,0.00000
123.48000,1.02193,1.00000,0.00000,0.00000,0.00000
123.62000,1.02193,1.00000,0.00000,0.00000,0.00000
123.76000,1.02193,1.00000,0.00000,0.00000,0.00000
123.90000,1.02193,1.00000,0.00000,0.00000,0.00000
124.04000,1.02193,1.00000,0.00000,0.00000,0.00000
124.18000,1.02193,1.00000,0.00000,0.00000,0.00000
124.32000,1.02193,1.00000,0.00000,0.00000,0.00000
124.46000,1.02194,1.00000,0.00000,0.00000,0.00000
124.60000,1.02194,1.00000,0.00000,0.00000,0.00000
124.74000,1.02194,1.00000,0.00000,0.00000,0.00000
124.88000,1.02194,1.00000,0.00000,0.00000,0.00000
125.02000,1.02194,1.00000,0.00000,0.00000,0.00000
125.16000,1.02193,1.00000,0.00000,0.00000,0.00000
125.30000,1.02193,1.00000,0.00000,0.00000,0.00000
125.44000,1.02193,1.00000,0.00000,0.00000,0.00000
125.58000,1.02193,1.00000,0.00000,0.00000,0.00000
125.72000,1.02193,1.00000,0.00000,0.00000,0.00000
125.86000,1.02193,1.00000,0.00000,0.00000,0.00000
126.00000,1.02193,1.00000,0.00000,0.00000,0.00000
126.14000,1.02193,1.00000,0.00000,0.00000,0.00000
126.28000,1.02194,1.00000,0.00000,0.00000,0.00000
126.42000,1.02194,1.00000,0.00000,0.00000,0.00000
126.56000,1.02194,1.00000,0.00000,0.00000,0.00000
126.70000,1.02194,1.00000,0.00000,0.00000,0.00000
126.84000,1.02194,1.00000,0.00000,0.00000,0.00000
126.98000,1.02193,1.00000,0.00000,0.00000,0.00000
127.12000,1.02193,1.00000,0.00000,0.00000,0.00000
127.26000,1.02193,1.00000,0.00000,0.00000,0.00000
127.40000,1.02193,1.00000,0.00000,0.00000,0.00000
127.54000,1.02193,1.00000,0.00000,0.00000,0.00000
127.68000,1.02193,1.00000,0.00000,0.00000,0.00000
127.82000,1.02193,1.00000,0.00000,0.00000,0.00000
127.96000,1.02193,1.00000,0.00000,0.00000,0.00000
128.10001,1.02193,1.00000,0.00000,0.00000,0.00000
128.24001,1.02193,1.00000,0.00000,0.00000,0.00000
128.38000,1.02193,1.00000,0.00000,0.00000,0.00000
128.52000,1.02193,1.00000,0.00000,0.00000,0.00000
128.66000,1.02193,1.00000,0.00000,0.00000,0.00000
128.80000,1.02193,1.00000,0.00000,0.00000,0.00000
128.94000,1.02194,1.00000,0.00000,0.00000,0.00000
129.08000,1.02194,1.00000,0.00000,0.00000,0.00000
129.22000,1.02194,1.00000,0.00000,0.00000,0.00000
129.36000,1.02194,1.00000,0.00000,0.00000,0.00000
129.50000,1.02194,1.00000,0.00000,0.00000,0.00000
129.64000,1.02194,1.00000,0.00000,0.00000,0.00000
129.78000,1.02194,1.00000,0.00000,0.00000,0.00000
129.92000,1.02194,1.00000,0.00000,0.00000,0.00000
130.06000,1.02194,1.00000,0.00000,0.00000,0.00000
130.20000,1.02194,1.00000,0.00000,0.00000,0.00000
130.34000,1.02194,1.00000,0.00000,0.00000,0.00000
130.48000,1.02194,1.00000,0.00000,0.00000,0.00000
130.62000,1.02194,1.00000,0.00000,0.00000,0.00000
130.75999,1.02194,1.00000,0.00000,0.00000,0.00000
130.89999,1.02194,1.00000,0.00000,0.00000,0.00000
131.03999,1.02194,1.00000,0.00000,0.00000,0.00000
131.17999,1.02194,1.00000,0.00000,0.00000,0.00000
131.32001,1.02193,1.00000,0.00000,0.00000,0.00000
131.46001,1.02193,1.00000,0.00000,0.00000,0.00000
131.60001,1.02193,1.00000,0.00000,0.00000,0.00000
131.74001,1.02193,1.00000,0.00000,0.00000,0.00000
131.88000,1.02193,1.00000,0.00000,0.00000,0.00000
132.02000,1.02193,1.00000,0.00000,0.00000,0.00000
132.16000,1.02193,1.00000,0.00000,0.00000,0.00000
132.30000,1.02193,1.00000,0.00000,0.00000,0.00000
132.44000,1.02194,1.00000,0.00000,0.00000,0.00000
132.58000,1.02194,1.00000,0.00000,0.00000,0.00000
132.72000,1.02194,1.00000,0.00000,0.00000,0.00000
132.86000,1.02194,1.00000,0.00000,0.00000,0.00000
133.00000,1.02194,1.00000,0.00000,0.00000,0.00000
133.14000,1.02194,1.00000,0.00000,0.00000,0.00000
133.28000,1.02194,1.00000,0.00000,0.00000,0.00000
133.42000,1.02194,1.00000,0.00000,0.00000,0.00000
133.56000,1.02194,1.00000,0.00000,0.00000,0.00000
133.70000,1.02194,1.00000,0.00000,0.00000,0.00000
133.84000,1.02194,1.00000,0.00000,0.00000,0.00000
133.98000,1.02194,1.00000,0.00000,0.00000,0.00000
134.12000,1.02194,1.00000,0.00000,0.00000,0.00000
134.25999,1.02194,1.00000,0.00000,0.00000,0.00000
134.39999,1.02194,1.00000,0.00000,0.00000,0.00000
134.53999,1.02194,1.00000,0.00000,0.00000,0.00000
134.67999,1.02194,1.00000,0.00000,0.00000,0.00000
134.82001,1.02193,1.00000,0.00000,0.00000,0.00000
134.96001,1.02193,1.00000,0.00000,0.00000,0.00000
135.10001,1.02193,1.00000,0.00000,0.00000,0.00000
135.24001,1.02193,1.00000,0.00000,0.00000,0.00000
135.38000,1.02193,1.00000,0.00000,0.00000,0.00000
135.52000,1.02193,1.00000,0.00000,0.00000,0.00000
135.66000,1.02193,1.00000,0.00000,0.00000,0.00000
135.80000,1.02193,1.00000,0.00000,0.00000,0.00000
135.94000,1.02194,1.00000,0.00000,0.00000,0.00000
136.08000,1.02194,1.00000,0.00000,0.00000,0.00000
136.22000,1.02194,1.00000,0.00000,0.00000,0.00000
136.36000,1.02194,1.00000,0.00000,0.00000,0.00000
136.50000,1.02194,1.00000,0.00000,0.00000,0.00000
136.64000,1.02194,1.00000,0.00000,0.00000,0.00000
136.78000,1.02194,1.00000,0.00000,0.00000,0.00000
136.92000,1.02194,1.00000,0.00000,0.00000,0.00000
137.06000,1.02194,1.00000,0.00000,0.00000,0.00000
137.20000,1.02194,1.00000,0.00000,0.00000,0.00000
137.34000,1.02194,1.00000,0.00000,0.00000,0.00000
137.48000,1.02194,1.00000,0.00000,0.00000,0.00000
137.62000,1.02194,1.00000,0.00000,0.00000,0.00000
137.75999,1.02194,1.00000,0.00000,0.00000,0.00000
137.89999,1.02194,1.00000,0.00000,0.00000,0.00000
138.03999,1.02194,1.00000,0.00000,0.00000,0.00000
138.17999,1.02194,1.00000,0.00000,0.00000,0.00000
138.32001,1.02193,1.00000,0.00000,0.00000,0.00000
138.46001,1.02193,1.00000,0.00000,0.00000,0.00000
138.60001,1.02193,1.00000,0.00000,0.00000,0.00000
138.74001,1.02193,1.00000,0.00000,0.00000,0.00000
138.88000,1.02193,1.00000,0.00000,0.00000,0.00000
139.02000,1.02193,0.99999,0.00000,0.00000,0.00001
139.16000,1.02193,0.99967,0.00000,0.00002,0.00032
139.30000,1.02193,0.99928,0.00000,0.00001,0.00071
139.44000,1.02194,0.99975,0.00000,0.00002,0.00024
139.58000,1.02194,0.99993,0.00000,0.00002,0.00005
139.72000,1.02194,0.99965,0.00000,0.00009,0.00027
139.86000,1.02194,0.99981,0.00000,0.00012,0.00006
140.00000,1.02194,0.99997,0.00000,0.00003,0.00000
140.14000,1.02194,0.99999,0.00000,0.00001,0.00000
140.28000,1.02194,0.99998,0.00000,0.00002,0.00000
140.42000,1.02194,0.99996,0.00000,0.00004,0.00001
140.56000,1.02194,0.99999,0.00000,0.00001,0.00000
140.70000,1.02194,1.00000,0.00000,0.00000,0.00000
140.84000,1.02194,1.00000,0.00000,0.00000,0.00000
140.98000,1.02194,1.00000,0.00000,0.00000,0.00000
141.12000,1.02194,1.00000,0.00000,0.00000,0.00000
141.25999,1.02194,1.00000,0.00000,0.00000,0.00000
141.39999,1.02194,1.00000,0.00000,0.00000,0.00000
141.53999,1.02194,1.00000,0.00000,0.00000,0.00000
141.67999,1.02194,1.00000,0.00000,0.00000,0.00000
141.82001,1.02193,1.00000,0.00000,0.00000,0.00000
141.96001,1.02193,1.00000,0.00000,0.00000,0.00000
142.10001,1.02193,1.00000,0.00000,0.00000,0.00000
142.24001,1.02193,1.00000,0.00000,0.00000,0.00000
142.38000,1.02193,1.00000,0.00000,0.00000,0.00000
142.52000,1.02193,1.00000,0.00000,0.00000,0.00000
142.66000,1.02193,1.00000,0.00000,0.00000,0.00000
142.80000,1.02193,1.00000,0.00000,0.00000,0.00000
142.94000,1.02194,1.00000,0.00000,0.00000,0.00000
143.08000,1.02194,1.00000,0.00000,0.00000,0.00000
143.22000,1.02194,1.00000,0.00000,0.00000,0.00000
143.36000,1.02194,1.00000,0.00000,0.00000,0.00000
143.50000,1.02194,1.00000,0.00000,0.00000,0.00000
143.64000,1.02194,1.00000,0.00000,0.00000,0.00000
143.78000,1.02194,1.00000,0.00000,0.00000,0.00000
143.92000,1.02194,1.00000,0.00000,0.00000,0.00000
144.06000,1.02194,1.00000,0.00000,0.00000,0.00000
144.20000,1.02194,1.00000,0.00000,0.00000,0.00000
144.34000,1.02194,1.00000,0.00000,0.00000,0.00000
144.48000,1.02194,1.00000,0.00000,0.00000,0.00000
144.62000,1.02194,1.00000,0.00000,0.00000,0.00000
144.75999,1.02194,1.00000,0.00000,0.00000,0.00000
144.89999,1.02194,1.00000,0.00000,0.00000,0.00000
145.03999,1.02194,1.00000,0.00000,0.00000,0.00000
145.17999,1.02194,1.00000,0.00000,0.00000,0.00000
145.32001,1.02193,1.00000,0.00000,0.00000,0.00000
145.46001,1.02193,1.00000,0.00000,0.00000,0.00000
145.60001,1.02193,1.00000,0.00000,0.00000,0.00000
145.74001,1.02193,1.00000,0.00000,0.00000,0.00000
145.88000,1.02193,1.00000,0.00000,0.00000,0.00000
146.02000,1.02193,1.00000,0.00000,0.00000,0.00000
146.16000,1.02193,1.00000,0.00000,0.00000,0.00000
146.30000,1.02193,1.00000,0.00000,0.00000,0.00000
146.44000,1.02194,1.00000,0.00000,0.00000,0.00000
146.58000,1.02194,1.00000,0.00000,0.00000,0.00000
146.72000,1.02194,1.00000,0.00000,0.00000,0.00000
146.86000,1.02194,1.00000,0.00000,0.00000,0.00000
147.00000,1.02194,1.00000,0.00000,0.00000,0.00000
147.14000,1.02194,1.00000,0.00000,0.00000,0.00000
147.28000,1.02194,1.00000,0.00000,0.00000,0.00000
147.42000,1.02194,1.00000,0.00000,0.00000,0.00000
147.56000,1.02194,1.00000,0.00000,0.00000,0.00000
147.70000,1.02194,1.00000,0.00000,0.00000,0.00000
147.84000,1.02194,1.00000,0.00000,0.00000,0.00000
147.98000,1.02194,1.00000,0.00000,0.00000,0.00000
148.12000,1.02194,1.00000,0.00000,0.00000,0.00000
148.25999,1.02194,1.00000,0.00000,0.00000,0.00000
148.39999,1.02194,1.00000,0.00000,0.00000,0.00000
148.53999,1.02194,1.00000,0.00000,0.00000,0.00000
148.67999,1.02194,1.00000,0.00000,0.00000,0.00000
148.82001,1.02193,1.00000,0.00000,0.00000,0.00000
148.96001,1.02193,1.00000,0.00000,0.00000,0.00000
149.10001,1.02193,1.00000,0.00000,0.00000,0.00000
149.24001,1.02193,1.00000,0.00000,0.00000,0.00000
149.38000,1.02193,1.00000,0.00000,0.00000,0.00000
149.52000,1.02193,1.00000,0.00000,0.00000,0.00000
149.66000,1.02193,1.00000,0.00000,0.00000,0.00000
149.80000,1.02193,1.00000,0.00000,0.00000,0.00000
149.94000,1.02194,1.00000,0.00000,0.00000,0.00000
150.08000,1.02194,1.00000,0.00000,0.00000,0.00000
150.22000,1.02194,1.00000,0.00000,0.00000,0.00000
150.36000,1.02194,1.00000,0.00000,0.00000,0.00000
150.50000,1.02194,1.00000,0.00000,0.00000,0.00000
150.64000,1.02194,1.00000,0.00000,0.00000,0.00000
150.78000,1.02194,1.00000,0.00000,0.00000,0.00000
150.92000,1.02194,1.00000,0.00000,0.00000,0.00000
151.06000,1.02194,1.00000,0.00000,0.00000,0.00000
151.20000,1.02194,1.00000,0.00000,0.00000,0.00000
151.34000,1.02194,1.00000,0.00000,0.00000,0.00000
151.48000,1.02194,1.00000,0.00000,0.00000,0.00000
151.62000,1.02194,1.00000,0.00000,0.00000,0.00000
151.75999,1.02194,1.00000,0.00000,0.00000,0.00000
151.89999,1.02194,1.00000,0.00000,0.00000,0.00000
152.03999,1.02194,1.00000,0.00000,0.00000,0.00000
152.17999,1.02194,1.00000,0.00000,0.00000,0.00000
152.32001,1.02193,1.00000,0.00000,0.00000,0.00000
152.46001,1.02193,1.00000,0.00000,0.00000,0.00000
152.60001,1.02193,1.00000,0.00000,0.00000,0.00000
152.74001,1.02193,1.00000,0.00000,0.00000,0.00000
152.88000,1.02193,1.00000,0.00000,0.00000,0.00000
153.02000,1.02193,1.00000,0.00000,0.00000,0.00000
153.16000,1.02193,1.00000,0.00000,0.00000,0.00000
153.30000,1.02193,1.00000,0.00000,0.00000,0.00000
153.44000,1.02194,1.00000,0.00000,0.00000,0.00000
153.58000,1.02194,1.00000,0.00000,0.00000,0.00000
153.72000,1.02194,1.00000,0.00000,0.00000,0.00000
153.86000,1.02194,1.00000,0.00000,0.00000,0.00000
154.00000,1.02194,1.00000,0.00000,0.00000,0.00000
154.14000,1.02194,1.00000,0.00000,0.00000,0.00000
154.28000,1.02194,1.00000,0.00000,0.00000,0.00000
154.42000,1.02194,1.00000,0.00000,0.00000,0.00000
154.56000,1.02194,1.00000,0.00000,0.00000,0.00000
154.70000,1.02194,1.00000,0.00000,0.00000,0.00000
154.84000,1.02194,1.00000,0.00000,0.00000,0.00000
154.98000,1.02194,1.00000,0.00000,0.00000,0.00000
155.12000,1.02194,1.00000,0.00000,0.00000,0.00000
155.25999,1.02194,1.00000,0.00000,0.00000,0.00000
155.39999,1.02194,1.00000,0.00000,0.00000,0.00000
155.53999,1.02194,1.00000,0.00000,0.00000,0.00000
155.67999,1.02194,1.00000,0.00000,0.00000,0.00000
155.82001,1.02193,1.00000,0.00000,0.00000,0.00000
155.96001,1.02193,1.00000,0.00000,0.00000,0.00000
156.10001,1.02193,1.00000,0.00000,0.00000,0.00000
156.24001,1.02193,1.00000,0.00000,0.00000,0.00000
156.38000,1.02193,1.00000,0.00000,0.00000,0.00000
156.52000,1.02193,1.00000,0.00000,0.00000,0.00000
156.66000,1.02193,1.00000,0.00000,0.00000,0.00000
156.80000,1.02193,1.00000,0.00000,0.00000,0.00000
156.94000,1.02194,1.00000,0.00000,0.00000,0.00000
157.08000,1.02194,1.00000,0.00000,0.00000,0.00000
157.22000,1.02194,1.00000,0.00000,0.00000,0.00000
157.36000,1.02194,1.00000,0.00000,0.00000,0.00000
157.50000,1.02194,1.00000,0.00000,0.00000,0.00000
157.64000,1.02194,1.00000,0.00000,0.00000,0.00000
157.78000,1.02194,1.00000,0.00000,0.00000,0.00000
157.92000,1.02194,1.00000,0.00000,0.00000,0.00000
158.06000,1.02194,1.00000,0.00000,0.00000,0.00000
158.20000,1.02194,1.00000,0.00000,0.00000,0.00000
158.34000,1.02194,1.00000,0.00000,0.00000,0.00000
158.48000,1.02194,1.00000,0.00000,0.00000,0.00000
158.62000,1.02194,1.00000,0.00000,0.00000,0.00000
158.75999,1.02194,1.00000,0.00000,0.00000,0.00000
158.89999,1.02194,1.00000,0.00000,0.00000,0.00000
159.03999,1.02194,1.00000,0.00000,0.00000,0.00000
159.17999,1.02194,1.00000,0.00000,0.00000,0.00000
159.32001,1.02193,1.00000,0.00000,0.00000,0.00000
159.46001,1.02193,1.00000,0.00000,0.00000,0.00000
159.60001,1.02193,1.00000,0.00000,0.00000,0.00000
159.74001,1.02193,1.00000,0.00000,0.00000,0.00000
159.88000,1.02193,1.00000,0.00000,0.00000,0.00000
160.02000,1.02193,1.00000,0.00000,0.00000,0.00000
160.16000,1.02193,1.00000,0.00000,0.00000,0.00000
160.30000,1.02193,1.00000,0.00000,0.00000,0.00000
160.44000,1.02194,1.00000,0.00000,0.00000,0.00000
160.58000,1.02194,1.00000,0.00000,0.00000,0.00000
160.72000,1.02194,1.00000,0.00000,0.00000,0.00000
160.86000,1.02194,1.00000,0.00000,0.00000,0.00000
161.00000,1.02194,1.00000,0.00000,0.00000,0.00000
161.14000,1.02194,1.00000,0.00000,0.00000,0.00000
161.28000,1.02194,1.00000,0.00000,0.00000,0.00000
161.42000,1.02194,1.00000,0.00000,0.00000,0.00000
161.56000,1.02194,1.00000,0.00000,0.00000,0.00000
161.70000,1.02194,1.00000,0.00000,0.00000,0.00000
161.84000,1.02194,1.00000,0.00000,0.00000,0.00000
161.98000,1.02194,1.00000,0.00000,0.00000,0.00000
162.12000,1.02194,1.00000,0.00000,0.00000,0.00000
162.25999,1.02194,1.00000,0.00000,0.00000,0.00000
162.39999,1.02194,1.00000,0.00000,0.00000,0.00000
162.53999,1.02194,1.00000,0.00000,0.00000,0.00000
162.67999,1.02194,1.00000,0.00000,0.00000,0.00000
162.82001,1.02193,1.00000,0.00000,0.00000,0.00000
162.96001,1.02193,1.00000,0.00000,0.00000,0.00000
163.10001,1.02193,1.00000,0.00000,0.00000,0.00000
163.24001,1.02193,1.00000,0.00000,0.00000,0.00000
163.38000,1.02193,1.00000,0.00000,0.00000,0.00000
163.52000,1.02193,1.00000,0.00000,0.00000,0.00000
163.66000,1.02193,1.00000,0.00000,0.00000,0.00000
163.80000,1.02193,1.00000,0.00000,0.00000,0.00000
163.94000,1.02194,1.00000,0.00000,0.00000,0.00000
164.08000,1.02194,1.00000,0.00000,0.00000,0.00000
164.22000,1.02194,1.00000,0.00000,0.00000,0.00000
164.36000,1.02194,1.00000,0.00000,0.00000,0.00000
164.50000,1.02194,1.00000,0.00000,0.00000,0.00000
164.64000,1.02194,1.00000,0.00000,0.00000,0.00000
164.78000,1.02194,1.00000,0.00000,0.00000,0.00000
164.92000,1.02194,1.00000,0.00000,0.00000,0.00000
165.06000,1.02194,1.00000,0.00000,0.00000,0.00000
165.20000,1.02194,1.00000,0.00000,0.00000,0.00000
165.34000,1.02194,1.00000,0.00000,0.00000,0.00000
165.48000,1.02194,1.00000,0.00000,0.00000,0.00000
165.62000,1.02194,1.00000,0.00000,0.00000,0.00000
165.75999,1.02194,1.00000,0.00000,0.00000,0.00000
165.89999,1.02194,1.00000,0.00000,0.00000,0.00000
166.03999,1.02194,1.00000,0.00000,0.00000,0.00000
166.17999,1.02194,1.00000,0.00000,0.00000,0.00000
166.32001,1.02193,1.00000,0.00000,0.00000,0.00000
166.46001,1.02193,1.00000,0.00000,0.00000,0.00000
166.60001,1.02193,1.00000,0.00000,0.00000,0.00000
166.74001,1.02193,1.00000,0.00000,0.00000,0.00000
166.88000,1.02193,1.00000,0.00000,0.00000,0.00000
167.02000,1.02193,1.00000,0.00000,0.00000,0.00000
167.16000,1.02193,1.00000,0.00000,0.00000,0.00000
167.30000,1.02193,1.00000,0.00000,0.00000,0.00000
167.44000,1.02194,1.00000,0.00000,0.00000,0.00000
167.58000,1.02194,1.00000,0.00000,0.00000,0.00000
167.72000,1.02194,1.00000,0.00000,0.00000,0.00000
167.86000,1.02194,1.00000,0.00000,0.00000,0.00000
168.00000,1.02194,1.00000,0.00000,0.00000,0.00000
168.14000,1.02194,1.00000,0.00000,0.00000,0.00000
168.28000,1.02194,1.00000,0.00000,0.00000,0.00000
168.42000,1.02194,1.00000,0.00000,0.00000,0.00000
168.56000,1.02194,1.00000,0.00000,0.00000,0.00000
168.70000,1.02194,1.00000,0.00000,0.00000,0.00000
168.84000,1.02194,1.00000,0.00000,0.00000,0.00000
168.98000,1.02194,1.00000,0.00000,0.00000,0.00000
169.12000,1.02194,1.00000,0.00000,0.00000,0.00000
169.25999,1.02194,1.00000,0.00000,0.00000,0.00000
169.39999,1.02194,1.00000,0.00000,0.00000,0.00000
169.53999,1.02194,1.00000,0.00000,0.00000,0.00000
169.67999,1.02194,1.00000,0.00000,0.00000,0.00000
169.82001,1.02193,1.00000,0.00000,0.00000,0.00000
169.96001,1.02193,1.00000,0.00000,0.00000,0.00000
170.10001,1.02193,1.00000,0.00000,0.00000,0.00000
170.24001,1.02193,1.00000,0.00000,0.00000,0.00000
170.38000,1.02193,1.00000,0.00000,0.00000,0.00000
170.52000,1.02193,1.00000,0.00000,0.00000,0.00000
170.66000,1.02193,1.00000,0.00000,0.00000,0.00000
170.80000,1.02193,1.00000,0.00000,0.00000,0.00000
170.94000,1.02194,1.00000,0.00000,0.00000,0.00000
171.08000,1.02194,1.00000,0.00000,0.00000,0.00000
171.22000,1.02194,1.00000,0.00000,0.00000,0.00000
171.36000,1.02194,1.00000,0.00000,0.00000,0.00000
171.50000,1.02194,1.00000,0.00000,0.00000,0.00000
171.64000,1.02194,1.00000,0.00000,0.00000,0.00000
171.78000,1.02194,1.00000,0.00000,0.00000,0.00000
171.92000,1.02194,1.00000,0.00000,0.00000,0.00000
172.06000,1.02194,1.00000,0.00000,0.00000,0.00000
172.20000,1.02194,1.00000,0.00000,0.00000,0.00000
172.34000,1.02194,1.00000,0.00000,0.00000,0.00000
172.48000,1.02194,1.00000,0.00000,0.00000,0.00000
172.62000,1.02194,1.00000,0.00000,0.00000,0.00000
172.75999,1.02194,1.00000,0.00000,0.00000,0.00000
172.89999,1.02194,1.00000,0.00000,0.00000,0.00000
173.03999,1.02194,1.00000,0.00000,0.00000,0.00000
173.17999,1.02194,1.00000,0.00000,0.00000,0.00000
173.32001,1.02193,1.00000,0.00000,0.00000,0.00000
173.46001,1.02193,1.00000,0.00000,0.00000,0.00000
173.60001,1.02193,1.00000,0.00000,0.00000,0.00000
173.74001,1.02193,1.00000,0.00000,0.00000,0.00000
173.88000,1.02193,1.00000,0.00000,0.00000,0.00000
174.02000,1.02193,1.00000,0.00000,0.00000,0.00000
174.16000,1.02193,1.00000,0.00000,0.00000,0.00000
174.30000,1.02193,1.00000,0.00000,0.00000,0.00000
174.44000,1.02194,1.00000,0.00000,0.00000,0.00000
174.58000,1.02194,1.00000,0.00000,0.00000,0.00000
174.72000,1.02194,1.00000,0.00000,0.00000,0.00000
174.86000,1.02194,1.00000,0.00000,0.00000,0.00000
175.00000,1.02194,1.00000,0.00000,0.00000,0.00000
175.14000,1.02194,1.00000,0.00000,0.00000,0.00000
175.28000,1.02194,1.00000,0.00000,0.00000,0.00000
175.42000,1.02194,1.00000,0.00000,0.00000,0.00000
175.56000,1.02194,1.00000,0.00000,0.00000,0.00000
175.70000,1.02194,1.00000,0.00000,0.00000,0.00000
175.84000,1.02194,1.00000,0.00000,0.00000,0.00000
175.98000,1.02194,1.00000,0.00000,0.00000,0.00000
176.12000,1.02194,1.00000,0.00000,0.00000,0.00000
176.25999,1.02194,1.00000,0.00000,0.00000,0.00000
176.39999,1.02194,1.00000,0.00000,0.00000,0.00000
176.53999,1.02194,1.00000,0.00000,0.00000,0.00000
176.67999,1.02194,1.00000,0.00000,0.00000,0.00000
176.82001,1.02193,1.00000,0.00000,0.00000,0.00000
176.96001,1.02193,1.00000,0.00000,0.00000,0.00000
177.10001,1.02193,1.00000,0.00000,0.00000,0.00000
177.24001,1.02193,1.00000,0.00000,0.00000,0.00000
177.38000,1.02193,1.00000,0.00000,0.00000,0.00000
177.52000,1.02193,1.00000,0.00000,0.00000,0.00000
177.66000,1.02193,1.00000,0.00000,0.00000,0.00000
177.80000,1.02193,1.00000,0.00000,0.00000,0.00000
177.94000,1.02194,1.00000,0.00000,0.00000,0.00000
178.08000,1.02194,1.00000,0.00000,0.00000,0.00000
178.22000,1.02194,1.00000,0.00000,0.00000,0.00000
178.36000,1.02194,1.00000,0.00000,0.00000,0.00000
178.50000,1.02194,1.00000,0.00000,0.00000,0.00000
178.64000,1.02194,1.00000,0.00000,0.00000,0.00000
178.78000,1.02194,1.00000,0.00000,0.00000,0.00000
178.92000,1.02194,1.00000,0.00000,0.00000,0.00000
179.06000,1.02194,1.00000,0.00000,0.00000,0.00000
179.20000,1.02194,1.00000,0.00000,0.00000,0.00000
179.34000,1.02194,1.00000,0.00000,0.00000,0.00000
179.48000,1.02194,1.00000,0.00000,0.00000,0.00000
179.62000,1.02194,1.00000,0.00000,0.00000,0.00000
179.75999,1.02194,1.00000,0.00000,0.00000,0.00000
179.89999,1.02194,1.00000,0.00000,0.00000,0.00000
180.03999,1.02194,1.00000,0.00000,0.00000,0.00000
180.17999,1.02194,1.00000,0.00000,0.00000,0.00000
180.32001,1.02193,1.00000,0.00000,0.00000,0.00000
180.46001,1.02193,1.00000,0.00000,0.00000,0.00000
180.60001,1.02193,1.00000,0.00000,0.00000,0.00000
180.74001,1.02193,1.00000,0.00000,0.00000,0.00000
180.88000,1.02193,1.00000,0.00000,0.00000,0.00000
181.02000,1.02193,1.00000,0.00000,0.00000,0.00000
181.16000,1.02193,1.00000,0.00000,0.00000,0.00000
181.30000,1.02193,1.00000,0.00000,0.00000,0.00000
181.44000,1.02194,1.00000,0.00000,0.00000,0.00000
181.58000,1.02194,1.00000,0.00000,0.00000,0.00000
181.72000,1.02194,1.00000,0.00000,0.00000,0.00000
181.86000,1.02194,1.00000,0.00000,0.00000,0.00000
182.00000,1.02194,1.00000,0.00000,0.00000,0.00000
182.14000,1.02194,1.00000,0.00000,0.00000,0.00000
182.28000,1.02194,1.00000,0.00000,0.00000,0.00000
182.42000,1.02194,1.00000,0.00000,0.00000,0.00000
182.56000,1.02194,1.00000,0.00000,0.00000,0.00000
182.70000,1.02194,1.00000,0.00000,0.00000,0.00000
182.84000,1.02194,1.00000,0.00000,0.00000,0.00000
182.98000,1.02194,1.00000,0.00000,0.00000,0.00000
183.12000,1.02194,1.00000,0.00000,0.00000,0.00000
183.25999,1.02194,1.00000,0.00000,0.00000,0.00000
183.39999,1.02194,1.00000,0.00000,0.00000,0.00000
183.53999,1.02194,1.00000,0.00000,0.00000,0.00000
183.67999,1.02194,1.00000,0.00000,0.00000,0.00000
183.82001,1.02193,1.00000,0.00000,0.00000,0.00000
183.96001,1.02193,1.00000,0.00000,0.00000,0.00000
184.10001,1.02193,1.00000,0.00000,0.00000,0.00000
184.24001,1.02193,1.00000,0.00000,0.00000,0.00000
184.38000,1.02193,1.00000,0.00000,0.00000,0.00000
184.52000,1.02193,1.00000,0.00000,0.00000,0.00000
184.66000,1.02193,1.00000,0.00000,0.00000,0.00000
184.80000,1.02193,1.00000,0.00000,0.00000,0.00000
184.94000,1.02194,1.00000,0.00000,0.00000,0.00000
185.08000,1.02194,1.00000,0.00000,0.00000,0.00000
185.22000,1.02194,1.00000,0.00000,0.00000,0.00000
185.36000,1.02194,1.00000,0.00000,0.00000,0.00000
185.50000,1.02194,1.00000,0.00000,0.00000,0.00000
185.64000,1.02194,1.00000,0.00000,0.00000,0.00000
185.78000,1.02194,1.00000,0.00000,0.00000,0.00000
185.92000,1.02194,1.00000,0.00000,0.00000,0.00000
186.06000,1.02194,1.00000,0.00000,0.00000,0.00000
186.20000,1.02194,1.00000,0.00000,0.00000,0.00000
186.34000,1.02194,1.00000,0.00000,0.00000,0.00000
186.48000,1.02194,1.00000,0.00000,0.00000,0.00000
186.62000,1.02194,1.00000,0.00000,0.00000,0.00000
186.75999,1.02194,1.00000,0.00000,0.00000,0.00000
186.89999,1.02194,1.00000,0.00000,0.00000,0.00000
187.03999,1.02194,1.00000,0.00000,0.00000,0.00000
187.17999,1.02194,1.00000,0.00000,0.00000,0.00000
187.32001,1.02193,1.00000,0.00000,0.00000,0.00000
187.46001,1.02193,1.00000,0.00000,0.00000,0.00000
187.60001,1.02193,1.00000,0.00000,0.00000,0.00000
187.74001,1.02193,1.00000,0.00000,0.00000,0.00000
187.88000,1.02193,1.00000,0.00000,0.00000,0.00000
188.02000,1.02193,1.00000,0.00000,0.00000,0.00000
188.16000,1.02193,1.00000,0.00000,0.00000,0.00000
188.30000,1.02193,1.00000,0.00000,0.00000,0.00000
188.44000,1.02194,1.00000,0.00000,0.00000,0.00000
188.58000,1.02194,1.00000,0.00000,0.00000,0.00000
188.72000,1.02194,1.00000,0.00000,0.00000,0.00000
188.86000,1.02194,1.00000,0.00000,0.00000,0.00000
189.00000,1.02194,1.00000,0.00000,0.00000,0.00000
189.14000,1.02194,1.00000,0.00000,0.00000,0.00000
189.28000,1.02194,1.00000,0.00000,0.00000,0.00000
189.42000,1.02194,1.00000,0.00000,0.00000,0.00000
189.56000,1.02194,1.00000,0.00000,0.00000,0.00000
189.70000,1.02194,1.00000,0.00000,0.00000,0.00000
189.84000,1.02194,1.00000,0.00000,0.00000,0.00000
189.98000,1.02194,1.00000,0.00000,0.00000,0.00000
190.12000,1.02194,1.00000,0.00000,0.00000,0.00000
190.25999,1.02194,1.00000,0.00000,0.00000,0.00000
190.39999,1.02194,1.00000,0.00000,0.00000,0.00000
190.53999,1.02194,1.00000,0.00000,0.00000,0.00000
190.67999,1.02194,1.00000,0.00000,0.00000,0.00000
190.82001,1.02193,1.00000,0.00000,0.00000,0.00000
190.96001,1.02193,1.00000,0.00000,0.00000,0.00000
191.10001,1.02193,1.00000,0.00000,0.00000,0.00000
191.24001,1.02193,1.00000,0.00000,0.00000,0.00000
191.38000,1.02193,1.00000,0.00000,0.00000,0.00000
191.52000,1.02193,1.00000,0.00000,0.00000,0.00000
191.66000,1.02193,1.00000,0.00000,0.00000,0.00000
191.80000,1.02193,1.00000,0.00000,0.00000,0.00000
191.94000,1.02194,1.00000,0.00000,0.00000,0.00000
192.08000,1.02194,1.00000,0.00000,0.00000,0.00000
192.22000,1.02194,1.00000,0.00000,0.00000,0.00000
192.36000,1.02194,1.00000,0.00000,0.00000,0.00000
192.50000,1.02194,1.00000,0.00000,0.00000,0.00000
192.64000,1.02194,1.00000,0.00000,0.00000,0.00000
192.78000,1.02194,1.00000,0.00000,0.00000,0.00000
192.92000,1.02194,1.00000,0.00000,0.00000,0.00000
193.06000,1.02194,1.00000,0.00000,0.00000,0.00000
193.20000,1.02194,1.00000,0.00000,0.00000,0.00000
193.34000,1.02194,1.00000,0.00000,0.00000,0.00000
193.48000,1.02194,1.00000,0.00000,0.00000,0.00000
193.62000,1.02194,1.00000,0.00000,0.00000,0.00000
193.75999,1.02194,1.00000,0.00000,0.00000,0.00000
193.89999,1.02194,1.00000,0.00000,0.00000,0.00000
194.03999,1.02194,1.00000,0.00000,0.00000,0.00000
194.17999,1.02194,1.00000,0.00000,0.00000,0.00000
194.32001,1.02193,1.00000,0.00000,0.00000,0.00000
194.46001,1.02193,1.00000,0.00000,0.00000,0.00000
194.60001,1.02193,1.00000,0.00000,0.00000,0.00000
194.74001,1.02193,1.00000,0.00000,0.00000,0.00000
194.88000,1.02193,1.00000,0.00000,0.00000,0.00000
195.02000,1.02193,1.00000,0.00000,0.00000,0.00000
195.16000,1.02193,1.00000,0.00000,0.00000,0.00000
195.30000,1.02193,1.00000,0.00000,0.00000,0.00000
195.44000,1.02194,1.00000,0.00000,0.00000,0.00000
195.58000,1.02194,1.00000,0.00000,0.00000,0.00000
195.72000,1.02194,1.00000,0.00000,0.00000,0.00000
195.86000,1.02194,1.00000,0.00000,0.00000,0.00000
196.00000,1.02194,1.00000,0.00000,0.00000,0.00000
196.14000,1.02194,1.00000,0.00000,0.00000,0.00000
196.28000,1.02194,1.00000,0.00000,0.00000,0.00000
196.42000,1.02194,1.00000,0.00000,0.00000,0.00000
196.56000,1.02194,1.00000,0.00000,0.00000,0.00000
196.70000,1.02194,1.00000,0.00000,0.00000,0.00000
196.84000,1.02194,1.00000,0.00000,0.00000,0.00000
196.98000,1.02194,1.00000,0.00000,0.00000,0.00000
197.12000,1.02194,1.00000,0.00000,0.00000,0.00000
197.25999,1.02194,1.00000,0.00000,0.00000,0.00000
197.39999,1.02194,1.00000,0.00000,0.00000,0.00000
197.53999,1.02194,1.00000,0.00000,0.00000,0.00000
197.67999,1.02194,1.00000,0.00000,0.00000,0.00000
197.82001,1.02193,1.00000,0.00000,0.00000,0.00000
197.96001,1.02193,1.00000,0.00000,0.00000,0.00000
198.10001,1.02193,1.00000,0.00000,0.00000,0.00000
198.24001,1.02193,1.00000,0.00000,0.00000,0.00000
198.38000,1.02193,1.00000,0.00000,0.00000,0.00000
198.52000,1.02193,1.00000,0.00000,0.00000,0.00000
198.66000,1.02193,1.00000,0.00000,0.00000,0.00000
198.80000,1.02193,1.00000,0.00000,0.00000,0.00000
198.94000,1.02194,1.00000,0.00000,0.00000,0.00000
199.08000,1.02194,1.00000,0.00000,0.00000,0.00000
199.22000,1.02194,1.00000,0.00000,0.00000,0.00000
199.36000,1.02194,1.00000,0.00000,0.00000,0.00000
199.50000,1.02194,1.00000,0.00000,0.00000,0.00000
199.64000,1.02194,1.00000,0.00000,0.00000,0.00000
199.78000,1.02194,1.00000,0.00000,0.00000,0.00000
199.92000,1.02194,1.00000,0.00000,0.00000,0.00000
200.06000,1.02194,1.00000,0.00000,0.00000,0.00000
200.20000,1.02194,0.99999,0.00000,0.00000,0.00001
200.34000,1.02194,0.99999,0.00000,0.00000,0.00001
200.48000,1.02194,1.00000,0.00000,0.00000,0.00000
200.62000,1.02194,1.00000,0.00000,0.00000,0.00000
200.75999,1.02194,1.00000,0.00000,0.00000,0.00000
200.89999,1.02194,1.00000,0.00000,0.00000,0.00000
201.03999,1.02194,0.99999,0.00000,0.00000,0.00000
201.17999,1.02194,0.99998,0.00000,0.00000,0.00001
201.32001,1.02193,0.99993,0.00000,0.00001,0.00006
201.46001,1.02193,0.99992,0.00000,0.00001,0.00006
201.60001,1.02193,0.99998,0.00000,0.00000,0.00002
201.74001,1.02193,0.99999,0.00000,0.00000,0.00001
201.88000,1.02193,1.00000,0.00000,0.00000,0.00000
202.02000,1.02193,1.00000,0.00000,0.00000,0.00000
202.16000,1.02193,1.00000,0.00000,0.00000,0.00000
202.30000,1.02193,1.00000,0.00000,0.00000,0.00000
202.44000,1.02194,1.00000,0.00000,0.00000,0.00000
202.58000,1.02194,1.00000,0.00000,0.00000,0.00000
202.72000,1.02194,1.00000,0.00000,0.00000,0.00000
202.86000,1.02194,1.00000,0.00000,0.00000,0.00000
203.00000,1.02194,1.00000,0.00000,0.00000,0.00000
203.14000,1.02194,1.00000,0.00000,0.00000,0.00000
203.28000,1.02194,1.00000,0.00000,0.00000,0.00000
203.42000,1.02194,1.00000,0.00000,0.00000,0.00000
203.56000,1.02194,1.00000,0.00000,0.00000,0.00000
203.70000,1.02194,1.00000,0.00000,0.00000,0.00000
203.84000,1.02194,1.00000,0.00000,0.00000,0.00000
203.98000,1.02194,1.00000,0.00000,0.00000,0.00000
204.12000,1.02194,1.00000,0.00000,0.00000,0.00000
204.25999,1.02194,1.00000,0.00000,0.00000,0.00000
204.39999,1.02194,1.00000,0.00000,0.00000,0.00000
204.53999,1.02194,1.00000,0.00000,0.00000,0.00000
204.67999,1.02194,1.00000,0.00000,0.00000,0.00000
204.82001,1.02193,1.00000,0.00000,0.00000,0.00000
204.96001,1.02193,1.00000,0.00000,0.00000,0.00000
205.10001,1.02193,1.00000,0.00000,0.00000,0.00000
205.24001,1.02193,1.00000,0.00000,0.00000,0.00000
205.38000,1.02193,1.00000,0.00000,0.00000,0.00000
205.52000,1.02193,1.00000,0.00000,0.00000,0.00000
205.66000,1.02193,1.00000,0.00000,0.00000,0.00000
205.80000,1.02193,1.00000,0.00000,0.00000,0.00000
205.94000,1.02194,1.00000,0.00000,0.00000,0.00000
206.08000,1.02194,1.00000,0.00000,0.00000,0.00000
206.22000,1.02194,1.00000,0.00000,0.00000,0.00000
206.36000,1.02194,1.00000,0.00000,0.00000,0.00000
206.50000,1.02194,1.00000,0.00000,0.00000,0.00000
206.64000,1.02194,1.00000,0.00000,0.00000,0.00000
206.78000,1.02194,1.00000,0.00000,0.00000,0.00000
206.92000,1.02194,1.00000,0.00000,0.00000,0.00000
207.06000,1.02194,1.00000,0.00000,0.00000,0.00000
207.20000,1.02194,1.00000,0.00000,0.00000,0.00000
207.34000,1.02194,1.00000,0.00000,0.00000,0.00000
207.48000,1.02194,1.00000,0.00000,0.00000,0.00000
207.62000,1.02194,1.00000,0.00000,0.00000,0.00000
207.75999,1.02194,0.99999,0.00000,0.00000,0.00000
207.89999,1.02194,0.99991,0.00000,0.00002,0.00007
208.03999,1.02194,0.99995,0.00000,0.00000,0.00005
208.17999,1.02194,0.99993,0.00000,0.00000,0.00007
208.32001,1.02193,0.99998,0.00000,0.00000,0.00001
208.46001,1.02193,0.99999,0.00000,0.00000,0.00000
208.60001,1.02193,1.00000,0.00000,0.00000,0.00000
208.74001,1.02193,1.00000,0.00000,0.00000,0.00000
208.88000,1.02193,1.00000,0.00000,0.00000,0.00000
209.02000,1.02193,1.00000,0.00000,0.00000,0.00000
209.16000,1.02193,1.00000,0.00000,0.00000,0.00000
209.30000,1.02193,1.00000,0.00000,0.00000,0.00000
209.44000,1.02194,1.00000,0.00000,0.00000,0.00000
209.58000,1.02194,1.00000,0.00000,0.00000,0.00000
209.72000,1.02194,1.00000,0.00000,0.00000,0.00000
209.86000,1.02194,1.00000,0.00000,0.00000,0.00000
210.00000,1.02194,1.00000,0.00000,0.00000,0.00000
210.14000,1.02194,1.00000,0.00000,0.00000,0.00000
210.28000,1.02194,1.00000,0.00000,0.00000,0.00000
210.42000,1.02194,1.00000,0.00000,0.00000,0.00000
210.56000,1.02194,1.00000,0.00000,0.00000,0.00000
210.70000,1.02194,1.00000,0.00000,0.00000,0.00000
210.84000,1.02194,1.00000,0.00000,0.00000,0.00000
210.98000,1.02194,1.00000,0.00000,0.00000,0.00000
211.12000,1.02194,1.00000,0.00000,0.00000,0.00000
211.25999,1.02194,1.00000,0.00000,0.00000,0.00000
211.39999,1.02194,1.00000,0.00000,0.00000,0.00000
211.53999,1.02194,1.00000,0.00000,0.00000,0.00000
211.67999,1.02194,1.00000,0.00000,0.00000,0.00000
211.82001,1.02193,1.00000,0.00000,0.00000,0.00000
211.96001,1.02193,1.00000,0.00000,0.00000,0.00000
212.10001,1.02193,1.00000,0.00000,0.00000,0.00000
212.24001,1.02193,1.00000,0.00000,0.00000,0.00000
212.38000,1.02193,1.00000,0.00000,0.00000,0.00000
212.52000,1.02193,1.00000,0.00000,0.00000,0.00000
212.66000,1.02193,1.00000,0.00000,0.00000,0.00000
212.80000,1.02193,1.00000,0.00000,0.00000,0.00000
212.94000,1.02194,1.00000,0.00000,0.00000,0.00000
213.08000,1.02194,1.00000,0.00000,0.00000,0.00000
213.22000,1.02194,1.00000,0.00000,0.00000,0.00000
213.36000,1.02194,1.00000,0.00000,0.00000,0.00000
213.50000,1.02194,1.00000,0.00000,0.00000,0.00000
213.64000,1.02194,1.00000,0.00000,0.00000,0.00000
213.78000,1.02194,1.00000,0.00000,0.00000,0.00000
213.92000,1.02194,1.00000,0.00000,0.00000,0.00000
214.06000,1.02194,1.00000,0.00000,0.00000,0.00000
214.20000,1.02194,1.00000,0.00000,0.00000,0.00000
214.34000,1.02194,1.00000,0.00000,0.00000,0.00000
214.48000,1.02194,1.00000,0.00000,0.00000,0.00000
214.62000,1.02194,1.00000,0.00000,0.00000,0.00000
214.75999,1.02194,0.99995,0.00000,0.00001,0.00004
214.89999,1.02194,0.99885,0.00005,0.00007,0.00103
215.03999,1.02194,0.98636,0.00711,0.00048,0.00605
215.17999,1.02194,0.75944,0.23355,0.00061,0.00641
215.32001,1.02193,0.02196,0.97742,0.00008,0.00054
215.46001,1.02193,0.00900,0.99058,0.00008,0.00034
215.60001,1.02193,0.00955,0.99001,0.00008,0.00036
215.74001,1.02193,0.00997,0.98959,0.00008,0.00036
215.88000,1.02193,0.00981,0.98979,0.00007,0.00033
216.02000,1.02193,0.01193,0.98761,0.00007,0.00039
216.16000,1.02193,0.01441,0.98508,0.00006,0.00045
216.30000,1.02193,0.01358,0.98595,0.00006,0.00041
216.44000,1.02194,0.01801,0.98136,0.00006,0.00057
216.58000,1.02194,0.01600,0.98348,0.00007,0.00046
216.72000,1.02194,0.01855,0.98091,0.00006,0.00047
216.86000,1.02194,0.01942,0.98011,0.00005,0.00042
217.00000,1.02194,0.03265,0.96678,0.00005,0.00052
217.14000,1.02194,0.04338,0.95587,0.00006,0.00069
217.28000,1.02194,0.05029,0.94879,0.00008,0.00085
217.42000,1.02194,0.02105,0.97845,0.00005,0.00045
217.56000,1.02194,0.02216,0.97730,0.00005,0.00048
217.70000,1.02194,0.02147,0.97802,0.00005,0.00046
217.84000,1.02194,0.02786,0.97156,0.00005,0.00053
217.98000,1.02194,0.03861,0.96072,0.00006,0.00061
218.12000,1.02194,0.03665,0.96267,0.00006,0.00062
218.25999,1.02194,0.02582,0.97362,0.00005,0.00051
218.39999,1.02194,0.03989,0.95932,0.00006,0.00073
218.53999,1.02194,0.04766,0.95155,0.00006,0.00074
218.67999,1.02194,0.04731,0.95182,0.00007,0.00081
218.82001,1.02193,0.02888,0.97056,0.00005,0.00052
218.96001,1.02193,0.04991,0.94930,0.00006,0.00073
219.10001,1.02193,0.06682,0.93216,0.00007,0.00095
219.24001,1.02193,0.06602,0.93295,0.00008,0.00095
219.38000,1.02193,0.02402,0.97545,0.00005,0.00048
219.52000,1.02193,0.05313,0.94590,0.00008,0.00090
219.66000,1.02193,0.02604,0.97328,0.00006,0.00062
219.80000,1.02193,0.02737,0.97200,0.00006,0.00058
219.94000,1.02194,0.03873,0.96046,0.00006,0.00075
220.08000,1.02194,0.03433,0.96498,0.00006,0.00063
220.22000,1.02194,0.07164,0.92728,0.00007,0.00101
220.36000,1.02194,0.06161,0.93741,0.00007,0.00091
220.50000,1.02194,0.05279,0.94633,0.00008,0.00080
220.64000,1.02194,0.02848,0.97089,0.00006,0.00056
220.78000,1.02194,0.02790,0.97153,0.00006,0.00051
220.92000,1.02194,0.01685,0.98273,0.00006,0.00037
221.06000,1.02194,0.01957,0.97999,0.00006,0.00039
221.20000,1.02194,0.01753,0.98203,0.00005,0.00039
221.34000,1.02194,0.02101,0.97851,0.00005,0.00043
221.48000,1.02194,0.01929,0.98023,0.00006,0.00042
221.62000,1.02194,0.01213,0.98751,0.00006,0.00031
221.75999,1.02194,0.01471,0.98492,0.00005,0.00032
221.89999,1.02194,0.01510,0.98452,0.00005,0.00033
222.03999,1.02194,0.01369,0.98591,0.00006,0.00034
222.17999,1.02194,0.00853,0.99112,0.00006,0.00028
222.32001,1.02193,0.00840,0.99118,0.00008,0.00034
222.46001,1.02193,0.00810,0.99149,0.00009,0.00033
222.60001,1.02193,0.00737,0.99224,0.00009,0.00030
222.74001,1.02193,0.00675,0.99287,0.00010,0.00029
222.88000,1.02193,0.00717,0.99242,0.00009,0.00031
223.02000,1.02193,0.00684,0.99278,0.00008,0.00029
223.16000,1.02193,0.00735,0.99223,0.00008,0.00034
223.30000,1.02193,0.00713,0.99242,0.00010,0.00035
223.44000,1.02194,0.00697,0.99258,0.00011,0.00035
223.58000,1.02194,0.00692,0.99263,0.00011,0.00034
223.72000,1.02194,0.00780,0.99169,0.00011,0.00040
223.86000,1.02194,0.00797,0.99152,0.00011,0.00041
224.00000,1.02194,0.00857,0.99090,0.00010,0.00043
224.14000,1.02194,0.00893,0.99051,0.00010,0.00046
224.28000,1.02194,0.00838,0.99105,0.00011,0.00046
224.42000,1.02194,0.00789,0.99153,0.00012,0.00046
224.56000,1.02194,0.00808,0.99137,0.00011,0.00044
224.70000,1.02194,0.00804,0.99141,0.00010,0.00045
224.84000,1.02194,0.00859,0.99073,0.00013,0.00056
224.98000,1.02194,0.00971,0.98953,0.00014,0.00062
225.12000,1.02194,0.00981,0.98954,0.00012,0.00054
225.25999,1.02194,0.00957,0.98983,0.00011,0.00050
225.39999,1.02194,0.00884,0.99059,0.00011,0.00046
225.53999,1.02194,0.00794,0.99158,0.00009,0.00039
225.67999,1.02194,0.00689,0.99272,0.00008,0.00031
225.82001,1.02193,0.00680,0.99281,0.00008,0.00031
225.96001,1.02193,0.00542,0.99423,0.00010,0.00026
226.10001,1.02193,0.00524,0.99440,0.00011,0.00026
226.24001,1.02193,0.00560,0.99401,0.00011,0.00028
226.38000,1.02193,0.00623,0.99335,0.00011,0.00031
226.52000,1.02193,0.00587,0.99372,0.00012,0.00030
226.66000,1.02193,0.00575,0.99384,0.00012,0.00029
226.80000,1.02193,0.00659,0.99296,0.00012,0.00033
226.94000,1.02194,0.00758,0.99197,0.00011,0.00035
227.08000,1.02194,0.00841,0.99117,0.00009,0.00033
227.22000,1.02194,0.00756,0.99209,0.00009,0.00026
227.36000,1.02194,0.00827,0.99132,0.00010,0.00031
227.50000,1.02194,0.00959,0.99001,0.00008,0.00032
227.64000,1.02194,0.01122,0.98840,0.00006,0.00032
227.78000,1.02194,0.01021,0.98940,0.00007,0.00032
227.92000,1.02194,0.01044,0.98909,0.00009,0.00039
228.06000,1.02194,0.00819,0.99143,0.00009,0.00030
228.20000,1.02194,0.00819,0.99147,0.00007,0.00027
228.34000,1.02194,0.00964,0.98994,0.00008,0.00034
228.48000,1.02194,0.00768,0.99190,0.00010,0.00032
228.62000,1.02194,0.00843,0.99115,0.00009,0.00032
228.75999,1.02194,0.00775,0.99190,0.00008,0.00027
228.89999,1.02194,0.00864,0.99094,0.00008,0.00034
229.03999,1.02194,0.00767,0.99190,0.00010,0.00033
229.17999,1.02194,0.00668,0.99296,0.00009,0.00027
229.32001,1.02193,0.00658,0.99307,0.00008,0.00027
229.46001,1.02193,0.00674,0.99287,0.00009,0.00030
229.60001,1.02193,0.00564,0.99398,0.00010,0.00027
229.74001,1.02193,0.00549,0.99414,0.00010,0.00027
229.88000,1.02193,0.00542,0.99421,0.00011,0.00026
230.02000,1.02193,0.00542,0.99423,0.00011,0.00025
230.16000,1.02193,0.00530,0.99434,0.00011,0.00026
230.30000,1.02193,0.00548,0.99414,0.00011,0.00027
230.44000,1.02194,0.00582,0.99382,0.00010,0.00026
230.58000,1.02194,0.00579,0.99386,0.00010,0.00026
230.72000,1.02194,0.00584,0.99379,0.00010,0.00027
230.86000,1.02194,0.00552,0.99412,0.00010,0.00025
231.00000,1.02194,0.00529,0.99438,0.00010,0.00024
231.14000,1.02194,0.00550,0.99416,0.00009,0.00025
231.28000,1.02194,0.00583,0.99380,0.00010,0.00027
231.42000,1.02194,0.00567,0.99395,0.00010,0.00027
231.56000,1.02194,0.00549,0.99414,0.00010,0.00027
231.70000,1.02194,0.00569,0.99391,0.00011,0.00029
231.84000,1.02194,0.00596,0.99364,0.00011,0.00029
231.98000,1.02194,0.00596,0.99364,0.00011,0.00030
232.12000,1.02194,0.00608,0.99351,0.00011,0.00031
232.25999,1.02194,0.00601,0.99360,0.00010,0.00028
232.39999,1.02194,0.00536,0.99431,0.00010,0.00024
232.53999,1.02194,0.00583,0.99379,0.00010,0.00028
232.67999,1.02194,0.00598,0.99363,0.00011,0.00029
232.82001,1.02193,0.00548,0.99417,0.00010,0.00025
232.96001,1.02193,0.00536,0.99429,0.00010,0.00025
233.10001,1.02193,0.00554,0.99408,0.00010,0.00028
233.24001,1.02193,0.00604,0.99357,0.00010,0.00028
233.38000,1.02193,0.00618,0.99347,0.00009,0.00026
233.52000,1.02193,0.00692,0.99265,0.00011,0.00032
233.66000,1.02193,0.00701,0.99261,0.00011,0.00028
233.80000,1.02193,0.00689,0.99278,0.00009,0.00025
233.94000,1.02194,0.00711,0.99254,0.00008,0.00027
234.08000,1.02194,0.00800,0.99161,0.00008,0.00031
234.22000,1.02194,0.00738,0.99224,0.00008,0.00029
234.36000,1.02194,0.00714,0.99252,0.00007,0.00027
234.50000,1.02194,0.00653,0.99311,0.00009,0.00027
234.64000,1.02194,0.00709,0.99249,0.00010,0.00031
234.78000,1.02194,0.00690,0.99273,0.00009,0.00028
234.92000,1.02194,0.00654,0.99312,0.00008,0.00026
235.06000,1.02194,0.00654,0.99308,0.00010,0.00029
235.20000,1.02194,0.00661,0.99300,0.00010,0.00029
235.34000,1.02194,0.00652,0.99313,0.00009,0.00025
235.48000,1.02194,0.00649,0.99317,0.00008,0.00026
235.62000,1.02194,0.00647,0.99314,0.00010,0.00030
235.75999,1.02194,0.00597,0.99366,0.00010,0.00027
235.89999,1.02194,0.00654,0.99308,0.00010,0.00028
236.03999,1.02194,0.00721,0.99241,0.00009,0.00029
236.17999,1.02194,0.00643,0.99323,0.00010,0.00025
236.32001,1.02193,0.00616,0.99350,0.00010,0.00024
236.46001,1.02193,0.00644,0.99326,0.00009,0.00022
236.60001,1.02193,0.00653,0.99319,0.00007,0.00021
236.74001,1.02193,0.00688,0.99283,0.00007,0.00022
236.88000,1.02193,0.00607,0.99363,0.00009,0.00021
237.02000,1.02193,0.00584,0.99388,0.00009,0.00019
237.16000,1.02193,0.00580,0.99393,0.00008,0.00019
237.30000,1.02193,0.00600,0.99372,0.00008,0.00020
237.44000,1.02194,0.00562,0.99410,0.00008,0.00020
237.58000,1.02194,0.00547,0.99424,0.00009,0.00020
237.72000,1.02194,0.00583,0.99386,0.00009,0.00022
237.86000,1.02194,0.00613,0.99354,0.00009,0.00024
238.00000,1.02194,0.00616,0.99348,0.00010,0.00026
238.14000,1.02194,0.00632,0.99328,0.00011,0.00029
238.28000,1.02194,0.00656,0.99301,0.00011,0.00032
238.42000,1.02194,0.00835,0.99102,0.00013,0.00050
238.56000,1.02194,0.00779,0.99167,0.00011,0.00042
238.70000,1.02194,0.00802,0.99142,0.00012,0.00043
238.84000,1.02194,0.00786,0.99163,0.00012,0.00039
238.98000,1.02194,0.00817,0.99130,0.00012,0.00040
239.12000,1.02194,0.00696,0.99260,0.00011,0.00033
239.25999,1.02194,0.00697,0.99261,0.00010,0.00032
239.39999,1.02194,0.00681,0.99278,0.00010,0.00031
239.53999,1.02194,0.00706,0.99252,0.00010,0.00032
239.67999,1.02194,0.00607,0.99353,0.00011,0.00029
239.82001,1.02193,0.00646,0.99310,0.00011,0.00033
239.96001,1.02193,0.00658,0.99299,0.00011,0.00032
240.10001,1.02193,0.00718,0.99235,0.00010,0.00036
240.24001,1.02193,0.00745,0.99203,0.00012,0.00039
240.38000,1.02193,0.00797,0.99154,0.00012,0.00037
240.52000,1.02193,0.00849,0.99106,0.00010,0.00035
240.66000,1.02193,0.00852,0.99109,0.00009,0.00030
240.80000,1.02193,0.00851,0.99113,0.00008,0.00027
240.94000,1.02194,0.00721,0.99252,0.00007,0.00021
241.08000,1.02194,0.00785,0.99188,0.00006,0.00022
241.22000,1.02194,0.00853,0.99116,0.00006,0.00025
241.36000,1.02194,0.00849,0.99120,0.00006,0.00024
241.50000,1.02194,0.00887,0.99081,0.00007,0.00025
241.64000,1.02194,0.00791,0.99180,0.00007,0.00022
241.78000,1.02194,0.00810,0.99160,0.00007,0.00022
241.92000,1.02194,0.00824,0.99149,0.00006,0.00021
242.06000,1.02194,0.01196,0.98770,0.00005,0.00028
242.20000,1.02194,0.00801,0.99166,0.00006,0.00026
242.34000,1.02194,0.00629,0.99339,0.00007,0.00025
242.48000,1.02194,0.00573,0.99394,0.00008,0.00025
242.62000,1.02194,0.00617,0.99346,0.00009,0.00029
242.75999,1.02194,0.00620,0.99341,0.00011,0.00029
242.89999,1.02194,0.00662,0.99298,0.00011,0.00029
243.03999,1.02194,0.00678,0.99283,0.00010,0.00028
243.17999,1.02194,0.00681,0.99282,0.00009,0.00028
243.32001,1.02193,0.00699,0.99266,0.00008,0.00027
243.46001,1.02193,0.00698,0.99267,0.00007,0.00028
243.60001,1.02193,0.00625,0.99338,0.00008,0.00028
243.74001,1.02193,0.00631,0.99328,0.00010,0.00031
243.88000,1.02193,0.00589,0.99373,0.00010,0.00029
244.02000,1.02193,0.00595,0.99366,0.00010,0.00029
244.16000,1.02193,0.00676,0.99280,0.00011,0.00032
244.30000,1.02193,0.00783,0.99173,0.00011,0.00033
