Time (seconds), Duration (seconds),pred_(unlabeled),pred_brushing_teeth,pred_hair_drying,pred_showering
0.00000,1.02194,0.99756,0.00191,0.00047,0.00006
0.14000,1.02194,0.99759,0.00188,0.00047,0.00006
0.28000,1.02194,0.99766,0.00180,0.00048,0.00006
0.42000,1.02194,0.99773,0.00174,0.00047,0.00006
0.56000,1.02194,0.99754,0.00190,0.00049,0.00006
0.70000,1.02194,0.99768,0.00178,0.00047,0.00006
0.84000,1.02194,0.99762,0.00184,0.00048,0.00006
0.98000,1.02194,0.99763,0.00182,0.00048,0.00006
1.12000,1.02194,0.99766,0.00180,0.00047,0.00006
1.26000,1.02194,0.99764,0.00182,0.00048,0.00006
1.40000,1.02194,0.99775,0.00172,0.00046,0.00006
1.54000,1.02194,0.99776,0.00173,0.00046,0.00006
1.68000,1.02194,0.99781,0.00168,0.00045,0.00006
1.82000,1.02194,0.99780,0.00169,0.00045,0.00006
1.96000,1.02194,0.99787,0.00163,0.00044,0.00006
2.10000,1.02194,0.99784,0.00166,0.00045,0.00006
2.24000,1.02194,0.99791,0.00160,0.00043,0.00006
2.38000,1.02194,0.99793,0.00158,0.00043,0.00006
2.52000,1.02194,0.99789,0.00162,0.00044,0.00006
2.66000,1.02194,0.99789,0.00162,0.00043,0.00006
2.80000,1.02194,0.99790,0.00161,0.00043,0.00006
2.94000,1.02194,0.99786,0.00165,0.00044,0.00006
3.08000,1.02194,0.99776,0.00172,0.00046,0.00006
3.22000,1.02194,0.99753,0.00191,0.00049,0.00007
3.36000,1.02194,0.99733,0.00207,0.00053,0.00007
3.50000,1.02194,0.99732,0.00208,0.00054,0.00007
3.64000,1.02194,0.99729,0.00209,0.00055,0.00007
3.78000,1.02194,0.99707,0.00229,0.00058,0.00007
3.92000,1.02194,0.99477,0.00427,0.00086,0.00010
4.06000,1.02194,0.99024,0.00881,0.00073,0.00022
4.20000,1.02194,0.99027,0.00871,0.00088,0.00014
4.34000,1.02194,0.99037,0.00851,0.00097,0.00015
4.48000,1.02194,0.98821,0.01066,0.00097,0.00016
4.62000,1.02194,0.98866,0.01023,0.00094,0.00016
4.76000,1.02194,0.98890,0.00882,0.00193,0.00034
4.90000,1.02194,0.99707,0.00217,0.00062,0.00014
5.04000,1.02194,0.99730,0.00208,0.00055,0.00007
5.18000,1.02194,0.99720,0.00217,0.00056,0.00007
5.32000,1.02194,0.99751,0.00193,0.00050,0.00006
5.46000,1.02194,0.99771,0.00176,0.00047,0.00006
5.60000,1.02194,0.99778,0.00171,0.00045,0.00006
5.74000,1.02194,0.99777,0.00171,0.00045,0.00006
5.88000,1.02194,0.99781,0.00168,0.00045,0.00006
6.02000,1.02194,0.99772,0.00175,0.00046,0.00006
6.16000,1.02194,0.99762,0.00184,0.00048,0.00006
6.30000,1.02194,0.99781,0.00161,0.00051,0.00007
6.44000,1.02194,0.99684,0.00249,0.00059,0.00008
6.58000,1.02194,0.99744,0.00165,0.00078,0.00013
6.72000,1.02194,0.99255,0.00406,0.00245,0.00095
6.86000,1.02194,0.97145,0.00928,0.01647,0.00280
7.00000,1.02194,0.92522,0.01092,0.05515,0.00871
7.14000,1.02194,0.45121,0.01456,0.51286,0.02137
7.28000,1.02194,0.26725,0.00841,0.71102,0.01331
7.42000,1.02194,0.06866,0.00529,0.92014,0.00592
7.56000,1.02194,0.01325,0.00355,0.98286,0.00034
7.70000,1.02194,0.00943,0.00307,0.98729,0.00021
7.84000,1.02194,0.00941,0.00321,0.98717,0.00021
7.98000,1.02194,0.00998,0.00340,0.98639,0.00023
8.12000,1.02194,0.00968,0.00349,0.98659,0.00024
8.26000,1.02194,0.01065,0.00356,0.98554,0.00025
8.40000,1.02194,0.01046,0.00380,0.98547,0.00026
8.54000,1.02194,0.01133,0.00382,0.98457,0.00028
8.68000,1.02194,0.01147,0.00398,0.98426,0.00029
8.82000,1.02194,0.01166,0.00402,0.98403,0.00029
8.96000,1.02194,0.01238,0.00413,0.98318,0.00032
9.10000,1.02194,0.01271,0.00430,0.98265,0.00034
9.24000,1.02194,0.01262,0.00429,0.98275,0.00035
9.38000,1.02194,0.01203,0.00432,0.98333,0.00032
9.52000,1.02194,0.01238,0.00433,0.98296,0.00033
9.66000,1.02194,0.01232,0.00435,0.98299,0.00034
9.80000,1.02194,0.01265,0.00419,0.98282,0.00034
9.94000,1.02194,0.01213,0.00422,0.98334,0.00031
10.08000,1.02194,0.01195,0.00409,0.98365,0.00031
10.22000,1.02194,0.01199,0.00408,0.98363,0.00030
10.36000,1.02194,0.01218,0.00405,0.98344,0.00033
10.50000,1.02194,0.01234,0.00399,0.98332,0.00035
10.64000,1.02194,0.01142,0.00392,0.98435,0.00031
10.78000,1.02194,0.01132,0.00398,0.98438,0.00032
10.92000,1.02194,0.01132,0.00368,0.98469,0.00031
11.06000,1.02194,0.01087,0.00377,0.98506,0.00030
11.20000,1.02194,0.01032,0.00353,0.98590,0.00025
11.34000,1.02194,0.01028,0.00337,0.98610,0.00026
11.48000,1.02194,0.01068,0.00332,0.98574,0.00026
11.62000,1.02194,0.00955,0.00317,0.98704,0.00024
11.76000,1.02194,0.00997,0.00335,0.98643,0.00024
11.90000,1.02194,0.00964,0.00327,0.98685,0.00024
12.04000,1.02194,0.00984,0.00337,0.98654,0.00024
12.18000,1.02194,0.00980,0.00334,0.98662,0.00024
12.32000,1.02194,0.01036,0.00337,0.98603,0.00024
12.46000,1.02194,0.01098,0.00375,0.98499,0.00028
12.60000,1.02194,0.01149,0.00384,0.98438,0.00029
12.74000,1.02194,0.01176,0.00396,0.98398,0.00030
12.88000,1.02194,0.01217,0.00394,0.98358,0.00031
13.02000,1.02194,0.01202,0.00407,0.98360,0.00031
13.16000,1.02194,0.01171,0.00417,0.98381,0.00031
13.30000,1.02194,0.01196,0.00417,0.98355,0.00031
13.44000,1.02194,0.01193,0.00404,0.98371,0.00033
13.58000,1.02194,0.01152,0.00415,0.98401,0.00032
13.72000,1.02194,0.01207,0.00414,0.98344,0.00034
13.86000,1.02194,0.01219,0.00402,0.98345,0.00034
14.00000,1.02194,0.01219,0.00389,0.98359,0.00033
14.14000,1.02194,0.01275,0.00423,0.98266,0.00036
14.28000,1.02194,0.01230,0.00402,0.98335,0.00033
14.42000,1.02194,0.01146,0.00397,0.98426,0.00031
14.56000,1.02194,0.01093,0.00366,0.98511,0.00030
14.70000,1.02194,0.01084,0.00380,0.98507,0.00028
14.84000,1.02194,0.01081,0.00369,0.98521,0.00030
14.98000,1.02194,0.01076,0.00386,0.98509,0.00029
15.12000,1.02194,0.01156,0.00370,0.98443,0.00030
15.26000,1.02194,0.01065,0.00387,0.98519,0.00029
15.40000,1.02194,0.01146,0.00375,0.98449,0.00030
15.54000,1.02194,0.01152,0.00406,0.98412,0.00031
15.68000,1.02194,0.01116,0.00395,0.98460,0.00029
15.82000,1.02194,0.01101,0.00385,0.98485,0.00029
15.96000,1.02194,0.01178,0.00390,0.98402,0.00029
16.10000,1.02194,0.01173,0.00396,0.98401,0.00031
16.24000,1.02194,0.01171,0.00404,0.98395,0.00031
16.38000,1.02194,0.01148,0.00409,0.98412,0.00031
16.52000,1.02194,0.01185,0.00407,0.98377,0.00031
16.66000,1.02194,0.01186,0.00426,0.98356,0.00032
16.80000,1.02194,0.01215,0.00409,0.98344,0.00031
16.94000,1.02194,0.01204,0.00420,0.98346,0.00030
17.08000,1.02194,0.01247,0.00425,0.98296,0.00032
17.22000,1.02194,0.01223,0.00441,0.98302,0.00034
17.36000,1.02194,0.01239,0.00425,0.98304,0.00032
17.50000,1.02194,0.01257,0.00433,0.98275,0.00035
17.64000,1.02194,0.01251,0.00426,0.98289,0.00034
17.78000,1.02194,0.01223,0.00417,0.98327,0.00033
17.92000,1.02194,0.01267,0.00421,0.98279,0.00033
18.06000,1.02194,0.01196,0.00422,0.98350,0.00032
18.20000,1.02194,0.01251,0.00418,0.98299,0.00032
18.34000,1.02194,0.01197,0.00419,0.98354,0.00030
18.48000,1.02194,0.01203,0.00404,0.98363,0.00029
18.62000,1.02194,0.01151,0.00410,0.98410,0.00029
18.76000,1.02194,0.01218,0.00408,0.98345,0.00030
18.90000,1.02194,0.01180,0.00407,0.98384,0.00029
19.04000,1.02194,0.01198,0.00401,0.98372,0.00029
19.18000,1.02194,0.01167,0.00408,0.98396,0.00029
19.32000,1.02194,0.01183,0.00417,0.98370,0.00030
19.46000,1.02194,0.01176,0.00416,0.98378,0.00030
19.60000,1.02194,0.01176,0.00425,0.98368,0.00032
19.74000,1.02194,0.01251,0.00418,0.98298,0.00033
19.88000,1.02194,0.01214,0.00416,0.98338,0.00032
20.02000,1.02194,0.01209,0.00433,0.98326,0.00032
20.16000,1.02194,0.01309,0.00436,0.98221,0.00034
20.30000,1.02194,0.01300,0.00429,0.98238,0.00033
20.44000,1.02194,0.01217,0.00435,0.98317,0.00031
20.58000,1.02194,0.01226,0.00428,0.98315,0.00031
20.72000,1.02194,0.01159,0.00424,0.98387,0.00030
20.86000,1.02194,0.01198,0.00426,0.98346,0.00030
21.00000,1.02194,0.01237,0.00408,0.98325,0.00030
21.14000,1.02194,0.01254,0.00412,0.98304,0.00031
21.28000,1.02194,0.01216,0.00435,0.98317,0.00032
21.42000,1.02194,0.01171,0.00423,0.98375,0.00031
21.56000,1.02194,0.01178,0.00423,0.98369,0.00031
21.70000,1.02194,0.01174,0.00404,0.98392,0.00030
21.84000,1.02194,0.01152,0.00408,0.98409,0.00030
21.98000,1.02194,0.01183,0.00402,0.98384,0.00031
22.12000,1.02194,0.01161,0.00387,0.98422,0.00030
22.26000,1.02194,0.01173,0.00390,0.98407,0.00030
22.40000,1.02194,0.01138,0.00392,0.98440,0.00029
22.54000,1.02194,0.01129,0.00387,0.98456,0.00028
22.68000,1.02194,0.01097,0.00381,0.98495,0.00027
22.82000,1.02194,0.01073,0.00390,0.98510,0.00027
22.96000,1.02194,0.01128,0.00396,0.98449,0.00027
23.10000,1.02194,0.01127,0.00404,0.98441,0.00028
23.24000,1.02194,0.01210,0.00422,0.98336,0.00033
23.38000,1.02194,0.01184,0.00419,0.98366,0.00031
23.52000,1.02194,0.01180,0.00418,0.98371,0.00031
23.66000,1.02194,0.01175,0.00417,0.98377,0.00031
23.80000,1.02194,0.01203,0.00405,0.98361,0.00031
23.94000,1.02194,0.01215,0.00410,0.98344,0.00031
24.08000,1.02194,0.01182,0.00399,0.98390,0.00029
24.22000,1.02194,0.01186,0.00396,0.98388,0.00030
24.36000,1.02194,0.01151,0.00407,0.98412,0.00030
24.50000,1.02194,0.01181,0.00416,0.98372,0.00031
24.64000,1.02194,0.01189,0.00400,0.98382,0.00030
24.78000,1.02194,0.01130,0.00394,0.98448,0.00028
24.92000,1.02194,0.01149,0.00400,0.98423,0.00029
25.06000,1.02194,0.01104,0.00397,0.98470,0.00029
25.20000,1.02194,0.01149,0.00380,0.98442,0.00029
25.34000,1.02194,0.01214,0.00396,0.98359,0.00031
25.48000,1.02194,0.01169,0.00405,0.98394,0.00031
25.62000,1.02194,0.01196,0.00385,0.98387,0.00031
25.76000,1.02194,0.01137,0.00390,0.98444,0.00028
25.90000,1.02194,0.01156,0.00404,0.98410,0.00029
26.04000,1.02194,0.01151,0.00384,0.98437,0.00029
26.18000,1.02194,0.01106,0.00390,0.98476,0.00028
26.32000,1.02194,0.01138,0.00387,0.98446,0.00029
26.46000,1.02194,0.01165,0.00386,0.98420,0.00030
26.60000,1.02194,0.01125,0.00390,0.98458,0.00028
26.74000,1.02194,0.01133,0.00395,0.98444,0.00028
26.88000,1.02194,0.01193,0.00386,0.98392,0.00029
27.02000,1.02194,0.01119,0.00405,0.98448,0.00028
27.16000,1.02194,0.01147,0.00393,0.98432,0.00028
27.30000,1.02194,0.01136,0.00382,0.98455,0.00028
27.44000,1.02194,0.01129,0.00405,0.98437,0.00029
27.58000,1.02194,0.01147,0.00389,0.98435,0.00029
27.72000,1.02194,0.01098,0.00393,0.98481,0.00028
27.86000,1.02194,0.01089,0.00392,0.98490,0.00028
28.00000,1.02194,0.01099,0.00381,0.98493,0.00027
28.14000,1.02194,0.01162,0.00387,0.98422,0.00028
28.28000,1.02194,0.01138,0.00401,0.98433,0.00028
28.42000,1.02194,0.01131,0.00402,0.98439,0.00028
28.56000,1.02194,0.01164,0.00396,0.98409,0.00030
28.70000,1.02194,0.01175,0.00389,0.98405,0.00031
28.84000,1.02194,0.01158,0.00386,0.98425,0.00032
28.98000,1.02194,0.01151,0.00392,0.98426,0.00031
29.12000,1.02194,0.01166,0.00393,0.98410,0.00031
29.26000,1.02194,0.01152,0.00399,0.98418,0.00031
29.40000,1.02194,0.01126,0.00391,0.98454,0.00029
29.54000,1.02194,0.01137,0.00372,0.98464,0.00027
29.68000,1.02194,0.01081,0.00384,0.98508,0.00026
29.82000,1.02194,0.01076,0.00384,0.98514,0.00026
29.96000,1.02194,0.01109,0.00400,0.98464,0.00027
30.10000,1.02194,0.01086,0.00387,0.98500,0.00027
30.24000,1.02194,0.01096,0.00369,0.98509,0.00027
30.38000,1.02194,0.01118,0.00387,0.98468,0.00028
30.52000,1.02194,0.01154,0.00403,0.98412,0.00030
30.66000,1.02194,0.01119,0.00393,0.98461,0.00028
30.80000,1.02194,0.01108,0.00382,0.98483,0.00027
30.94000,1.02194,0.01130,0.00385,0.98457,0.00028
31.08000,1.02194,0.01118,0.00397,0.98457,0.00028
31.22000,1.02194,0.01142,0.00396,0.98433,0.00029
31.36000,1.02194,0.01118,0.00401,0.98454,0.00027
31.50000,1.02194,0.01063,0.00396,0.98512,0.00028
31.64000,1.02194,0.01097,0.00383,0.98492,0.00027
31.78000,1.02194,0.01111,0.00370,0.98492,0.00027
31.92000,1.02194,0.01099,0.00387,0.98486,0.00027
32.06000,1.02193,0.01098,0.00398,0.98474,0.00030
32.20000,1.02194,0.01136,0.00390,0.98445,0.00029
32.34000,1.02194,0.01111,0.00389,0.98472,0.00028
32.48000,1.02194,0.01186,0.00387,0.98398,0.00029
32.62000,1.02194,0.01124,0.00403,0.98443,0.00030
32.76000,1.02194,0.01182,0.00392,0.98396,0.00029
32.90000,1.02193,0.01117,0.00408,0.98445,0.00030
33.04000,1.02194,0.01115,0.00395,0.98462,0.00028
33.18000,1.02194,0.01103,0.00391,0.98477,0.00029
33.32000,1.02194,0.01217,0.00379,0.98374,0.00030
33.46000,1.02194,0.01119,0.00384,0.98468,0.00029
33.60000,1.02194,0.01145,0.00398,0.98429,0.00028
33.74000,1.02193,0.01132,0.00389,0.98452,0.00028
33.88000,1.02194,0.01116,0.00383,0.98474,0.00027
34.02000,1.02194,0.01103,0.00392,0.98478,0.00027
34.16000,1.02194,0.01147,0.00385,0.98441,0.00027
34.30000,1.02194,0.01135,0.00392,0.98446,0.00027
34.44000,1.02194,0.01141,0.00402,0.98429,0.00027
34.58000,1.02193,0.01208,0.00395,0.98368,0.00029
34.72000,1.02193,0.01159,0.00405,0.98407,0.00028
34.86000,1.02194,0.01107,0.00413,0.98452,0.00028
35.00000,1.02194,0.01182,0.00384,0.98405,0.00029
35.14000,1.02194,0.01169,0.00385,0.98416,0.00029
35.28000,1.02194,0.01133,0.00380,0.98458,0.00029
35.42000,1.02194,0.01228,0.00396,0.98343,0.00033
35.56000,1.02193,0.01095,0.00380,0.98497,0.00028
35.70000,1.02194,0.01092,0.00385,0.98494,0.00029
35.84000,1.02194,0.01086,0.00350,0.98538,0.00026
35.98000,1.02194,0.01099,0.00375,0.98499,0.00027
36.12000,1.02194,0.01063,0.00382,0.98528,0.00027
36.26000,1.02194,0.01105,0.00376,0.98492,0.00027
36.40000,1.02193,0.01104,0.00383,0.98485,0.00027
36.54000,1.02194,0.01118,0.00398,0.98458,0.00027
36.68000,1.02194,0.01128,0.00399,0.98445,0.00028
36.82000,1.02194,0.01117,0.00400,0.98456,0.00027
36.96000,1.02194,0.01111,0.00394,0.98468,0.00027
37.10000,1.02194,0.01180,0.00384,0.98407,0.00029
37.24000,1.02193,0.01127,0.00394,0.98450,0.00028
37.38000,1.02194,0.01120,0.00398,0.98454,0.00028
37.52000,1.02194,0.01122,0.00395,0.98455,0.00028
37.66000,1.02194,0.01119,0.00401,0.98452,0.00028
37.80000,1.02194,0.01133,0.00399,0.98439,0.00029
37.94000,1.02194,0.01159,0.00392,0.98421,0.00028
38.08000,1.02193,0.01115,0.00392,0.98466,0.00028
38.22000,1.02193,0.01144,0.00399,0.98428,0.00029
38.36000,1.02194,0.01118,0.00394,0.98461,0.00027
38.50000,1.02194,0.01094,0.00385,0.98494,0.00026
38.64000,1.02194,0.01137,0.00395,0.98441,0.00027
38.78000,1.02194,0.01177,0.00382,0.98413,0.00028
38.92000,1.02194,0.01101,0.00390,0.98483,0.00027
39.06000,1.02193,0.01105,0.00397,0.98471,0.00027
39.20000,1.02194,0.01102,0.00379,0.98492,0.00027
39.34000,1.02194,0.01115,0.00379,0.98479,0.00028
39.48000,1.02194,0.01128,0.00388,0.98457,0.00027
39.62000,1.02194,0.01148,0.00397,0.98426,0.00029
39.76000,1.02194,0.01129,0.00399,0.98444,0.00028
39.90000,1.02193,0.01122,0.00391,0.98459,0.00028
40.04000,1.02194,0.01118,0.00405,0.98450,0.00027
40.18000,1.02194,0.01128,0.00400,0.98444,0.00027
40.32000,1.02194,0.01161,0.00401,0.98409,0.00029
40.46000,1.02194,0.01147,0.00407,0.98418,0.00028
40.60000,1.02194,0.01157,0.00417,0.98397,0.00029
40.74000,1.02193,0.01162,0.00417,0.98392,0.00030
40.88000,1.02194,0.01107,0.00410,0.98454,0.00029
41.02000,1.02194,0.01120,0.00387,0.98465,0.00027
41.16000,1.02194,0.01156,0.00377,0.98439,0.00028
41.30000,1.02194,0.01197,0.00392,0.98381,0.00030
41.44000,1.02194,0.01138,0.00417,0.98414,0.00031
41.58000,1.02193,0.01160,0.00416,0.98394,0.00030
41.72000,1.02193,0.01082,0.00402,0.98487,0.00029
41.86000,1.02194,0.01108,0.00392,0.98471,0.00028
42.00000,1.02194,0.01105,0.00371,0.98495,0.00028
42.14000,1.02194,0.01124,0.00378,0.98469,0.00028
42.28000,1.02194,0.01097,0.00393,0.98481,0.00030
42.42000,1.02194,0.01070,0.00383,0.98519,0.00028
42.56000,1.02193,0.01085,0.00397,0.98488,0.00030
42.70000,1.02194,0.01119,0.00385,0.98467,0.00029
42.84000,1.02194,0.01160,0.00396,0.98413,0.00031
42.98000,1.02194,0.01205,0.00403,0.98361,0.00031
43.12000,1.02194,0.01217,0.00411,0.98339,0.00033
43.26000,1.02194,0.01111,0.00396,0.98464,0.00029
43.40000,1.02193,0.01108,0.00398,0.98466,0.00028
43.54000,1.02194,0.01166,0.00377,0.98427,0.00029
43.68000,1.02194,0.01123,0.00387,0.98460,0.00030
43.82000,1.02194,0.01166,0.00401,0.98403,0.00030
43.96000,1.02194,0.01135,0.00385,0.98451,0.00028
44.10000,1.02194,0.01161,0.00385,0.98424,0.00030
44.24000,1.02193,0.01121,0.00408,0.98441,0.00030
44.38000,1.02194,0.01175,0.00391,0.98405,0.00029
44.52000,1.02194,0.01137,0.00370,0.98465,0.00028
44.66000,1.02194,0.01095,0.00389,0.98488,0.00028
44.80000,1.02194,0.01107,0.00386,0.98478,0.00029
44.94000,1.02194,0.01124,0.00374,0.98474,0.00028
45.08000,1.02193,0.01093,0.00362,0.98518,0.00027
45.22000,1.02193,0.01099,0.00380,0.98493,0.00028
45.36000,1.02194,0.01123,0.00378,0.98470,0.00029
45.50000,1.02194,0.01059,0.00385,0.98528,0.00029
45.64000,1.02194,0.01071,0.00379,0.98523,0.00027
45.78000,1.02194,0.01116,0.00394,0.98462,0.00029
45.92000,1.02194,0.01123,0.00391,0.98457,0.00029
46.06000,1.02193,0.01152,0.00395,0.98423,0.00030
46.20000,1.02194,0.01101,0.00392,0.98479,0.00028
46.34000,1.02194,0.01200,0.00399,0.98370,0.00031
46.48000,1.02194,0.01178,0.00403,0.98387,0.00031
46.62000,1.02194,0.01182,0.00400,0.98388,0.00030
46.76000,1.02194,0.01144,0.00401,0.98426,0.00029
46.90000,1.02193,0.01112,0.00387,0.98474,0.00027
47.04000,1.02194,0.01091,0.00391,0.98491,0.00027
47.18000,1.02194,0.01123,0.00377,0.98474,0.00026
47.32000,1.02194,0.01111,0.00384,0.98478,0.00027
47.46000,1.02194,0.01111,0.00395,0.98467,0.00027
47.60000,1.02194,0.01111,0.00376,0.98487,0.00027
47.74000,1.02193,0.01128,0.00378,0.98468,0.00027
47.88000,1.02194,0.01081,0.00404,0.98488,0.00027
48.02000,1.02194,0.01140,0.00390,0.98443,0.00027
48.16000,1.02194,0.01162,0.00390,0.98419,0.00029
48.30000,1.02194,0.01092,0.00398,0.98483,0.00027
48.44000,1.02194,0.01173,0.00393,0.98404,0.00030
48.58000,1.02193,0.01114,0.00404,0.98454,0.00028
48.72000,1.02193,0.01089,0.00399,0.98483,0.00028
48.86000,1.02194,0.01140,0.00386,0.98445,0.00029
49.00000,1.02194,0.01175,0.00388,0.98407,0.00030
49.14000,1.02194,0.01084,0.00402,0.98486,0.00029
49.28000,1.02194,0.01124,0.00390,0.98457,0.00029
49.42000,1.02194,0.01107,0.00395,0.98470,0.00028
49.56000,1.02193,0.01150,0.00370,0.98452,0.00029
49.70000,1.02194,0.01181,0.00389,0.98400,0.00030
49.84000,1.02194,0.01167,0.00411,0.98392,0.00029
49.98000,1.02194,0.01085,0.00394,0.98494,0.00028
50.12000,1.02194,0.01116,0.00384,0.98473,0.00027
50.26000,1.02194,0.01152,0.00383,0.98436,0.00028
50.40000,1.02193,0.01099,0.00391,0.98482,0.00028
50.54000,1.02194,0.01107,0.00392,0.98474,0.00027
50.68000,1.02194,0.01072,0.00379,0.98522,0.00026
50.82000,1.02194,0.01080,0.00378,0.98515,0.00026
50.96000,1.02194,0.01102,0.00378,0.98493,0.00027
51.10000,1.02194,0.01141,0.00392,0.98438,0.00029
51.24000,1.02193,0.01101,0.00387,0.98484,0.00028
51.38000,1.02194,0.01100,0.00393,0.98479,0.00028
51.52000,1.02194,0.01111,0.00395,0.98466,0.00028
51.66000,1.02194,0.01109,0.00392,0.98469,0.00029
51.80000,1.02194,0.01160,0.00387,0.98424,0.00029
51.94000,1.02194,0.01129,0.00374,0.98470,0.00027
52.08000,1.02193,0.01182,0.00389,0.98400,0.00029
52.22000,1.02193,0.01114,0.00396,0.98463,0.00028
52.36000,1.02194,0.01097,0.00397,0.98480,0.00027
52.50000,1.02194,0.01098,0.00385,0.98490,0.00027
52.64000,1.02194,0.01135,0.00383,0.98455,0.00027
52.78000,1.02194,0.01163,0.00391,0.98418,0.00028
52.92000,1.02194,0.01141,0.00389,0.98442,0.00028
53.06000,1.02193,0.01163,0.00400,0.98407,0.00030
53.20000,1.02194,0.01102,0.00392,0.98477,0.00029
53.34000,1.02194,0.01111,0.00377,0.98484,0.00028
53.48000,1.02194,0.01122,0.00375,0.98474,0.00028
53.62000,1.02194,0.01157,0.00377,0.98437,0.00029
53.76000,1.02194,0.01151,0.00404,0.98414,0.00031
53.90000,1.02193,0.01132,0.00398,0.98440,0.00030
54.04000,1.02194,0.01081,0.00397,0.98493,0.00029
54.18000,1.02194,0.01075,0.00382,0.98516,0.00027
54.32000,1.02194,0.01126,0.00397,0.98449,0.00028
54.46000,1.02194,0.01138,0.00414,0.98418,0.00030
54.60000,1.02194,0.01152,0.00404,0.98414,0.00030
54.74000,1.02193,0.01130,0.00403,0.98438,0.00029
54.88000,1.02194,0.01132,0.00386,0.98453,0.00029
55.02000,1.02194,0.01155,0.00389,0.98427,0.00030
55.16000,1.02194,0.01160,0.00407,0.98405,0.00029
55.30000,1.02194,0.01139,0.00405,0.98429,0.00028
55.44000,1.02194,0.01116,0.00383,0.98475,0.00027
55.58000,1.02193,0.01078,0.00384,0.98511,0.00027
55.72000,1.02193,0.01137,0.00380,0.98454,0.00029
55.86000,1.02194,0.01083,0.00370,0.98521,0.00026
56.00000,1.02194,0.01139,0.00394,0.98438,0.00029
56.14000,1.02194,0.01100,0.00386,0.98487,0.00027
56.28000,1.02194,0.01053,0.00386,0.98535,0.00026
56.42000,1.02194,0.01061,0.00395,0.98517,0.00028
56.56000,1.02193,0.01117,0.00375,0.98481,0.00027
56.70000,1.02194,0.01116,0.00372,0.98485,0.00027
56.84000,1.02194,0.01120,0.00387,0.98465,0.00028
56.98000,1.02194,0.01134,0.00391,0.98445,0.00030
57.12000,1.02194,0.01097,0.00392,0.98483,0.00028
57.26000,1.02194,0.01111,0.00391,0.98470,0.00028
57.40000,1.02193,0.01123,0.00378,0.98471,0.00027
57.54000,1.02194,0.01110,0.00397,0.98465,0.00028
57.68000,1.02194,0.01131,0.00397,0.98444,0.00028
57.82000,1.02194,0.01124,0.00404,0.98444,0.00028
57.96000,1.02194,0.01117,0.00389,0.98467,0.00027
58.10000,1.02194,0.01103,0.00388,0.98482,0.00026
58.24000,1.02193,0.01104,0.00387,0.98482,0.00027
58.38000,1.02194,0.01089,0.00391,0.98493,0.00026
58.52000,1.02194,0.01106,0.00370,0.98497,0.00027
58.66000,1.02194,0.01157,0.00375,0.98439,0.00028
58.80000,1.02194,0.01109,0.00378,0.98485,0.00028
58.94000,1.02194,0.01152,0.00374,0.98443,0.00030
59.08000,1.02193,0.01093,0.00367,0.98511,0.00029
59.22000,1.02193,0.01088,0.00387,0.98497,0.00029
59.36000,1.02194,0.01155,0.00384,0.98431,0.00030
59.50000,1.02194,0.01156,0.00386,0.98428,0.00030
59.64000,1.02194,0.01131,0.00386,0.98453,0.00030
59.78000,1.02194,0.01108,0.00377,0.98488,0.00027
59.92000,1.02194,0.01123,0.00365,0.98484,0.00028
60.06000,1.02193,0.01165,0.00376,0.98429,0.00029
60.20000,1.02194,0.01098,0.00387,0.98485,0.00030
60.34000,1.02194,0.01068,0.00364,0.98542,0.00027
60.48000,1.02194,0.01115,0.00362,0.98494,0.00028
60.62000,1.02194,0.01113,0.00373,0.98485,0.00029
60.76000,1.02194,0.01125,0.00387,0.98458,0.00030
60.90000,1.02193,0.01123,0.00387,0.98461,0.00028
61.04000,1.02194,0.01134,0.00382,0.98456,0.00028
61.18000,1.02194,0.01145,0.00392,0.98434,0.00029
61.32000,1.02194,0.01135,0.00392,0.98443,0.00030
61.46000,1.02194,0.01156,0.00397,0.98418,0.00029
61.60000,1.02194,0.01176,0.00401,0.98394,0.00029
61.74000,1.02193,0.01185,0.00399,0.98387,0.00029
61.88000,1.02194,0.01160,0.00402,0.98409,0.00030
62.02000,1.02194,0.01169,0.00390,0.98411,0.00029
62.16000,1.02194,0.01124,0.00406,0.98442,0.00029
62.30000,1.02194,0.01114,0.00403,0.98456,0.00027
62.44000,1.02194,0.01148,0.00405,0.98419,0.00029
62.58000,1.02193,0.01108,0.00397,0.98468,0.00027
62.72000,1.02193,0.01100,0.00400,0.98473,0.00027
62.86000,1.02194,0.01147,0.00405,0.98421,0.00028
63.00000,1.02193,0.01116,0.00398,0.98458,0.00028
63.14000,1.02193,0.01120,0.00409,0.98444,0.00028
63.28000,1.02194,0.01131,0.00393,0.98449,0.00027
63.42000,1.02194,0.01130,0.00393,0.98449,0.00028
63.56000,1.02194,0.01138,0.00399,0.98435,0.00028
63.70000,1.02194,0.01155,0.00410,0.98407,0.00029
63.84000,1.02194,0.01112,0.00388,0.98472,0.00028
63.98000,1.02194,0.01107,0.00402,0.98463,0.00028
64.12000,1.02193,0.01079,0.00392,0.98502,0.00028
64.26000,1.02193,0.01132,0.00381,0.98459,0.00028
64.40000,1.02193,0.01134,0.00379,0.98459,0.00028
64.54000,1.02193,0.01101,0.00369,0.98503,0.00027
64.68000,1.02193,0.01079,0.00383,0.98510,0.00027
64.82000,1.02193,0.01095,0.00369,0.98510,0.00026
64.96000,1.02194,0.01121,0.00377,0.98474,0.00028
65.10000,1.02194,0.01104,0.00388,0.98481,0.00027
65.24000,1.02194,0.01130,0.00396,0.98446,0.00028
65.38000,1.02194,0.01119,0.00391,0.98463,0.00027
65.52000,1.02194,0.01100,0.00398,0.98475,0.00028
65.66000,1.02193,0.01130,0.00389,0.98454,0.00027
65.80000,1.02193,0.01128,0.00395,0.98450,0.00028
65.94000,1.02193,0.01135,0.00399,0.98437,0.00028
66.08000,1.02193,0.01155,0.00396,0.98421,0.00028
66.22000,1.02193,0.01139,0.00404,0.98429,0.00028
66.36000,1.02193,0.01130,0.00401,0.98440,0.00028
66.50000,1.02193,0.01154,0.00403,0.98415,0.00028
66.64000,1.02193,0.01115,0.00419,0.98435,0.00030
66.78000,1.02194,0.01123,0.00399,0.98448,0.00029
66.92000,1.02194,0.01123,0.00388,0.98460,0.00029
67.06000,1.02194,0.01148,0.00380,0.98444,0.00028
67.20000,1.02194,0.01168,0.00406,0.98395,0.00031
67.34000,1.02194,0.01161,0.00408,0.98399,0.00031
67.48000,1.02193,0.01082,0.00391,0.98500,0.00027
67.62000,1.02193,0.01076,0.00366,0.98531,0.00027
67.76000,1.02193,0.01075,0.00375,0.98524,0.00026
67.90000,1.02193,0.01173,0.00381,0.98418,0.00029
68.04000,1.02193,0.01100,0.00387,0.98486,0.00028
68.18000,1.02193,0.01145,0.00375,0.98452,0.00028
68.32000,1.02193,0.01088,0.00394,0.98491,0.00028
68.46000,1.02194,0.01126,0.00388,0.98458,0.00028
68.60000,1.02194,0.01115,0.00401,0.98456,0.00028
68.74000,1.02194,0.01129,0.00374,0.98471,0.00027
68.88000,1.02194,0.01135,0.00384,0.98453,0.00027
69.02000,1.02194,0.01128,0.00376,0.98469,0.00028
69.16000,1.02193,0.01096,0.00378,0.98499,0.00027
69.30000,1.02193,0.01131,0.00386,0.98455,0.00028
69.44000,1.02193,0.01167,0.00388,0.98416,0.00029
69.58000,1.02193,0.01125,0.00388,0.98459,0.00028
69.72000,1.02193,0.01166,0.00404,0.98401,0.00029
69.86000,1.02193,0.01193,0.00384,0.98393,0.00029
70.00000,1.02193,0.01119,0.00401,0.98451,0.00029
70.14000,1.02193,0.01173,0.00403,0.98394,0.00029
70.28000,1.02194,0.01150,0.00384,0.98438,0.00028
70.42000,1.02194,0.01157,0.00389,0.98425,0.00029
70.56000,1.02194,0.01131,0.00395,0.98446,0.00028
70.70000,1.02194,0.01118,0.00400,0.98454,0.00027
70.84000,1.02194,0.01193,0.00402,0.98375,0.00029
70.98000,1.02193,0.01135,0.00412,0.98425,0.00028
71.12000,1.02193,0.01137,0.00411,0.98423,0.00029
71.26000,1.02193,0.01157,0.00412,0.98401,0.00030
71.40000,1.02193,0.01225,0.00404,0.98338,0.00033
71.54000,1.02193,0.01180,0.00414,0.98373,0.00034
71.68000,1.02193,0.01183,0.00408,0.98375,0.00033
71.82000,1.02193,0.01640,0.00330,0.97985,0.00044
71.96000,1.02194,0.01529,0.00290,0.98145,0.00036
72.10000,1.02194,0.01382,0.00311,0.98269,0.00038
72.24000,1.02194,0.01195,0.00307,0.98465,0.00032
72.38000,1.02194,0.01325,0.00302,0.98341,0.00032
72.52000,1.02194,0.01279,0.00334,0.98354,0.00033
72.66000,1.02193,0.01046,0.00302,0.98627,0.00024
72.80000,1.02193,0.01088,0.00360,0.98525,0.00026
72.94000,1.02193,0.01091,0.00392,0.98490,0.00027
73.08000,1.02193,0.01165,0.00410,0.98396,0.00030
73.22000,1.02193,0.01165,0.00416,0.98390,0.00029
73.36000,1.02193,0.01114,0.00385,0.98473,0.00028
73.50000,1.02193,0.01105,0.00372,0.98496,0.00027
73.64000,1.02193,0.01094,0.00380,0.98499,0.00027
73.78000,1.02194,0.01097,0.00391,0.98484,0.00028
73.92000,1.02194,0.01123,0.00393,0.98456,0.00028
74.06000,1.02194,0.01047,0.00384,0.98542,0.00027
74.20000,1.02194,0.01119,0.00369,0.98484,0.00027
74.34000,1.02194,0.01096,0.00391,0.98485,0.00028
74.48000,1.02193,0.01100,0.00387,0.98485,0.00028
74.62000,1.02193,0.01092,0.00397,0.98482,0.00029
74.76000,1.02193,0.01156,0.00384,0.98430,0.00029
74.90000,1.02193,0.01057,0.00400,0.98516,0.00027
75.04000,1.02193,0.01095,0.00384,0.98494,0.00026
75.18000,1.02193,0.01112,0.00380,0.98481,0.00027
75.32000,1.02193,0.01083,0.00379,0.98512,0.00026
75.46000,1.02194,0.01086,0.00389,0.98498,0.00027
75.60000,1.02194,0.01138,0.00401,0.98432,0.00029
75.74000,1.02194,0.01109,0.00397,0.98465,0.00028
75.88000,1.02194,0.01179,0.00401,0.98388,0.00031
76.02000,1.02194,0.01153,0.00393,0.98424,0.00030
76.16000,1.02193,0.01143,0.00391,0.98435,0.00032
76.30000,1.02193,0.01135,0.00412,0.98422,0.00031
76.44000,1.02193,0.01230,0.00387,0.98350,0.00032
76.58000,1.02193,0.01168,0.00411,0.98388,0.00032
76.72000,1.02193,0.01191,0.00397,0.98381,0.00032
76.86000,1.02193,0.01181,0.00393,0.98395,0.00031
77.00000,1.02193,0.01198,0.00411,0.98361,0.00030
77.14000,1.02193,0.01139,0.00404,0.98428,0.00029
77.28000,1.02194,0.01151,0.00394,0.98426,0.00028
77.42000,1.02194,0.01141,0.00383,0.98448,0.00028
77.56000,1.02194,0.01108,0.00392,0.98473,0.00027
77.70000,1.02194,0.01096,0.00394,0.98482,0.00027
77.84000,1.02194,0.01116,0.00386,0.98471,0.00027
77.98000,1.02193,0.01119,0.00396,0.98457,0.00028
78.12000,1.02193,0.01118,0.00393,0.98462,0.00027
78.26000,1.02193,0.01101,0.00392,0.98480,0.00027
78.40000,1.02193,0.01109,0.00396,0.98467,0.00027
78.54000,1.02193,0.01114,0.00391,0.98468,0.00027
78.68000,1.02193,0.01105,0.00381,0.98487,0.00027
78.82000,1.02193,0.01084,0.00372,0.98518,0.00026
78.96000,1.02194,0.01108,0.00383,0.98482,0.00027
79.10000,1.02194,0.01116,0.00387,0.98469,0.00027
79.24000,1.02194,0.01158,0.00389,0.98424,0.00028
79.38000,1.02194,0.01085,0.00393,0.98496,0.00027
79.52000,1.02194,0.01069,0.00403,0.98502,0.00027
79.66000,1.02193,0.01119,0.00411,0.98442,0.00029
79.80000,1.02193,0.01123,0.00389,0.98461,0.00028
79.94000,1.02193,0.01132,0.00369,0.98472,0.00027
80.08000,1.02193,0.01147,0.00383,0.98441,0.00029
80.22000,1.02193,0.01153,0.00401,0.98416,0.00031
80.36000,1.02193,0.01136,0.00404,0.98431,0.00029
80.50000,1.02193,0.01181,0.00398,0.98390,0.00031
80.64000,1.02193,0.01186,0.00404,0.98379,0.00031
80.78000,1.02194,0.01152,0.00414,0.98403,0.00032
80.92000,1.02194,0.01147,0.00410,0.98414,0.00030
81.06000,1.02194,0.01216,0.00399,0.98354,0.00031
81.20000,1.02194,0.01119,0.00409,0.98443,0.00029
81.34000,1.02194,0.01113,0.00406,0.98451,0.00029
81.48000,1.02193,0.01111,0.00404,0.98456,0.00029
81.62000,1.02193,0.01112,0.00398,0.98461,0.00030
81.76000,1.02193,0.01139,0.00391,0.98441,0.00029
81.90000,1.02193,0.01126,0.00387,0.98459,0.00028
82.04000,1.02193,0.01141,0.00394,0.98436,0.00029
82.18000,1.02193,0.01110,0.00404,0.98457,0.00028
82.32000,1.02193,0.01098,0.00407,0.98467,0.00028
82.46000,1.02194,0.01095,0.00405,0.98472,0.00028
82.60000,1.02194,0.01083,0.00388,0.98502,0.00027
82.74000,1.02194,0.01135,0.00383,0.98454,0.00028
82.88000,1.02194,0.01110,0.00390,0.98473,0.00027
83.02000,1.02194,0.01098,0.00392,0.98483,0.00027
83.16000,1.02193,0.01132,0.00397,0.98443,0.00028
83.30000,1.02193,0.01157,0.00405,0.98407,0.00030
83.44000,1.02193,0.01134,0.00401,0.98436,0.00029
83.58000,1.02193,0.01141,0.00396,0.98434,0.00029
83.72000,1.02193,0.01157,0.00393,0.98420,0.00029
83.86000,1.02193,0.01144,0.00389,0.98438,0.00029
84.00000,1.02193,0.01185,0.00396,0.98389,0.00031
84.14000,1.02193,0.01111,0.00393,0.98468,0.00028
84.28000,1.02194,0.01147,0.00386,0.98439,0.00028
84.42000,1.02194,0.01125,0.00395,0.98452,0.00029
84.56000,1.02194,0.01159,0.00400,0.98412,0.00029
84.70000,1.02194,0.01173,0.00412,0.98385,0.00030
84.84000,1.02194,0.01205,0.00391,0.98375,0.00029
84.98000,1.02193,0.01127,0.00391,0.98453,0.00029
85.12000,1.02193,0.01134,0.00388,0.98448,0.00029
85.26000,1.02193,0.01123,0.00396,0.98452,0.00029
85.40000,1.02193,0.01119,0.00381,0.98471,0.00028
85.54000,1.02193,0.01072,0.00376,0.98525,0.00028
85.68000,1.02193,0.01078,0.00367,0.98528,0.00027
85.82000,1.02193,0.01131,0.00376,0.98465,0.00028
85.96000,1.02194,0.01166,0.00386,0.98419,0.00029
86.10000,1.02194,0.01085,0.00397,0.98489,0.00029
86.24000,1.02194,0.01094,0.00373,0.98506,0.00027
86.38000,1.02194,0.01101,0.00401,0.98469,0.00029
86.52000,1.02194,0.01123,0.00405,0.98443,0.00028
86.66000,1.02193,0.01139,0.00400,0.98433,0.00029
86.80000,1.02193,0.01136,0.00382,0.98454,0.00028
86.94000,1.02193,0.01066,0.00371,0.98536,0.00026
87.08000,1.02193,0.01118,0.00384,0.98471,0.00028
87.22000,1.02193,0.01119,0.00406,0.98445,0.00029
87.36000,1.02193,0.01163,0.00385,0.98422,0.00030
87.50000,1.02193,0.01160,0.00398,0.98410,0.00032
87.64000,1.02193,0.01194,0.00408,0.98366,0.00032
87.78000,1.02194,0.01167,0.00416,0.98384,0.00033
87.92000,1.02194,0.01148,0.00415,0.98407,0.00031
88.06000,1.02194,0.01200,0.00408,0.98360,0.00032
88.20000,1.02194,0.01188,0.00406,0.98376,0.00030
88.34000,1.02194,0.01178,0.00409,0.98382,0.00031
88.48000,1.02193,0.01125,0.00420,0.98424,0.00030
88.62000,1.02193,0.01103,0.00398,0.98469,0.00029
88.76000,1.02193,0.01101,0.00401,0.98468,0.00030
88.90000,1.02193,0.01135,0.00379,0.98458,0.00027
89.04000,1.02193,0.01111,0.00393,0.98468,0.00028
89.18000,1.02193,0.01104,0.00384,0.98485,0.00026
89.32000,1.02193,0.01095,0.00387,0.98492,0.00026
89.46000,1.02194,0.01129,0.00376,0.98467,0.00027
89.60000,1.02194,0.01080,0.00395,0.98496,0.00028
89.74000,1.02194,0.01149,0.00398,0.98425,0.00029
89.88000,1.02194,0.01080,0.00401,0.98491,0.00029
90.02000,1.02194,0.01134,0.00392,0.98443,0.00031
90.16000,1.02193,0.01151,0.00406,0.98411,0.00033
90.30000,1.02193,0.01229,0.00399,0.98339,0.00033
90.44000,1.02193,0.01129,0.00410,0.98430,0.00030
90.58000,1.02193,0.01155,0.00404,0.98410,0.00030
90.72000,1.02193,0.01133,0.00412,0.98426,0.00029
90.86000,1.02193,0.01101,0.00392,0.98480,0.00027
91.00000,1.02193,0.01157,0.00368,0.98447,0.00027
91.14000,1.02193,0.01113,0.00382,0.98477,0.00028
91.28000,1.02194,0.01125,0.00391,0.98455,0.00029
91.42000,1.02194,0.01130,0.00376,0.98465,0.00029
91.56000,1.02194,0.01110,0.00375,0.98486,0.00028
91.70000,1.02194,0.01105,0.00393,0.98471,0.00030
91.84000,1.02194,0.01115,0.00375,0.98482,0.00028
91.98000,1.02193,0.01174,0.00388,0.98408,0.00031
92.12000,1.02193,0.01137,0.00393,0.98441,0.00029
92.26000,1.02193,0.01167,0.00397,0.98406,0.00029
92.40000,1.02193,0.01138,0.00401,0.98434,0.00028
92.54000,1.02193,0.01133,0.00402,0.98437,0.00028
92.68000,1.02193,0.01157,0.00396,0.98419,0.00029
92.82000,1.02193,0.01184,0.00385,0.98403,0.00028
92.96000,1.02194,0.01132,0.00397,0.98442,0.00029
93.10000,1.02194,0.01097,0.00406,0.98470,0.00028
93.24000,1.02194,0.01069,0.00375,0.98529,0.00027
93.38000,1.02194,0.01077,0.00368,0.98530,0.00026
93.52000,1.02194,0.01071,0.00362,0.98541,0.00026
93.66000,1.02193,0.01115,0.00375,0.98483,0.00027
93.80000,1.02193,0.01118,0.00398,0.98456,0.00028
93.94000,1.02193,0.01122,0.00399,0.98450,0.00029
94.08000,1.02193,0.01110,0.00391,0.98471,0.00028
94.22000,1.02193,0.01132,0.00394,0.98446,0.00029
94.36000,1.02193,0.01094,0.00398,0.98481,0.00028
94.50000,1.02193,0.01140,0.00404,0.98428,0.00028
94.64000,1.02193,0.01168,0.00388,0.98416,0.00028
94.78000,1.02194,0.01179,0.00384,0.98407,0.00030
94.92000,1.02194,0.01118,0.00413,0.98440,0.00030
95.06000,1.02194,0.01177,0.00384,0.98409,0.00030
95.20000,1.02194,0.01129,0.00392,0.98451,0.00028
95.34000,1.02194,0.01130,0.00414,0.98426,0.00030
95.48000,1.02193,0.01218,0.00404,0.98345,0.00032
95.62000,1.02193,0.01169,0.00397,0.98404,0.00029
95.76000,1.02193,0.01116,0.00397,0.98459,0.00028
95.90000,1.02193,0.01137,0.00402,0.98433,0.00029
96.04000,1.02193,0.01185,0.00420,0.98365,0.00029
96.18000,1.02193,0.01142,0.00411,0.98419,0.00028
96.32000,1.02193,0.01154,0.00409,0.98407,0.00029
96.46000,1.02194,0.01195,0.00396,0.98380,0.00029
96.60000,1.02194,0.01167,0.00395,0.98410,0.00028
96.74000,1.02194,0.01137,0.00396,0.98439,0.00029
96.88000,1.02194,0.01149,0.00401,0.98421,0.00029
97.02000,1.02194,0.01103,0.00396,0.98473,0.00028
97.16000,1.02193,0.01095,0.00391,0.98486,0.00028
97.30000,1.02193,0.01071,0.00393,0.98509,0.00027
97.44000,1.02193,0.01131,0.00386,0.98456,0.00028
97.58000,1.02193,0.01121,0.00394,0.98457,0.00028
97.72000,1.02193,0.01120,0.00405,0.98447,0.00028
97.86000,1.02193,0.01138,0.00405,0.98428,0.00029
98.00000,1.02193,0.01133,0.00399,0.98438,0.00030
98.14000,1.02193,0.01120,0.00393,0.98459,0.00029
98.28000,1.02194,0.01130,0.00386,0.98455,0.00029
98.42000,1.02194,0.01139,0.00405,0.98427,0.00029
98.56000,1.02194,0.01138,0.00395,0.98437,0.00030
98.70000,1.02194,0.01151,0.00380,0.98439,0.00030
98.84000,1.02194,0.01044,0.00364,0.98565,0.00027
98.98000,1.02193,0.00972,0.00328,0.98676,0.00024
99.12000,1.02193,0.00951,0.00322,0.98703,0.00023
99.26000,1.02193,0.00884,0.00306,0.98790,0.00020
99.40000,1.02193,0.00804,0.00280,0.98898,0.00018
99.54000,1.02193,0.00770,0.00252,0.98962,0.00016
99.68000,1.02193,0.00725,0.00241,0.99019,0.00015
99.82000,1.02193,0.00696,0.00226,0.99064,0.00014
99.96000,1.02194,0.00644,0.00206,0.99137,0.00013
100.10000,1.02194,0.00566,0.00183,0.99240,0.00011
100.24000,1.02194,0.00514,0.00162,0.99315,0.00009
100.38000,1.02194,0.00450,0.00144,0.99398,0.00008
100.52000,1.02194,0.00435,0.00132,0.99425,0.00007
100.66000,1.02193,0.00396,0.00124,0.99473,0.00007
100.80000,1.02193,0.00368,0.00119,0.99507,0.00006
100.94000,1.02193,0.00377,0.00120,0.99497,0.00006
101.08000,1.02193,0.00374,0.00120,0.99499,0.00007
101.22000,1.02193,0.00384,0.00126,0.99483,0.00007
101.36000,1.02193,0.00363,0.00120,0.99510,0.00006
101.50000,1.02193,0.00363,0.00125,0.99505,0.00007
101.64000,1.02193,0.00370,0.00124,0.99499,0.00007
101.78000,1.02194,0.00367,0.00124,0.99502,0.00007
101.92000,1.02194,0.00387,0.00127,0.99479,0.00007
102.06000,1.02194,0.00385,0.00129,0.99479,0.00007
102.20000,1.02194,0.00381,0.00137,0.99474,0.00008
102.34000,1.02194,0.00395,0.00135,0.99462,0.00008
102.48000,1.02193,0.00395,0.00138,0.99459,0.00008
102.62000,1.02193,0.00408,0.00135,0.99449,0.00008
102.76000,1.02193,0.00408,0.00130,0.99455,0.00007
102.90000,1.02193,0.00393,0.00136,0.99464,0.00007
103.04000,1.02193,0.00426,0.00133,0.99434,0.00007
103.18000,1.02193,0.00424,0.00132,0.99437,0.00007
103.32000,1.02193,0.00398,0.00134,0.99461,0.00007
103.46000,1.02194,0.00395,0.00133,0.99465,0.00007
103.60000,1.02194,0.00385,0.00129,0.99479,0.00007
103.74000,1.02194,0.00381,0.00127,0.99485,0.00007
103.88000,1.02194,0.00403,0.00132,0.99458,0.00007
104.02000,1.02194,0.00424,0.00135,0.99433,0.00008
104.16000,1.02193,0.00389,0.00128,0.99476,0.00007
104.30000,1.02193,0.00386,0.00131,0.99476,0.00007
104.44000,1.02193,0.00401,0.00142,0.99449,0.00008
104.58000,1.02193,0.00406,0.00143,0.99443,0.00008
104.72000,1.02193,0.00414,0.00144,0.99435,0.00007
104.86000,1.02193,0.00428,0.00152,0.99412,0.00008
105.00000,1.02193,0.00480,0.00164,0.99346,0.00009
105.14000,1.02193,0.00498,0.00187,0.99305,0.00010
105.28000,1.02194,0.00532,0.00193,0.99264,0.00011
105.42000,1.02194,0.00580,0.00210,0.99197,0.00012
105.56000,1.02194,0.00611,0.00215,0.99162,0.00013
105.70000,1.02194,0.00673,0.00232,0.99082,0.00014
105.84000,1.02194,0.00719,0.00246,0.99020,0.00015
105.98000,1.02193,0.00767,0.00258,0.98958,0.00016
106.12000,1.02193,0.00799,0.00279,0.98905,0.00018
106.26000,1.02193,0.00827,0.00297,0.98857,0.00019
106.40000,1.02193,0.01079,0.00375,0.98519,0.00027
106.54000,1.02193,0.03547,0.00533,0.95814,0.00106
106.68000,1.02193,0.10798,0.00824,0.88117,0.00261
106.82000,1.02193,0.22046,0.01466,0.76072,0.00416
106.96000,1.02194,0.53771,0.02560,0.43050,0.00619
107.10000,1.02194,0.86208,0.02445,0.10954,0.00394
107.24000,1.02194,0.96341,0.01388,0.02072,0.00199
107.38000,1.02194,0.98891,0.00559,0.00462,0.00088
107.52000,1.02194,0.99291,0.00417,0.00253,0.00039
107.66000,1.02193,0.99396,0.00389,0.00198,0.00017
107.80000,1.02193,0.99631,0.00267,0.00093,0.00009
107.94000,1.02193,0.99644,0.00264,0.00084,0.00009
108.08000,1.02193,0.99682,0.00243,0.00068,0.00007
