Time (seconds), Duration (seconds),pred_unlabelled,pred_Air,pred_Floor,pred_Carpet
0.00000,1.05394,0.00186,0.99463,0.00265,0.00086
0.10000,1.05394,0.00194,0.99431,0.00287,0.00088
0.20000,1.05394,0.00220,0.99375,0.00300,0.00104
0.30000,1.05394,0.00172,0.99476,0.00275,0.00077
0.40000,1.05394,0.00180,0.99408,0.00317,0.00095
0.50000,1.05394,0.00149,0.99543,0.00230,0.00078
0.60000,1.05394,0.00169,0.99513,0.00228,0.00090
0.70000,1.05394,0.00133,0.99577,0.00221,0.00068
0.80000,1.05394,0.00241,0.99214,0.00417,0.00128
0.90000,1.05394,0.00296,0.98899,0.00595,0.00209
1.00000,1.05394,0.00436,0.98381,0.00853,0.00330
1.10000,1.05394,0.00271,0.99040,0.00499,0.00189
1.20000,1.05394,0.00279,0.99033,0.00510,0.00178
1.30000,1.05394,0.00297,0.99042,0.00486,0.00174
1.40000,1.05394,0.00365,0.98655,0.00714,0.00266
1.50000,1.05394,0.00336,0.98836,0.00603,0.00225
1.60000,1.05394,0.00325,0.98945,0.00529,0.00201
1.70000,1.05394,0.00210,0.99402,0.00280,0.00108
1.80000,1.05394,0.00220,0.99344,0.00323,0.00113
1.90000,1.05394,0.00196,0.99445,0.00261,0.00097
2.00000,1.05394,0.00199,0.99414,0.00279,0.00108
2.10000,1.05394,0.00237,0.99401,0.00262,0.00100
2.20000,1.05394,0.00207,0.99459,0.00237,0.00097
2.30000,1.05394,0.00257,0.99334,0.00278,0.00131
2.40000,1.05394,0.00289,0.99178,0.00369,0.00163
2.50000,1.05394,0.00496,0.98594,0.00645,0.00265
2.60000,1.05394,0.00352,0.98971,0.00457,0.00221
2.70000,1.05394,0.00344,0.99035,0.00421,0.00200
2.80000,1.05394,0.00272,0.99174,0.00374,0.00181
2.90000,1.05394,0.00296,0.99196,0.00338,0.00169
3.00000,1.05394,0.00303,0.99041,0.00457,0.00199
3.10000,1.05394,0.00327,0.99028,0.00470,0.00175
3.20000,1.05394,0.00266,0.99152,0.00431,0.00150
3.30000,1.05394,0.00144,0.99605,0.00186,0.00065
3.40000,1.05394,0.00083,0.99725,0.00145,0.00047
3.50000,1.05394,0.00073,0.99803,0.00094,0.00030
3.60000,1.05394,0.00067,0.99801,0.00103,0.00029
3.70000,1.05394,0.00058,0.99832,0.00087,0.00022
3.80000,1.05394,0.00060,0.99821,0.00094,0.00025
3.90000,1.05394,0.00050,0.99859,0.00070,0.00020
4.00000,1.05394,0.00051,0.99853,0.00076,0.00020
4.10000,1.05394,0.00065,0.99815,0.00098,0.00023
4.20000,1.05394,0.00077,0.99780,0.00112,0.00031
4.30000,1.05394,0.00091,0.99718,0.00150,0.00041
4.40000,1.05394,0.00103,0.99680,0.00171,0.00046
4.50000,1.05394,0.00140,0.99595,0.00201,0.00064
4.60000,1.05394,0.00174,0.99490,0.00262,0.00075
4.70000,1.05394,0.00192,0.99462,0.00260,0.00086
4.80000,1.05394,0.00191,0.99442,0.00271,0.00095
4.90000,1.05394,0.00166,0.99537,0.00218,0.00079
5.00000,1.05394,0.00117,0.99625,0.00191,0.00068
5.10000,1.05394,0.00129,0.99590,0.00213,0.00069
5.20000,1.05394,0.00162,0.99500,0.00239,0.00098
5.30000,1.05394,0.00213,0.99391,0.00295,0.00101
5.40000,1.05394,0.00187,0.99445,0.00253,0.00115
5.50000,1.05394,0.00176,0.99444,0.00276,0.00104
5.60000,1.05394,0.00214,0.99398,0.00281,0.00107
5.70000,1.05394,0.00272,0.99180,0.00412,0.00137
5.80000,1.05394,0.00199,0.99389,0.00311,0.00101
5.90000,1.05394,0.00313,0.99073,0.00455,0.00159
6.00000,1.05394,0.00263,0.99252,0.00350,0.00135
6.10000,1.05394,0.00167,0.99511,0.00244,0.00078
6.20000,1.05394,0.00170,0.99538,0.00214,0.00078
6.30000,1.05394,0.00108,0.99708,0.00139,0.00044
6.40000,1.05394,0.00077,0.99771,0.00118,0.00034
6.50000,1.05394,0.00068,0.99820,0.00086,0.00026
6.60000,1.05394,0.00071,0.99817,0.00083,0.00028
6.70000,1.05394,0.00070,0.99802,0.00096,0.00032
6.80000,1.05394,0.00060,0.99835,0.00079,0.00026
6.90000,1.05394,0.00054,0.99849,0.00075,0.00022
7.00000,1.05394,0.00066,0.99817,0.00088,0.00029
7.10000,1.05394,0.00096,0.99753,0.00112,0.00039
7.20000,1.05394,0.00103,0.99733,0.00119,0.00045
7.30000,1.05394,0.00116,0.99683,0.00148,0.00053
7.40000,1.05394,0.00103,0.99718,0.00122,0.00057
7.50000,1.05394,0.00107,0.99714,0.00128,0.00052
7.60000,1.05394,0.00128,0.99681,0.00134,0.00057
7.70000,1.05394,0.00130,0.99710,0.00113,0.00047
7.80000,1.05394,0.00112,0.99704,0.00134,0.00050
7.90000,1.05394,0.00092,0.99766,0.00106,0.00036
8.00000,1.05394,0.00094,0.99730,0.00126,0.00051
8.10000,1.05394,0.00070,0.99789,0.00105,0.00036
8.20000,1.05394,0.00087,0.99751,0.00123,0.00039
8.30000,1.05394,0.00096,0.99721,0.00143,0.00040
8.40000,1.05394,0.00120,0.99597,0.00219,0.00064
8.50000,1.05394,0.00096,0.99654,0.00195,0.00054
8.60000,1.05394,0.00128,0.99523,0.00273,0.00076
8.70000,1.05394,0.00124,0.99512,0.00286,0.00079
8.80000,1.05394,0.00167,0.99411,0.00325,0.00098
8.90000,1.05394,0.00156,0.99375,0.00371,0.00098
9.00000,1.05394,0.00155,0.99449,0.00304,0.00091
9.10000,1.05394,0.00172,0.99406,0.00322,0.00100
9.20000,1.05394,0.00168,0.99452,0.00278,0.00102
9.30000,1.05394,0.00145,0.99556,0.00217,0.00082
9.40000,1.05394,0.00165,0.99552,0.00198,0.00085
9.50000,1.05394,0.00150,0.99525,0.00239,0.00086
9.60000,1.05394,0.00194,0.99462,0.00245,0.00099
9.70000,1.05394,0.00152,0.99545,0.00219,0.00084
9.80000,1.05394,0.00223,0.99360,0.00288,0.00129
9.90000,1.05394,0.00228,0.99326,0.00300,0.00146
10.00000,1.05394,0.00283,0.99265,0.00311,0.00142
10.10000,1.05394,0.00182,0.99477,0.00236,0.00105
10.20000,1.05394,0.00160,0.99485,0.00264,0.00091
10.30000,1.05394,0.00134,0.99542,0.00230,0.00094
10.40000,1.05394,0.00150,0.99534,0.00226,0.00090
10.50000,1.05394,0.00097,0.99712,0.00129,0.00063
10.60000,1.05394,0.00084,0.99767,0.00106,0.00044
10.70000,1.05394,0.00110,0.99650,0.00176,0.00064
10.80000,1.05394,0.00077,0.99774,0.00107,0.00042
10.90000,1.05394,0.00098,0.99745,0.00115,0.00042
11.00000,1.05394,0.00088,0.99734,0.00133,0.00045
11.10000,1.05394,0.00108,0.99692,0.00153,0.00047
11.20000,1.05394,0.00117,0.99634,0.00189,0.00060
11.30000,1.05394,0.00148,0.99612,0.00177,0.00063
11.40000,1.05394,0.00207,0.99402,0.00310,0.00081
11.50000,1.05394,0.00218,0.99365,0.00314,0.00103
11.60000,1.05394,0.00162,0.99455,0.00305,0.00078
11.70000,1.05394,0.00161,0.99492,0.00263,0.00083
11.80000,1.05394,0.00191,0.99327,0.00380,0.00102
11.90000,1.05394,0.00293,0.99089,0.00450,0.00168
12.00000,1.05394,0.00356,0.98857,0.00580,0.00207
12.10000,1.05394,0.00340,0.99058,0.00449,0.00153
12.20000,1.05394,0.00304,0.98992,0.00539,0.00165
12.30000,1.05394,0.00204,0.99344,0.00346,0.00106
12.40000,1.05394,0.00180,0.99409,0.00298,0.00113
12.50000,1.05394,0.00164,0.99549,0.00212,0.00074
12.60000,1.05394,0.00207,0.99411,0.00280,0.00103
12.70000,1.05394,0.00173,0.99455,0.00283,0.00089
12.80000,1.05394,0.00152,0.99560,0.00212,0.00076
12.90000,1.05394,0.00156,0.99556,0.00214,0.00075
13.00000,1.05394,0.00186,0.99505,0.00215,0.00093
13.10000,1.05394,0.00203,0.99409,0.00285,0.00104
13.20000,1.05394,0.00280,0.99179,0.00369,0.00172
13.30000,1.05394,0.00459,0.98544,0.00792,0.00205
13.40000,1.05394,0.00388,0.98726,0.00657,0.00229
13.50000,1.05394,0.00321,0.98754,0.00751,0.00174
13.60000,1.05394,0.00460,0.98382,0.00859,0.00298
13.70000,1.05394,0.00497,0.98005,0.01161,0.00338
13.80000,1.05394,0.00408,0.98234,0.01076,0.00281
13.90000,1.05394,0.00354,0.98429,0.00990,0.00227
14.00000,1.05394,0.00317,0.98625,0.00860,0.00198
14.10000,1.05394,0.00254,0.98952,0.00616,0.00178
14.20000,1.05394,0.00221,0.99250,0.00403,0.00126
14.30000,1.05394,0.00220,0.99294,0.00352,0.00134
14.40000,1.05394,0.00215,0.99331,0.00341,0.00113
14.50000,1.05394,0.00186,0.99437,0.00274,0.00103
14.60000,1.05394,0.00152,0.99585,0.00189,0.00074
14.70000,1.05394,0.00163,0.99560,0.00199,0.00078
14.80000,1.05394,0.00162,0.99573,0.00191,0.00075
14.90000,1.05394,0.00215,0.99396,0.00278,0.00111
15.00000,1.05394,0.00175,0.99527,0.00211,0.00086
15.10000,1.05394,0.00177,0.99461,0.00253,0.00109
15.20000,1.05394,0.00115,0.99658,0.00168,0.00058
15.30000,1.05394,0.00120,0.99613,0.00198,0.00069
15.40000,1.05394,0.00094,0.99725,0.00132,0.00049
15.50000,1.05394,0.00097,0.99727,0.00126,0.00050
15.60000,1.05394,0.00072,0.99779,0.00112,0.00037
15.70000,1.05394,0.00087,0.99722,0.00143,0.00048
15.80000,1.05394,0.00055,0.99841,0.00075,0.00029
15.90000,1.05394,0.00050,0.99846,0.00078,0.00025
16.00000,1.05394,0.00071,0.99773,0.00118,0.00039
16.10000,1.05394,0.00093,0.99726,0.00139,0.00043
16.20000,1.05394,0.00126,0.99641,0.00166,0.00067
16.30000,1.05394,0.00119,0.99628,0.00189,0.00064
16.40000,1.05394,0.00260,0.99220,0.00375,0.00144
16.50000,1.05394,0.00295,0.99066,0.00499,0.00140
16.60000,1.05394,0.00446,0.98624,0.00693,0.00237
16.70000,1.05394,0.00364,0.98721,0.00703,0.00213
16.80000,1.05394,0.00641,0.98041,0.00948,0.00370
16.90000,1.05394,0.00503,0.98477,0.00784,0.00235
17.00000,1.05394,0.00475,0.98765,0.00558,0.00202
17.10000,1.05394,0.00379,0.98846,0.00577,0.00197
17.20000,1.05394,0.00356,0.99112,0.00383,0.00149
17.30000,1.05394,0.00277,0.99277,0.00328,0.00118
17.40000,1.05394,0.00151,0.99634,0.00159,0.00057
17.50000,1.05394,0.00103,0.99730,0.00123,0.00043
17.60000,1.05394,0.00052,0.99851,0.00070,0.00027
17.70000,1.05394,0.00060,0.99834,0.00081,0.00025
17.80000,1.05394,0.00036,0.99898,0.00049,0.00016
17.90000,1.05394,0.00039,0.99887,0.00058,0.00016
18.00000,1.05394,0.00037,0.99896,0.00051,0.00017
18.10000,1.05394,0.00049,0.99856,0.00072,0.00022
18.20000,1.05394,0.00069,0.99809,0.00089,0.00033
18.30000,1.05394,0.00079,0.99789,0.00098,0.00034
18.40000,1.05394,0.00128,0.99680,0.00134,0.00058
18.50000,1.05394,0.00169,0.99550,0.00204,0.00078
18.60000,1.05394,0.00181,0.99495,0.00226,0.00098
18.70000,1.05394,0.00122,0.99611,0.00203,0.00064
18.80000,1.05394,0.00140,0.99560,0.00219,0.00081
18.90000,1.05394,0.00136,0.99530,0.00252,0.00082
19.00000,1.05394,0.00102,0.99565,0.00252,0.00081
19.10000,1.05394,0.00096,0.99685,0.00165,0.00055
19.20000,1.05394,0.00072,0.99717,0.00162,0.00049
19.30000,1.05394,0.00080,0.99684,0.00182,0.00054
19.40000,1.05394,0.00071,0.99741,0.00140,0.00048
19.50000,1.05394,0.00082,0.99712,0.00153,0.00053
19.60000,1.05394,0.00077,0.99716,0.00147,0.00059
19.70000,1.05394,0.00103,0.99654,0.00169,0.00074
19.80000,1.05394,0.00123,0.99651,0.00157,0.00069
19.90000,1.05394,0.00124,0.99635,0.00162,0.00078
20.00000,1.05394,0.00119,0.99668,0.00141,0.00071
20.10000,1.05394,0.00094,0.99683,0.00158,0.00065
20.20000,1.05394,0.00109,0.99665,0.00166,0.00060
20.30000,1.05394,0.00090,0.99708,0.00149,0.00052
20.40000,1.05394,0.00085,0.99736,0.00134,0.00045
20.50000,1.05394,0.00094,0.99697,0.00155,0.00053
20.60000,1.05394,0.00076,0.99753,0.00130,0.00041
20.70000,1.05394,0.00090,0.99679,0.00174,0.00057
20.80000,1.05394,0.00073,0.99731,0.00149,0.00046
20.90000,1.05394,0.00130,0.99505,0.00295,0.00070
21.00000,1.05394,0.00078,0.99685,0.00195,0.00042
21.10000,1.05394,0.00126,0.99602,0.00211,0.00061
21.20000,1.05394,0.00093,0.99636,0.00214,0.00057
21.30000,1.05394,0.00106,0.99593,0.00246,0.00056
21.40000,1.05394,0.00105,0.99648,0.00197,0.00050
21.50000,1.05394,0.00096,0.99658,0.00201,0.00045
21.60000,1.05394,0.00084,0.99697,0.00182,0.00037
21.70000,1.05394,0.00075,0.99742,0.00157,0.00026
21.80000,1.05394,0.00074,0.99755,0.00137,0.00034
21.90000,1.05394,0.00066,0.99774,0.00125,0.00035
22.00000,1.05394,0.00099,0.99650,0.00196,0.00055
22.10000,1.05394,0.00101,0.99662,0.00181,0.00056
22.20000,1.05394,0.00132,0.99471,0.00312,0.00086
22.30000,1.05394,0.00109,0.99594,0.00225,0.00072
22.40000,1.05394,0.00135,0.99472,0.00307,0.00086
22.50000,1.05394,0.00118,0.99535,0.00252,0.00095
22.60000,1.05394,0.00175,0.99347,0.00347,0.00132
22.70000,1.05394,0.00200,0.99222,0.00431,0.00147
22.80000,1.05394,0.00187,0.99326,0.00343,0.00144
22.90000,1.05394,0.00173,0.99374,0.00332,0.00121
23.00000,1.05394,0.00177,0.99406,0.00298,0.00119
23.10000,1.05394,0.00139,0.99514,0.00252,0.00095
23.20000,1.05394,0.00153,0.99500,0.00238,0.00109
23.30000,1.05394,0.00162,0.99445,0.00283,0.00110
23.40000,1.05394,0.00225,0.99368,0.00288,0.00119
23.50000,1.05394,0.00224,0.99281,0.00368,0.00128
23.60000,1.05394,0.00168,0.99434,0.00285,0.00113
23.70000,1.05394,0.00208,0.99264,0.00398,0.00130
23.80000,1.05394,0.00221,0.99212,0.00431,0.00136
23.90000,1.05394,0.00177,0.99394,0.00323,0.00106
24.00000,1.05394,0.00164,0.99467,0.00283,0.00086
24.10000,1.05394,0.00185,0.99403,0.00294,0.00117
24.20000,1.05394,0.00189,0.99453,0.00263,0.00096
24.30000,1.05394,0.00256,0.99260,0.00344,0.00140
24.40000,1.05394,0.00290,0.99238,0.00343,0.00129
24.50000,1.05394,0.00405,0.98993,0.00428,0.00175
24.60000,1.05394,0.00229,0.99345,0.00317,0.00108
24.70000,1.05394,0.00312,0.99250,0.00318,0.00121
24.80000,1.05394,0.00262,0.99284,0.00351,0.00103
24.90000,1.05394,0.00531,0.98719,0.00565,0.00185
25.00000,1.05394,0.00263,0.99104,0.00505,0.00129
25.10000,1.05394,0.00333,0.98977,0.00541,0.00150
25.20000,1.05394,0.00219,0.99105,0.00573,0.00103
25.30000,1.05394,0.00161,0.99380,0.00368,0.00091
25.40000,1.05394,0.00137,0.99376,0.00402,0.00084
25.50000,1.05394,0.00165,0.99294,0.00437,0.00104
25.60000,1.05394,0.00192,0.99083,0.00608,0.00117
25.70000,1.05394,0.00162,0.99289,0.00439,0.00111
25.80000,1.05394,0.00186,0.99151,0.00515,0.00148
25.90000,1.05394,0.00252,0.98857,0.00738,0.00153
26.00000,1.05394,0.00193,0.99034,0.00617,0.00156
26.10000,1.05394,0.00223,0.98893,0.00712,0.00171
26.20000,1.05394,0.00287,0.98888,0.00640,0.00184
26.30000,1.05394,0.00328,0.98766,0.00698,0.00208
26.40000,1.05394,0.00360,0.98656,0.00725,0.00258
26.50000,1.05394,0.00315,0.98891,0.00573,0.00221
26.60000,1.05394,0.00322,0.98908,0.00542,0.00228
26.70000,1.05394,0.00191,0.99294,0.00377,0.00138
26.80000,1.05394,0.00176,0.99471,0.00252,0.00101
26.90000,1.05394,0.00163,0.99528,0.00216,0.00093
27.00000,1.05394,0.00172,0.99554,0.00191,0.00083
27.10000,1.05394,0.00193,0.99528,0.00175,0.00105
27.20000,1.05394,0.00159,0.99596,0.00168,0.00076
27.30000,1.05394,0.00153,0.99615,0.00160,0.00072
27.40000,1.05394,0.00128,0.99707,0.00122,0.00043
27.50000,1.05394,0.00158,0.99599,0.00165,0.00078
27.60000,1.05394,0.00108,0.99729,0.00117,0.00046
27.70000,1.05394,0.00164,0.99583,0.00174,0.00079
27.80000,1.05394,0.00163,0.99608,0.00162,0.00067
27.90000,1.05394,0.00253,0.99283,0.00323,0.00141
28.00000,1.05394,0.00225,0.99361,0.00287,0.00127
28.10000,1.05394,0.00206,0.99368,0.00308,0.00118
28.20000,1.05394,0.00220,0.99361,0.00303,0.00116
28.30000,1.05394,0.00184,0.99425,0.00280,0.00110
28.40000,1.05394,0.00188,0.99472,0.00238,0.00102
28.50000,1.05394,0.00157,0.99519,0.00243,0.00081
28.60000,1.05394,0.00182,0.99442,0.00260,0.00117
28.70000,1.05394,0.00185,0.99412,0.00292,0.00111
28.80000,1.05394,0.00206,0.99281,0.00388,0.00125
28.90000,1.05394,0.00292,0.99022,0.00513,0.00173
29.00000,1.05394,0.00352,0.98613,0.00812,0.00223
29.10000,1.05394,0.00294,0.98886,0.00609,0.00211
29.20000,1.05394,0.00264,0.98939,0.00632,0.00165
29.30000,1.05394,0.00292,0.98999,0.00519,0.00190
29.40000,1.05394,0.00325,0.98899,0.00617,0.00160
29.50000,1.05394,0.00253,0.99105,0.00475,0.00166
29.60000,1.05394,0.00328,0.98603,0.00884,0.00185
29.70000,1.05394,0.00207,0.99374,0.00320,0.00099
29.80000,1.05394,0.00145,0.99530,0.00247,0.00079
29.90000,1.05394,0.00098,0.99711,0.00142,0.00050
30.00000,1.05394,0.00132,0.99647,0.00166,0.00055
30.10000,1.05394,0.00103,0.99707,0.00149,0.00041
30.20000,1.05394,0.00095,0.99693,0.00171,0.00041
30.30000,1.05394,0.00099,0.99695,0.00160,0.00046
30.40000,1.05394,0.00098,0.99705,0.00148,0.00049
30.50000,1.05394,0.00085,0.99753,0.00125,0.00037
30.60000,1.05394,0.00069,0.99764,0.00134,0.00034
30.70000,1.05394,0.00069,0.99778,0.00120,0.00033
30.80000,1.05394,0.00059,0.99794,0.00117,0.00030
30.90000,1.05394,0.00087,0.99729,0.00151,0.00033
31.00000,1.05394,0.00061,0.99803,0.00106,0.00029
31.10000,1.05394,0.00080,0.99763,0.00120,0.00037
31.20000,1.05394,0.00068,0.99800,0.00100,0.00032
31.30000,1.05394,0.00065,0.99812,0.00099,0.00024
31.40000,1.05394,0.00062,0.99833,0.00078,0.00027
31.50000,1.05394,0.00077,0.99828,0.00068,0.00028
31.60000,1.05394,0.00072,0.99822,0.00077,0.00028
31.70000,1.05394,0.00073,0.99839,0.00064,0.00023
31.80000,1.05394,0.00075,0.99825,0.00072,0.00028
31.90000,1.05394,0.00090,0.99784,0.00090,0.00036
32.00000,1.05394,0.00087,0.99804,0.00080,0.00029
32.10000,1.05394,0.00112,0.99757,0.00094,0.00036
32.20000,1.05394,0.00107,0.99731,0.00117,0.00045
32.30000,1.05394,0.00089,0.99752,0.00114,0.00045
32.40000,1.05394,0.00080,0.99776,0.00107,0.00038
32.50000,1.05394,0.00078,0.99783,0.00101,0.00038
32.60000,1.05394,0.00080,0.99751,0.00126,0.00042
32.70000,1.05394,0.00083,0.99755,0.00119,0.00043
32.80000,1.05394,0.00087,0.99748,0.00116,0.00049
32.90000,1.05394,0.00106,0.99667,0.00167,0.00060
33.00000,1.05394,0.00108,0.99649,0.00190,0.00053
33.10000,1.05394,0.00089,0.99640,0.00213,0.00057
33.20000,1.05394,0.00096,0.99653,0.00192,0.00060
33.30000,1.05394,0.00102,0.99609,0.00227,0.00062
33.40000,1.05394,0.00131,0.99581,0.00224,0.00064
33.50000,1.05394,0.00182,0.99388,0.00325,0.00105
33.60000,1.05394,0.00153,0.99487,0.00267,0.00093
33.70000,1.05394,0.00141,0.99511,0.00258,0.00091
33.80000,1.05394,0.00128,0.99587,0.00219,0.00066
33.90000,1.05394,0.00122,0.99636,0.00170,0.00072
34.00000,1.05394,0.00139,0.99608,0.00179,0.00075
34.10000,1.05394,0.00085,0.99737,0.00125,0.00053
34.20000,1.05394,0.00103,0.99695,0.00149,0.00054
34.30000,1.05394,0.00076,0.99774,0.00109,0.00041
34.40000,1.05394,0.00050,0.99839,0.00086,0.00026
34.50000,1.05394,0.00045,0.99868,0.00065,0.00022
34.60000,1.05394,0.00048,0.99848,0.00082,0.00022
34.70000,1.05394,0.00073,0.99817,0.00080,0.00029
34.80000,1.05394,0.00053,0.99843,0.00082,0.00022
34.90000,1.05394,0.00063,0.99838,0.00072,0.00027
35.00000,1.05394,0.00084,0.99775,0.00111,0.00031
35.10000,1.05394,0.00125,0.99682,0.00145,0.00047
35.20000,1.05394,0.00216,0.99451,0.00246,0.00088
35.30000,1.05394,0.00188,0.99472,0.00254,0.00087
35.40000,1.05394,0.00199,0.99416,0.00288,0.00097
35.50000,1.05394,0.00147,0.99507,0.00263,0.00084
35.60000,1.05394,0.00258,0.99216,0.00386,0.00139
35.70000,1.05394,0.00162,0.99422,0.00328,0.00088
35.80000,1.05394,0.00181,0.99304,0.00378,0.00138
35.90000,1.05394,0.00129,0.99515,0.00281,0.00075
36.00000,1.05394,0.00097,0.99661,0.00178,0.00064
36.10000,1.05394,0.00085,0.99709,0.00157,0.00049
36.20000,1.05394,0.00124,0.99567,0.00224,0.00085
36.30000,1.05394,0.00112,0.99550,0.00253,0.00085
36.40000,1.05394,0.00079,0.99718,0.00150,0.00053
36.50000,1.05394,0.00081,0.99711,0.00156,0.00051
36.60000,1.05394,0.00074,0.99770,0.00116,0.00040
36.70000,1.05394,0.00084,0.99722,0.00136,0.00058
36.80000,1.05394,0.00165,0.99516,0.00232,0.00088
36.90000,1.05394,0.00215,0.99332,0.00300,0.00153
37.00000,1.05394,0.00309,0.99039,0.00456,0.00195
37.10000,1.05394,0.00387,0.98896,0.00500,0.00218
37.20000,1.05394,0.00407,0.98755,0.00584,0.00255
37.30000,1.05394,0.00588,0.98521,0.00622,0.00268
37.40000,1.05394,0.00676,0.98058,0.00853,0.00412
37.50000,1.05394,0.00485,0.98551,0.00662,0.00302
37.60000,1.05394,0.00437,0.98450,0.00779,0.00335
37.70000,1.05394,0.00266,0.99228,0.00362,0.00144
37.80000,1.05394,0.00175,0.99407,0.00301,0.00117
37.90000,1.05394,0.00161,0.99508,0.00238,0.00094
38.00000,1.05394,0.00090,0.99722,0.00137,0.00051
38.10000,1.05394,0.00062,0.99818,0.00086,0.00034
38.20000,1.05394,0.00054,0.99842,0.00074,0.00030
38.30000,1.05394,0.00057,0.99820,0.00087,0.00036
38.40000,1.05394,0.00082,0.99766,0.00105,0.00048
38.50000,1.05394,0.00081,0.99755,0.00107,0.00057
38.60000,1.05394,0.00094,0.99708,0.00134,0.00064
38.70000,1.05394,0.00127,0.99581,0.00201,0.00091
38.80000,1.05394,0.00116,0.99632,0.00183,0.00070
38.90000,1.05394,0.00147,0.99517,0.00236,0.00100
39.00000,1.05394,0.00205,0.99314,0.00346,0.00135
39.10000,1.05394,0.00264,0.99084,0.00496,0.00155
39.20000,1.05394,0.00345,0.98755,0.00675,0.00225
39.30000,1.05394,0.00451,0.98500,0.00803,0.00246
39.40000,1.05394,0.00465,0.98492,0.00831,0.00212
39.50000,1.05394,0.00415,0.98824,0.00608,0.00154
39.60000,1.05394,0.00506,0.98671,0.00597,0.00225
39.70000,1.05394,0.00559,0.98507,0.00737,0.00197
39.80000,1.05394,0.00454,0.98677,0.00639,0.00230
39.90000,1.05394,0.00444,0.98605,0.00728,0.00222
40.00000,1.05394,0.00353,0.98991,0.00475,0.00181
40.10000,1.05394,0.00242,0.99391,0.00258,0.00110
40.20000,1.05394,0.00239,0.99372,0.00272,0.00118
40.30000,1.05394,0.00136,0.99592,0.00193,0.00079
40.40000,1.05394,0.00161,0.99500,0.00231,0.00107
40.50000,1.05394,0.00125,0.99610,0.00196,0.00069
40.60000,1.05394,0.00115,0.99669,0.00163,0.00053
40.70000,1.05394,0.00115,0.99660,0.00170,0.00056
40.80000,1.05394,0.00135,0.99591,0.00206,0.00068
40.90000,1.05394,0.00139,0.99534,0.00236,0.00091
41.00000,1.05394,0.00315,0.98783,0.00706,0.00196
41.10000,1.05394,0.00312,0.98832,0.00652,0.00205
41.20000,1.05394,0.00388,0.98469,0.00902,0.00242
41.30000,1.05394,0.00359,0.98639,0.00769,0.00232
41.40000,1.05394,0.00351,0.98337,0.01031,0.00280
41.50000,1.05394,0.00330,0.98607,0.00827,0.00237
41.60000,1.05394,0.00272,0.98672,0.00823,0.00233
41.70000,1.05394,0.00227,0.98991,0.00611,0.00171
41.80000,1.05394,0.00196,0.99074,0.00579,0.00151
41.90000,1.05394,0.00091,0.99619,0.00226,0.00064
42.00000,1.05394,0.00072,0.99723,0.00153,0.00052
42.10000,1.05394,0.00063,0.99757,0.00136,0.00043
42.20000,1.05394,0.00093,0.99680,0.00170,0.00057
42.30000,1.05394,0.00103,0.99643,0.00196,0.00058
42.40000,1.05394,0.00129,0.99569,0.00219,0.00083
42.50000,1.05394,0.00133,0.99499,0.00269,0.00099
42.60000,1.05394,0.00207,0.99286,0.00369,0.00138
42.70000,1.05394,0.00213,0.99334,0.00323,0.00130
42.80000,1.05394,0.00284,0.99066,0.00473,0.00177
42.90000,1.05394,0.00366,0.98884,0.00545,0.00205
43.00000,1.05394,0.00241,0.99081,0.00498,0.00181
43.10000,1.05394,0.00230,0.99239,0.00385,0.00146
43.20000,1.05394,0.00177,0.99274,0.00384,0.00165
43.30000,1.05394,0.00154,0.99457,0.00267,0.00123
43.40000,1.05394,0.00197,0.99347,0.00351,0.00105
43.50000,1.05394,0.00131,0.99596,0.00200,0.00072
43.60000,1.05394,0.00130,0.99556,0.00232,0.00082
43.70000,1.05394,0.00116,0.99600,0.00205,0.00078
43.80000,1.05394,0.00151,0.99510,0.00245,0.00093
43.90000,1.05394,0.00122,0.99672,0.00148,0.00058
44.00000,1.05394,0.00163,0.99504,0.00240,0.00093
44.10000,1.05394,0.00139,0.99637,0.00157,0.00067
44.20000,1.05394,0.00135,0.99633,0.00172,0.00060
44.30000,1.05394,0.00096,0.99730,0.00126,0.00048
44.40000,1.05394,0.00135,0.99627,0.00179,0.00059
44.50000,1.05394,0.00110,0.99684,0.00153,0.00053
44.60000,1.05394,0.00113,0.99671,0.00162,0.00054
44.70000,1.05394,0.00115,0.99688,0.00149,0.00047
44.80000,1.05394,0.00129,0.99623,0.00189,0.00059
44.90000,1.05394,0.00175,0.99501,0.00254,0.00071
45.00000,1.05394,0.00165,0.99511,0.00239,0.00085
45.10000,1.05394,0.00295,0.99178,0.00408,0.00119
45.20000,1.05394,0.00193,0.99439,0.00285,0.00083
45.30000,1.05394,0.00185,0.99462,0.00279,0.00074
45.40000,1.05394,0.00126,0.99582,0.00214,0.00078
45.50000,1.05394,0.00332,0.98866,0.00598,0.00204
45.60000,1.05394,0.00237,0.99225,0.00398,0.00140
45.70000,1.05394,0.00242,0.99037,0.00565,0.00156
45.80000,1.05394,0.00254,0.98972,0.00599,0.00175
45.90000,1.05394,0.00238,0.99092,0.00520,0.00150
46.00000,1.05394,0.00212,0.99243,0.00408,0.00136
46.10000,1.05394,0.00311,0.98928,0.00566,0.00195
46.20000,1.05394,0.00272,0.98969,0.00573,0.00186
46.30000,1.05394,0.00253,0.98977,0.00600,0.00170
46.40000,1.05394,0.00301,0.98896,0.00597,0.00206
46.50000,1.05394,0.00249,0.99201,0.00402,0.00149
46.60000,1.05394,0.00289,0.99139,0.00395,0.00177
46.70000,1.05394,0.00209,0.99290,0.00367,0.00134
46.80000,1.05394,0.00248,0.99196,0.00359,0.00196
46.90000,1.05394,0.00301,0.98994,0.00482,0.00224
47.00000,1.05394,0.00211,0.99194,0.00385,0.00210
47.10000,1.05394,0.00231,0.99232,0.00375,0.00162
47.20000,1.05394,0.00261,0.99070,0.00432,0.00237
47.30000,1.05394,0.00209,0.99283,0.00342,0.00167
47.40000,1.05394,0.00199,0.99318,0.00318,0.00165
47.50000,1.05394,0.00312,0.98918,0.00523,0.00247
47.60000,1.05394,0.00276,0.99085,0.00425,0.00214
47.70000,1.05394,0.00255,0.99094,0.00451,0.00199
47.80000,1.05394,0.00321,0.99070,0.00404,0.00205
47.90000,1.05394,0.00426,0.98641,0.00586,0.00347
48.00000,1.05394,0.00614,0.98487,0.00553,0.00346
48.10000,1.05394,0.00690,0.97959,0.00872,0.00479
48.20000,1.05394,0.01100,0.96741,0.01464,0.00694
48.30000,1.05394,0.01173,0.96014,0.01766,0.01048
48.40000,1.05394,0.00931,0.96502,0.01725,0.00842
48.50000,1.05394,0.00611,0.98073,0.00780,0.00536
48.60000,1.05394,0.00621,0.97563,0.01219,0.00597
48.70000,1.05394,0.00728,0.97664,0.00937,0.00671
48.80000,1.05394,0.00509,0.97875,0.01129,0.00487
48.90000,1.05394,0.00467,0.98458,0.00691,0.00384
49.00000,1.05394,0.00294,0.98986,0.00492,0.00228
49.10000,1.05394,0.00342,0.99067,0.00397,0.00194
49.20000,1.05394,0.00212,0.99341,0.00296,0.00151
49.30000,1.05394,0.00282,0.99240,0.00295,0.00183
49.40000,1.05394,0.00301,0.99070,0.00413,0.00217
49.50000,1.05394,0.00305,0.99167,0.00346,0.00182
49.60000,1.05394,0.00224,0.99322,0.00298,0.00156
49.70000,1.05394,0.00183,0.99453,0.00249,0.00115
49.80000,1.05394,0.00252,0.99164,0.00413,0.00172
49.90000,1.05394,0.00363,0.99100,0.00340,0.00197
50.00000,1.05394,0.00274,0.99180,0.00376,0.00169
50.10000,1.05394,0.00255,0.99278,0.00311,0.00157
50.20000,1.05394,0.00199,0.99403,0.00284,0.00114
50.30000,1.05394,0.00187,0.99545,0.00167,0.00102
50.40000,1.05394,0.00170,0.99535,0.00196,0.00099
50.50000,1.05394,0.00185,0.99494,0.00190,0.00130
50.60000,1.05394,0.00199,0.99473,0.00207,0.00121
50.70000,1.05394,0.00188,0.99548,0.00177,0.00088
50.80000,1.05394,0.00133,0.99646,0.00140,0.00081
50.90000,1.05394,0.00109,0.99724,0.00107,0.00060
51.00000,1.05394,0.00105,0.99738,0.00104,0.00053
51.10000,1.05394,0.00169,0.99600,0.00154,0.00077
51.20000,1.05394,0.00140,0.99651,0.00140,0.00070
51.30000,1.05394,0.00137,0.99671,0.00130,0.00062
51.40000,1.05394,0.00116,0.99691,0.00139,0.00054
51.50000,1.05394,0.00162,0.99604,0.00173,0.00061
51.60000,1.05394,0.00110,0.99679,0.00154,0.00057
51.70000,1.05394,0.00150,0.99627,0.00152,0.00072
51.80000,1.05394,0.00227,0.99407,0.00258,0.00107
51.90000,1.05394,0.00279,0.99337,0.00254,0.00130
52.00000,1.05394,0.00269,0.99291,0.00295,0.00145
52.10000,1.05394,0.00366,0.99201,0.00293,0.00140
52.20000,1.05394,0.00460,0.98918,0.00404,0.00218
52.30000,1.05394,0.00500,0.98782,0.00453,0.00265
52.40000,1.05394,0.00625,0.98304,0.00709,0.00363
52.50000,1.05394,0.00454,0.98769,0.00517,0.00259
52.60000,1.05394,0.00557,0.98617,0.00521,0.00305
52.70000,1.05394,0.00482,0.98603,0.00621,0.00295
52.80000,1.05394,0.00511,0.98557,0.00622,0.00309
52.90000,1.05394,0.00590,0.97987,0.01000,0.00423
53.00000,1.05394,0.00489,0.98325,0.00823,0.00364
53.10000,1.05394,0.00354,0.98483,0.00859,0.00304
53.20000,1.05394,0.00675,0.97798,0.01154,0.00373
53.30000,1.05394,0.00630,0.98037,0.01005,0.00328
53.40000,1.05394,0.00652,0.98118,0.00904,0.00326
53.50000,1.05394,0.00815,0.97533,0.01228,0.00425
53.60000,1.05394,0.01035,0.96927,0.01399,0.00639
53.70000,1.05394,0.00993,0.97139,0.01274,0.00594
53.80000,1.05394,0.00767,0.97962,0.00904,0.00367
53.90000,1.05394,0.00744,0.97881,0.00917,0.00459
54.00000,1.05394,0.00776,0.97655,0.01100,0.00469
54.10000,1.05394,0.01015,0.96818,0.01335,0.00832
54.20000,1.05394,0.00728,0.97732,0.01023,0.00516
54.30000,1.05394,0.00703,0.97392,0.01132,0.00773
54.40000,1.05394,0.00542,0.98099,0.00921,0.00437
54.50000,1.05394,0.00382,0.98480,0.00655,0.00483
54.60000,1.05394,0.00300,0.98908,0.00538,0.00254
54.70000,1.05394,0.00336,0.98624,0.00632,0.00408
54.80000,1.05394,0.00408,0.98454,0.00801,0.00337
54.90000,1.05394,0.00314,0.98651,0.00622,0.00413
55.00000,1.05394,0.00243,0.99242,0.00344,0.00171
55.10000,1.05394,0.00202,0.99351,0.00293,0.00153
55.20000,1.05394,0.00238,0.99274,0.00337,0.00151
55.30000,1.05394,0.00239,0.99247,0.00343,0.00171
55.40000,1.05394,0.00231,0.99350,0.00282,0.00137
55.50000,1.05394,0.00265,0.99210,0.00344,0.00182
55.60000,1.05394,0.00314,0.99132,0.00351,0.00203
55.70000,1.05394,0.00424,0.98908,0.00421,0.00248
55.80000,1.05394,0.00289,0.99228,0.00299,0.00185
55.90000,1.05394,0.00381,0.99055,0.00344,0.00220
56.00000,1.05394,0.00568,0.98388,0.00671,0.00373
56.10000,1.05394,0.00505,0.98426,0.00665,0.00403
56.20000,1.05394,0.00450,0.98424,0.00680,0.00446
56.30000,1.05394,0.00508,0.98211,0.00780,0.00501
56.40000,1.05394,0.00628,0.97618,0.01067,0.00687
56.50000,1.05394,0.00379,0.98651,0.00602,0.00368
56.60000,1.05394,0.00375,0.98690,0.00588,0.00347
56.70000,1.05394,0.00309,0.98948,0.00472,0.00271
56.80000,1.05394,0.00313,0.98821,0.00548,0.00318
56.90000,1.05394,0.00266,0.98949,0.00507,0.00278
57.00000,1.05394,0.00350,0.98820,0.00507,0.00323
57.10000,1.05394,0.00404,0.98556,0.00726,0.00314
57.20000,1.05394,0.00559,0.98015,0.00901,0.00526
57.30000,1.05394,0.00536,0.98159,0.00873,0.00433
57.40000,1.05394,0.00484,0.98397,0.00738,0.00381
57.50000,1.05394,0.00443,0.98439,0.00777,0.00341
57.60000,1.05394,0.00487,0.98438,0.00691,0.00384
57.70000,1.05394,0.00621,0.97993,0.00966,0.00420
57.80000,1.05394,0.00480,0.98471,0.00684,0.00365
57.90000,1.05394,0.00339,0.98769,0.00637,0.00256
58.00000,1.05394,0.00357,0.98872,0.00535,0.00236
58.10000,1.05394,0.00311,0.98983,0.00457,0.00249
58.20000,1.05394,0.00290,0.99118,0.00390,0.00203
58.30000,1.05394,0.00246,0.99152,0.00396,0.00205
58.40000,1.05394,0.00336,0.98868,0.00534,0.00262
58.50000,1.05394,0.00350,0.98932,0.00468,0.00249
58.60000,1.05394,0.00164,0.99434,0.00281,0.00120
58.70000,1.05394,0.00151,0.99529,0.00223,0.00096
58.80000,1.05394,0.00134,0.99536,0.00227,0.00103
58.90000,1.05394,0.00208,0.99413,0.00251,0.00128
59.00000,1.05394,0.00140,0.99574,0.00195,0.00091
59.10000,1.05394,0.00168,0.99517,0.00209,0.00106
59.20000,1.05394,0.00171,0.99491,0.00228,0.00110
59.30000,1.05394,0.00173,0.99526,0.00208,0.00093
59.40000,1.05394,0.00128,0.99668,0.00137,0.00067
59.50000,1.05394,0.00156,0.99599,0.00161,0.00084
59.60000,1.05394,0.00270,0.99335,0.00249,0.00146
59.70000,1.05394,0.00284,0.99245,0.00281,0.00191
59.80000,1.05394,0.00313,0.99118,0.00361,0.00209
59.90000,1.05394,0.00285,0.99140,0.00375,0.00200
60.00000,1.05394,0.00235,0.99348,0.00269,0.00148
60.10000,1.05394,0.00206,0.99346,0.00283,0.00164
