Time (seconds), Duration (seconds),pred_(unlabeled),pred_brushing_teeth,pred_hair_drying,pred_showering
0.00000,1.02194,0.38666,0.00002,0.00033,0.61299
0.14000,1.02194,0.14973,0.00028,0.00048,0.84952
0.28000,1.02194,0.07789,0.00067,0.00036,0.92108
0.42000,1.02194,0.06068,0.00168,0.00048,0.93716
0.56000,1.02194,0.10220,0.00075,0.00061,0.89644
0.70000,1.02194,0.09390,0.00075,0.00049,0.90486
0.84000,1.02194,0.09219,0.00090,0.00049,0.90642
0.98000,1.02194,0.11379,0.00064,0.00051,0.88506
1.12000,1.02194,0.11224,0.00052,0.00056,0.88669
1.26000,1.02194,0.09315,0.00037,0.00029,0.90620
1.40000,1.02194,0.10143,0.00055,0.00044,0.89758
1.54000,1.02194,0.13614,0.00037,0.00064,0.86285
1.68000,1.02194,0.07674,0.00192,0.00044,0.92091
1.82000,1.02194,0.09376,0.00183,0.00066,0.90374
1.96000,1.02194,0.12129,0.00104,0.00071,0.87696
2.10000,1.02194,0.11242,0.00090,0.00056,0.88611
2.24000,1.02194,0.12937,0.00039,0.00051,0.86974
2.38000,1.02194,0.11441,0.00038,0.00048,0.88473
2.52000,1.02194,0.09667,0.00028,0.00036,0.90269
2.66000,1.02194,0.08453,0.00019,0.00017,0.91511
2.80000,1.02194,0.09688,0.00025,0.00029,0.90258
2.94000,1.02194,0.09826,0.00036,0.00041,0.90097
3.08000,1.02194,0.05291,0.00149,0.00025,0.94534
3.22000,1.02194,0.07593,0.00156,0.00050,0.92200
3.36000,1.02194,0.10454,0.00055,0.00050,0.89441
3.50000,1.02194,0.09917,0.00046,0.00034,0.90003
3.64000,1.02194,0.08538,0.00064,0.00034,0.91364
3.78000,1.02194,0.12419,0.00057,0.00068,0.87456
3.92000,1.02194,0.06617,0.00141,0.00033,0.93209
4.06000,1.02194,0.05395,0.00209,0.00049,0.94347
4.20000,1.02194,0.13564,0.00065,0.00065,0.86306
4.34000,1.02194,0.10351,0.00173,0.00063,0.89414
4.48000,1.02194,0.09714,0.00087,0.00045,0.90154
4.62000,1.02194,0.10913,0.00042,0.00044,0.89000
4.76000,1.02194,0.10720,0.00043,0.00039,0.89199
4.90000,1.02194,0.09715,0.00045,0.00033,0.90207
5.04000,1.02194,0.10895,0.00048,0.00054,0.89003
5.18000,1.02194,0.08651,0.00091,0.00041,0.91218
5.32000,1.02194,0.08459,0.00118,0.00060,0.91364
5.46000,1.02194,0.13979,0.00072,0.00060,0.85889
5.60000,1.02194,0.09653,0.00173,0.00070,0.90103
5.74000,1.02194,0.11209,0.00080,0.00068,0.88643
5.88000,1.02194,0.08951,0.00068,0.00033,0.90948
6.02000,1.02194,0.07963,0.00094,0.00043,0.91899
6.16000,1.02194,0.12424,0.00084,0.00060,0.87433
6.30000,1.02194,0.06759,0.00412,0.00054,0.92775
6.44000,1.02194,0.08815,0.00113,0.00051,0.91021
6.58000,1.02194,0.10171,0.00085,0.00053,0.89691
6.72000,1.02194,0.14099,0.00079,0.00068,0.85754
6.86000,1.02194,0.10982,0.00184,0.00075,0.88760
7.00000,1.02194,0.09782,0.00075,0.00036,0.90107
7.14000,1.02194,0.11116,0.00082,0.00042,0.88760
7.28000,1.02194,0.14062,0.00066,0.00066,0.85806
7.42000,1.02194,0.08487,0.00134,0.00039,0.91340
7.56000,1.02194,0.06487,0.00086,0.00028,0.93399
7.70000,1.02194,0.12075,0.00048,0.00047,0.87831
7.84000,1.02194,0.12949,0.00153,0.00068,0.86831
7.98000,1.02194,0.05029,0.00182,0.00029,0.94761
8.12000,1.02194,0.05629,0.00061,0.00018,0.94292
8.26000,1.02194,0.08551,0.00031,0.00025,0.91394
8.40000,1.02194,0.11057,0.00048,0.00042,0.88853
8.54000,1.02194,0.05291,0.00122,0.00026,0.94561
8.68000,1.02194,0.05978,0.00130,0.00046,0.93846
8.82000,1.02194,0.09475,0.00071,0.00045,0.90409
8.96000,1.02194,0.07416,0.00147,0.00052,0.92385
9.10000,1.02194,0.08826,0.00105,0.00044,0.91025
9.24000,1.02194,0.08491,0.00056,0.00023,0.91430
9.38000,1.02194,0.10859,0.00081,0.00040,0.89021
9.52000,1.02194,0.09963,0.00098,0.00040,0.89899
9.66000,1.02194,0.04577,0.00404,0.00029,0.94990
9.80000,1.02194,0.04542,0.00331,0.00034,0.95093
9.94000,1.02194,0.08966,0.00122,0.00043,0.90868
10.08000,1.02194,0.04445,0.00124,0.00017,0.95414
10.22000,1.02194,0.02784,0.00100,0.00016,0.97101
10.36000,1.02194,0.06901,0.00075,0.00023,0.93001
10.50000,1.02194,0.03353,0.00162,0.00021,0.96464
10.64000,1.02194,0.03270,0.00149,0.00017,0.96563
10.78000,1.02194,0.03616,0.00195,0.00033,0.96156
10.92000,1.02194,0.05236,0.00216,0.00034,0.94515
11.06000,1.02194,0.04267,0.00172,0.00013,0.95548
11.20000,1.02194,0.03325,0.00112,0.00023,0.96540
11.34000,1.02194,0.03733,0.00092,0.00011,0.96164
11.48000,1.02194,0.02994,0.00056,0.00011,0.96940
11.62000,1.02194,0.03432,0.00107,0.00015,0.96446
11.76000,1.02194,0.03198,0.00075,0.00013,0.96715
11.90000,1.02194,0.02936,0.00060,0.00019,0.96985
12.04000,1.02194,0.03517,0.00159,0.00019,0.96305
12.18000,1.02194,0.04007,0.00141,0.00024,0.95828
12.32000,1.02194,0.09655,0.00094,0.00039,0.90212
12.46000,1.02194,0.19482,0.00394,0.00075,0.80049
12.60000,1.02194,0.07426,0.00435,0.00087,0.92052
12.74000,1.02194,0.09493,0.00606,0.00063,0.89838
12.88000,1.02194,0.07948,0.00657,0.00118,0.91277
13.02000,1.02194,0.14692,0.00254,0.00099,0.84955
13.16000,1.02194,0.05694,0.00802,0.00042,0.93462
13.30000,1.02194,0.03416,0.00186,0.00022,0.96376
13.44000,1.02194,0.03555,0.00156,0.00020,0.96269
13.58000,1.02194,0.03019,0.00091,0.00017,0.96873
13.72000,1.02194,0.02945,0.00072,0.00014,0.96968
13.86000,1.02194,0.02934,0.00094,0.00012,0.96960
14.00000,1.02194,0.04356,0.00090,0.00020,0.95534
14.14000,1.02194,0.04306,0.00052,0.00010,0.95633
14.28000,1.02194,0.02210,0.00016,0.00005,0.97768
14.42000,1.02194,0.02950,0.00030,0.00010,0.97011
14.56000,1.02194,0.04807,0.00023,0.00007,0.95163
14.70000,1.02194,0.02959,0.00036,0.00017,0.96987
14.84000,1.02194,0.03970,0.00037,0.00061,0.95932
14.98000,1.02194,0.04205,0.00183,0.00033,0.95579
15.12000,1.02194,0.04356,0.00305,0.00026,0.95313
15.26000,1.02194,0.04497,0.00365,0.00025,0.95112
15.40000,1.02194,0.03468,0.00097,0.00016,0.96419
15.54000,1.02194,0.04706,0.00033,0.00013,0.95247
15.68000,1.02194,0.03613,0.00068,0.00018,0.96301
15.82000,1.02194,0.04810,0.00128,0.00022,0.95040
15.96000,1.02194,0.03944,0.00113,0.00032,0.95911
16.10000,1.02194,0.07943,0.00194,0.00062,0.91801
16.24000,1.02194,0.08326,0.00113,0.00052,0.91509
16.38000,1.02194,0.10211,0.00104,0.00056,0.89629
16.52000,1.02194,0.11637,0.00054,0.00046,0.88263
16.66000,1.02194,0.10653,0.00041,0.00040,0.89266
16.80000,1.02194,0.10938,0.00056,0.00043,0.88963
16.94000,1.02194,0.09396,0.00054,0.00038,0.90512
17.08000,1.02194,0.09676,0.00072,0.00042,0.90211
17.22000,1.02194,0.09443,0.00069,0.00045,0.90443
17.36000,1.02194,0.10341,0.00085,0.00061,0.89514
17.50000,1.02194,0.08270,0.00095,0.00042,0.91594
17.64000,1.02194,0.10662,0.00051,0.00048,0.89240
17.78000,1.02194,0.11438,0.00053,0.00049,0.88460
17.92000,1.02194,0.10997,0.00063,0.00061,0.88879
18.06000,1.02194,0.11793,0.00037,0.00041,0.88129
18.20000,1.02194,0.10802,0.00035,0.00050,0.89114
18.34000,1.02194,0.14447,0.00023,0.00040,0.85490
18.48000,1.02194,0.08186,0.00139,0.00061,0.91614
18.62000,1.02194,0.09246,0.00085,0.00075,0.90595
18.76000,1.02194,0.05520,0.00137,0.00034,0.94309
18.90000,1.02194,0.09005,0.00055,0.00046,0.90895
19.04000,1.02194,0.09961,0.00075,0.00060,0.89903
19.18000,1.02194,0.06963,0.00150,0.00044,0.92843
19.32000,1.02194,0.07615,0.00075,0.00039,0.92271
19.46000,1.02194,0.07931,0.00111,0.00033,0.91926
19.60000,1.02194,0.09289,0.00038,0.00026,0.90646
19.74000,1.02194,0.09750,0.00069,0.00034,0.90147
19.88000,1.02194,0.05332,0.00226,0.00041,0.94400
20.02000,1.02194,0.05665,0.00203,0.00039,0.94093
20.16000,1.02194,0.06580,0.00101,0.00051,0.93268
20.30000,1.02194,0.13098,0.00077,0.00069,0.86757
20.44000,1.02194,0.13649,0.00067,0.00055,0.86229
20.58000,1.02194,0.11667,0.00119,0.00063,0.88151
20.72000,1.02194,0.09522,0.00104,0.00063,0.90311
20.86000,1.02194,0.07326,0.00218,0.00069,0.92387
21.00000,1.02194,0.08106,0.00201,0.00067,0.91627
21.14000,1.02194,0.06811,0.00164,0.00053,0.92972
21.28000,1.02194,0.07447,0.00079,0.00035,0.92439
21.42000,1.02194,0.07244,0.00042,0.00021,0.92693
21.56000,1.02194,0.10796,0.00035,0.00039,0.89131
21.70000,1.02194,0.10701,0.00070,0.00048,0.89180
21.84000,1.02194,0.05031,0.00268,0.00040,0.94661
21.98000,1.02194,0.07207,0.00125,0.00046,0.92622
22.12000,1.02194,0.10360,0.00067,0.00049,0.89524
22.26000,1.02194,0.10028,0.00070,0.00049,0.89853
22.40000,1.02194,0.09703,0.00074,0.00041,0.90182
22.54000,1.02194,0.11306,0.00065,0.00053,0.88575
22.68000,1.02194,0.10155,0.00065,0.00044,0.89736
22.82000,1.02194,0.08217,0.00078,0.00035,0.91669
22.96000,1.02194,0.08667,0.00041,0.00029,0.91263
23.10000,1.02194,0.09091,0.00077,0.00035,0.90797
23.24000,1.02194,0.08759,0.00071,0.00049,0.91121
23.38000,1.02194,0.06749,0.00144,0.00037,0.93069
23.52000,1.02194,0.09346,0.00053,0.00043,0.90559
23.66000,1.02194,0.10375,0.00096,0.00066,0.89464
23.80000,1.02194,0.08439,0.00136,0.00044,0.91381
23.94000,1.02194,0.07146,0.00300,0.00062,0.92491
24.08000,1.02194,0.12864,0.00091,0.00063,0.86982
24.22000,1.02194,0.09839,0.00198,0.00067,0.89896
24.36000,1.02194,0.10218,0.00133,0.00071,0.89578
24.50000,1.02194,0.13371,0.00161,0.00077,0.86391
24.64000,1.02194,0.10799,0.00112,0.00059,0.89030
24.78000,1.02194,0.12910,0.00040,0.00037,0.87013
24.92000,1.02194,0.08074,0.00228,0.00049,0.91649
25.06000,1.02194,0.10660,0.00176,0.00056,0.89108
25.20000,1.02194,0.07085,0.00225,0.00038,0.92652
25.34000,1.02194,0.09389,0.00148,0.00051,0.90412
25.48000,1.02194,0.06935,0.00102,0.00028,0.92935
25.62000,1.02194,0.06028,0.00045,0.00023,0.93904
25.76000,1.02194,0.05412,0.00020,0.00010,0.94558
25.90000,1.02194,0.05559,0.00059,0.00018,0.94364
26.04000,1.02194,0.04255,0.00103,0.00022,0.95619
26.18000,1.02194,0.03736,0.00103,0.00020,0.96142
26.32000,1.02194,0.04758,0.00097,0.00041,0.95104
26.46000,1.02194,0.11319,0.00247,0.00080,0.88354
26.60000,1.02194,0.11954,0.00188,0.00068,0.87790
26.74000,1.02194,0.08043,0.00247,0.00048,0.91662
26.88000,1.02194,0.10920,0.00063,0.00035,0.88983
27.02000,1.02194,0.10163,0.00060,0.00034,0.89744
27.16000,1.02194,0.08408,0.00104,0.00033,0.91455
27.30000,1.02194,0.06643,0.00137,0.00035,0.93186
27.44000,1.02194,0.03578,0.00115,0.00019,0.96288
27.58000,1.02194,0.06579,0.00057,0.00026,0.93338
27.72000,1.02194,0.04773,0.00175,0.00029,0.95024
27.86000,1.02194,0.05457,0.00104,0.00021,0.94418
28.00000,1.02194,0.02806,0.00083,0.00011,0.97100
28.14000,1.02194,0.03176,0.00140,0.00014,0.96671
28.28000,1.02194,0.04968,0.00077,0.00020,0.94935
28.42000,1.02194,0.03156,0.00065,0.00011,0.96768
28.56000,1.02194,0.02657,0.00037,0.00014,0.97293
28.70000,1.02194,0.03141,0.00029,0.00012,0.96818
28.84000,1.02194,0.04626,0.00021,0.00010,0.95343
28.98000,1.02194,0.02443,0.00032,0.00017,0.97507
29.12000,1.02194,0.03087,0.00069,0.00012,0.96832
29.26000,1.02194,0.03548,0.00065,0.00015,0.96373
29.40000,1.02194,0.03506,0.00052,0.00037,0.96405
29.54000,1.02194,0.04606,0.00085,0.00017,0.95292
29.68000,1.02194,0.03779,0.00070,0.00020,0.96131
29.82000,1.02194,0.09785,0.00036,0.00032,0.90146
29.96000,1.02194,0.08402,0.00076,0.00034,0.91489
30.10000,1.02194,0.04540,0.00133,0.00030,0.95298
30.24000,1.02194,0.11544,0.00094,0.00047,0.88315
30.38000,1.02194,0.07341,0.00144,0.00058,0.92457
30.52000,1.02194,0.08894,0.00144,0.00039,0.90923
30.66000,1.02194,0.05124,0.00096,0.00014,0.94766
30.80000,1.02194,0.09812,0.00034,0.00023,0.90131
30.94000,1.02194,0.09560,0.00131,0.00023,0.90286
31.08000,1.02194,0.04491,0.00482,0.00031,0.94996
31.22000,1.02194,0.04479,0.00316,0.00037,0.95168
31.36000,1.02194,0.05793,0.00342,0.00041,0.93825
31.50000,1.02194,0.05305,0.00225,0.00016,0.94454
31.64000,1.02194,0.04994,0.00249,0.00027,0.94730
31.78000,1.02194,0.04763,0.00655,0.00018,0.94565
31.92000,1.02194,0.04025,0.00614,0.00035,0.95326
32.06000,1.02193,0.03363,0.00184,0.00028,0.96425
32.20000,1.02194,0.02987,0.00044,0.00015,0.96955
32.34000,1.02194,0.03743,0.00126,0.00030,0.96102
32.48000,1.02194,0.06792,0.00025,0.00020,0.93162
32.62000,1.02194,0.05667,0.00009,0.00014,0.94310
32.76000,1.02194,0.02829,0.00000,0.00003,0.97168
32.90000,1.02193,0.05046,0.00001,0.00004,0.94949
33.04000,1.02194,0.04470,0.00001,0.00004,0.95525
33.18000,1.02194,0.02561,0.00001,0.00005,0.97432
33.32000,1.02194,0.03008,0.00001,0.00020,0.96971
33.46000,1.02194,0.02824,0.00033,0.00015,0.97129
33.60000,1.02194,0.04919,0.00019,0.00014,0.95048
33.74000,1.02193,0.02038,0.00040,0.00007,0.97915
33.88000,1.02194,0.03624,0.00030,0.00011,0.96335
34.02000,1.02194,0.06474,0.00027,0.00018,0.93481
34.16000,1.02194,0.03424,0.00092,0.00024,0.96460
34.30000,1.02194,0.03028,0.00111,0.00015,0.96845
34.44000,1.02194,0.03167,0.00060,0.00031,0.96742
34.58000,1.02193,0.04267,0.00029,0.00012,0.95692
34.72000,1.02193,0.05044,0.00035,0.00016,0.94904
34.86000,1.02194,0.05268,0.00043,0.00022,0.94667
35.00000,1.02194,0.03479,0.00087,0.00022,0.96412
35.14000,1.02194,0.03305,0.00024,0.00038,0.96633
35.28000,1.02194,0.02949,0.00044,0.00012,0.96995
35.42000,1.02194,0.03751,0.00019,0.00012,0.96218
35.56000,1.02193,0.06761,0.00014,0.00024,0.93200
35.70000,1.02194,0.03368,0.00045,0.00016,0.96571
35.84000,1.02194,0.03203,0.00038,0.00024,0.96735
35.98000,1.02194,0.07364,0.00022,0.00019,0.92595
36.12000,1.02194,0.07944,0.00041,0.00035,0.91980
36.26000,1.02194,0.07737,0.00044,0.00040,0.92180
36.40000,1.02193,0.04094,0.00075,0.00016,0.95816
36.54000,1.02194,0.05558,0.00034,0.00018,0.94390
36.68000,1.02194,0.07884,0.00030,0.00029,0.92057
36.82000,1.02194,0.07022,0.00024,0.00027,0.92927
36.96000,1.02194,0.04297,0.00080,0.00018,0.95604
37.10000,1.02194,0.07825,0.00053,0.00032,0.92090
37.24000,1.02193,0.08912,0.00042,0.00048,0.90998
37.38000,1.02194,0.06979,0.00042,0.00033,0.92946
37.52000,1.02194,0.04588,0.00072,0.00019,0.95321
37.66000,1.02194,0.20689,0.00008,0.00041,0.79262
37.80000,1.02194,0.41067,0.00001,0.00044,0.58889
37.94000,1.02194,0.27330,0.00000,0.00039,0.72631
38.08000,1.02193,0.27709,0.00000,0.00042,0.72249
38.22000,1.02193,0.39869,0.00000,0.00009,0.60122
38.36000,1.02194,0.28462,0.00000,0.00477,0.71061
38.50000,1.02194,0.16183,0.00000,0.00028,0.83789
38.64000,1.02194,0.41972,0.00000,0.05968,0.52060
38.78000,1.02194,0.05994,0.00014,0.00127,0.93864
38.92000,1.02194,0.06450,0.00101,0.00046,0.93402
39.06000,1.02193,0.10033,0.00085,0.00061,0.89821
39.20000,1.02194,0.10985,0.00080,0.00070,0.88865
39.34000,1.02194,0.11673,0.00039,0.00041,0.88248
39.48000,1.02194,0.11194,0.00043,0.00049,0.88714
39.62000,1.02194,0.15416,0.00052,0.00048,0.84484
39.76000,1.02194,0.06543,0.00355,0.00035,0.93066
39.90000,1.02193,0.10015,0.00174,0.00057,0.89755
40.04000,1.02194,0.05263,0.00260,0.00026,0.94451
40.18000,1.02194,0.04689,0.00393,0.00046,0.94872
40.32000,1.02194,0.05406,0.00439,0.00048,0.94106
40.46000,1.02194,0.04514,0.00422,0.00055,0.95008
40.60000,1.02194,0.03995,0.00238,0.00043,0.95725
40.74000,1.02193,0.03615,0.00143,0.00027,0.96215
40.88000,1.02194,0.03105,0.00092,0.00022,0.96780
41.02000,1.02194,0.04151,0.00115,0.00032,0.95702
41.16000,1.02194,0.03910,0.00118,0.00030,0.95942
41.30000,1.02194,0.03514,0.00081,0.00023,0.96382
41.44000,1.02194,0.06939,0.00055,0.00033,0.92974
41.58000,1.02193,0.08419,0.00046,0.00036,0.91499
41.72000,1.02193,0.08344,0.00036,0.00035,0.91584
41.86000,1.02194,0.07232,0.00056,0.00033,0.92679
42.00000,1.02194,0.07961,0.00054,0.00039,0.91946
42.14000,1.02194,0.09339,0.00053,0.00038,0.90570
42.28000,1.02194,0.05752,0.00079,0.00026,0.94143
42.42000,1.02194,0.06417,0.00020,0.00021,0.93542
42.56000,1.02193,0.05501,0.00016,0.00014,0.94469
42.70000,1.02194,0.03163,0.00025,0.00007,0.96805
42.84000,1.02194,0.02740,0.00012,0.00008,0.97240
42.98000,1.02194,0.03167,0.00007,0.00008,0.96819
43.12000,1.02194,0.02384,0.00012,0.00010,0.97594
43.26000,1.02194,0.02963,0.00022,0.00013,0.97001
43.40000,1.02193,0.02771,0.00032,0.00011,0.97186
43.54000,1.02194,0.02681,0.00028,0.00017,0.97275
43.68000,1.02194,0.03143,0.00043,0.00008,0.96806
43.82000,1.02194,0.02705,0.00042,0.00014,0.97239
43.96000,1.02194,0.03901,0.00031,0.00015,0.96053
44.10000,1.02194,0.06195,0.00024,0.00019,0.93763
44.24000,1.02193,0.03092,0.00036,0.00015,0.96857
44.38000,1.02194,0.05525,0.00035,0.00016,0.94425
44.52000,1.02194,0.03402,0.00060,0.00028,0.96509
44.66000,1.02194,0.06402,0.00141,0.00033,0.93424
44.80000,1.02194,0.09449,0.00042,0.00037,0.90472
44.94000,1.02194,0.05377,0.00053,0.00023,0.94547
45.08000,1.02193,0.04586,0.00041,0.00019,0.95354
45.22000,1.02193,0.06526,0.00028,0.00053,0.93393
45.36000,1.02194,0.05473,0.00023,0.00019,0.94484
45.50000,1.02194,0.03858,0.00026,0.00054,0.96061
45.64000,1.02194,0.07752,0.00006,0.00018,0.92224
45.78000,1.02194,0.05878,0.00013,0.00026,0.94083
45.92000,1.02194,0.04729,0.00024,0.00053,0.95194
46.06000,1.02193,0.04260,0.00025,0.00020,0.95695
46.20000,1.02194,0.05635,0.00017,0.00060,0.94288
46.34000,1.02194,0.06728,0.00037,0.00032,0.93203
46.48000,1.02194,0.08413,0.00038,0.00028,0.91520
46.62000,1.02194,0.09324,0.00031,0.00026,0.90619
46.76000,1.02194,0.07812,0.00041,0.00027,0.92121
46.90000,1.02193,0.07390,0.00062,0.00040,0.92508
47.04000,1.02194,0.04754,0.00190,0.00034,0.95022
47.18000,1.02194,0.07174,0.00108,0.00044,0.92674
47.32000,1.02194,0.08262,0.00044,0.00042,0.91652
47.46000,1.02194,0.07005,0.00041,0.00020,0.92934
47.60000,1.02194,0.08955,0.00064,0.00034,0.90947
47.74000,1.02193,0.10015,0.00020,0.00030,0.89935
47.88000,1.02194,0.04907,0.00016,0.00021,0.95055
48.02000,1.02194,0.05817,0.00002,0.00008,0.94173
48.16000,1.02194,0.10475,0.00007,0.00027,0.89491
48.30000,1.02194,0.06695,0.00007,0.00009,0.93289
48.44000,1.02194,0.02848,0.00008,0.00013,0.97132
48.58000,1.02193,0.03583,0.00025,0.00027,0.96365
48.72000,1.02193,0.03239,0.00047,0.00009,0.96705
48.86000,1.02194,0.02936,0.00050,0.00017,0.96997
49.00000,1.02194,0.02936,0.00040,0.00017,0.97007
49.14000,1.02194,0.03445,0.00070,0.00017,0.96467
49.28000,1.02194,0.03698,0.00084,0.00027,0.96191
49.42000,1.02194,0.04522,0.00046,0.00021,0.95410
49.56000,1.02193,0.05588,0.00035,0.00017,0.94361
49.70000,1.02194,0.08190,0.00033,0.00027,0.91750
49.84000,1.02194,0.03498,0.00100,0.00018,0.96385
49.98000,1.02194,0.03664,0.00044,0.00024,0.96269
50.12000,1.02194,0.03598,0.00042,0.00017,0.96343
50.26000,1.02194,0.03350,0.00047,0.00020,0.96583
50.40000,1.02193,0.03419,0.00030,0.00017,0.96534
50.54000,1.02194,0.04937,0.00063,0.00025,0.94974
50.68000,1.02194,0.02737,0.00049,0.00020,0.97194
50.82000,1.02194,0.02553,0.00035,0.00013,0.97399
50.96000,1.02194,0.03735,0.00062,0.00021,0.96182
51.10000,1.02194,0.03069,0.00084,0.00012,0.96835
51.24000,1.02193,0.03138,0.00065,0.00031,0.96766
51.38000,1.02194,0.03079,0.00079,0.00018,0.96824
51.52000,1.02194,0.03365,0.00103,0.00023,0.96509
51.66000,1.02194,0.04583,0.00165,0.00070,0.95182
51.80000,1.02194,0.11222,0.00089,0.00087,0.88602
51.94000,1.02194,0.09461,0.00208,0.00164,0.90167
52.08000,1.02193,0.13577,0.00111,0.02812,0.83500
52.22000,1.02193,0.09861,0.00172,0.00391,0.89576
52.36000,1.02194,0.10788,0.00222,0.01231,0.87760
52.50000,1.02194,0.10246,0.00111,0.02442,0.87200
52.64000,1.02194,0.14053,0.00059,0.01216,0.84671
52.78000,1.02194,0.04433,0.00049,0.00136,0.95382
52.92000,1.02194,0.05073,0.00107,0.00274,0.94546
53.06000,1.02193,0.05097,0.00172,0.00141,0.94590
53.20000,1.02194,0.03807,0.00086,0.00050,0.96058
53.34000,1.02194,0.02824,0.00067,0.00027,0.97083
53.48000,1.02194,0.02897,0.00068,0.00024,0.97011
53.62000,1.02194,0.04612,0.00093,0.00018,0.95277
53.76000,1.02194,0.03058,0.00091,0.00018,0.96833
53.90000,1.02193,0.05468,0.00131,0.00031,0.94370
54.04000,1.02194,0.03237,0.00128,0.00018,0.96617
54.18000,1.02194,0.04501,0.00113,0.00032,0.95355
54.32000,1.02194,0.06117,0.00046,0.00027,0.93810
54.46000,1.02194,0.04708,0.00097,0.00020,0.95175
54.60000,1.02194,0.05386,0.00082,0.00025,0.94507
54.74000,1.02193,0.06482,0.00081,0.00028,0.93409
54.88000,1.02194,0.04865,0.00073,0.00027,0.95035
55.02000,1.02194,0.03641,0.00088,0.00014,0.96257
55.16000,1.02194,0.06179,0.00037,0.00021,0.93763
55.30000,1.02194,0.05047,0.00043,0.00023,0.94887
55.44000,1.02194,0.05991,0.00057,0.00022,0.93930
55.58000,1.02193,0.02604,0.00066,0.00012,0.97318
55.72000,1.02193,0.05452,0.00075,0.00018,0.94455
55.86000,1.02194,0.04773,0.00104,0.00022,0.95101
56.00000,1.02194,0.03313,0.00165,0.00017,0.96505
56.14000,1.02194,0.03694,0.00123,0.00020,0.96164
56.28000,1.02194,0.03024,0.00135,0.00017,0.96823
56.42000,1.02194,0.03389,0.00164,0.00016,0.96431
56.56000,1.02193,0.05820,0.00082,0.00023,0.94075
56.70000,1.02194,0.03372,0.00134,0.00017,0.96477
56.84000,1.02194,0.03274,0.00081,0.00014,0.96631
56.98000,1.02194,0.03397,0.00063,0.00016,0.96525
57.12000,1.02194,0.03346,0.00100,0.00018,0.96536
57.26000,1.02194,0.08449,0.00077,0.00045,0.91428
57.40000,1.02193,0.04195,0.00198,0.00020,0.95586
57.54000,1.02194,0.03397,0.00119,0.00027,0.96457
57.68000,1.02194,0.06892,0.00189,0.00033,0.92886
57.82000,1.02194,0.03557,0.00315,0.00019,0.96109
57.96000,1.02194,0.04693,0.00209,0.00030,0.95068
58.10000,1.02194,0.04083,0.00179,0.00031,0.95707
58.24000,1.02193,0.04805,0.00192,0.00027,0.94976
58.38000,1.02194,0.05282,0.00157,0.00040,0.94521
58.52000,1.02194,0.05999,0.00176,0.00037,0.93788
58.66000,1.02194,0.06535,0.00090,0.00031,0.93344
58.80000,1.02194,0.07157,0.00061,0.00031,0.92751
58.94000,1.02194,0.09774,0.00045,0.00035,0.90145
59.08000,1.02193,0.06159,0.00145,0.00036,0.93660
59.22000,1.02193,0.04815,0.00066,0.00028,0.95091
59.36000,1.02194,0.04434,0.00044,0.00013,0.95509
59.50000,1.02194,0.05499,0.00025,0.00017,0.94460
59.64000,1.02194,0.07093,0.00024,0.00027,0.92856
59.78000,1.02194,0.03387,0.00093,0.00021,0.96499
59.92000,1.02194,0.05527,0.00042,0.00019,0.94412
60.06000,1.02193,0.03893,0.00113,0.00029,0.95965
60.20000,1.02194,0.07807,0.00038,0.00024,0.92131
60.34000,1.02194,0.03486,0.00159,0.00029,0.96326
60.48000,1.02194,0.03538,0.00322,0.00017,0.96123
60.62000,1.02194,0.03617,0.00134,0.00019,0.96230
60.76000,1.02194,0.02997,0.00078,0.00015,0.96910
60.90000,1.02193,0.02710,0.00067,0.00014,0.97209
61.04000,1.02194,0.03101,0.00116,0.00016,0.96768
61.18000,1.02194,0.03222,0.00108,0.00017,0.96653
61.32000,1.02194,0.02797,0.00072,0.00015,0.97115
61.46000,1.02194,0.03826,0.00105,0.00013,0.96056
61.60000,1.02194,0.03654,0.00130,0.00022,0.96195
61.74000,1.02193,0.03805,0.00133,0.00019,0.96043
61.88000,1.02194,0.03015,0.00104,0.00015,0.96866
62.02000,1.02194,0.02705,0.00091,0.00013,0.97191
62.16000,1.02194,0.02532,0.00055,0.00011,0.97402
62.30000,1.02194,0.02733,0.00031,0.00007,0.97229
62.44000,1.02194,0.02058,0.00037,0.00008,0.97897
62.58000,1.02193,0.03097,0.00019,0.00009,0.96875
62.72000,1.02193,0.01654,0.00018,0.00003,0.98325
62.86000,1.02194,0.03009,0.00052,0.00016,0.96923
63.00000,1.02193,0.03325,0.00071,0.00021,0.96582
63.14000,1.02193,0.02964,0.00045,0.00008,0.96983
63.28000,1.02194,0.03057,0.00047,0.00038,0.96858
63.42000,1.02194,0.04810,0.00091,0.00013,0.95085
63.56000,1.02194,0.02143,0.00063,0.00007,0.97787
63.70000,1.02194,0.02170,0.00030,0.00010,0.97790
63.84000,1.02194,0.03192,0.00069,0.00012,0.96728
63.98000,1.02194,0.02929,0.00041,0.00007,0.97022
64.12000,1.02193,0.02938,0.00019,0.00021,0.97022
64.26000,1.02193,0.04222,0.00178,0.00021,0.95579
64.40000,1.02193,0.06084,0.00108,0.00028,0.93779
64.54000,1.02193,0.03536,0.00152,0.00016,0.96296
64.68000,1.02193,0.04139,0.00183,0.00033,0.95645
64.82000,1.02193,0.04177,0.00252,0.00020,0.95551
64.96000,1.02194,0.05605,0.00151,0.00036,0.94208
65.10000,1.02194,0.04825,0.00273,0.00036,0.94866
65.24000,1.02194,0.03893,0.00232,0.00016,0.95859
65.38000,1.02194,0.02469,0.00133,0.00017,0.97381
65.52000,1.02194,0.03503,0.00150,0.00031,0.96315
65.66000,1.02193,0.03610,0.00176,0.00028,0.96187
65.80000,1.02193,0.03141,0.00105,0.00016,0.96738
65.94000,1.02193,0.04517,0.00120,0.00039,0.95324
66.08000,1.02193,0.05536,0.00176,0.00030,0.94258
66.22000,1.02193,0.04363,0.00113,0.00017,0.95507
66.36000,1.02193,0.03837,0.00045,0.00011,0.96107
66.50000,1.02193,0.06176,0.00033,0.00015,0.93777
66.64000,1.02193,0.02774,0.00081,0.00013,0.97132
66.78000,1.02194,0.02892,0.00054,0.00009,0.97044
66.92000,1.02194,0.03124,0.00045,0.00023,0.96808
67.06000,1.02194,0.06730,0.00063,0.00037,0.93169
67.20000,1.02194,0.05716,0.00061,0.00019,0.94203
67.34000,1.02194,0.03314,0.00078,0.00019,0.96589
67.48000,1.02193,0.09603,0.00131,0.00032,0.90235
67.62000,1.02193,0.03886,0.00320,0.00025,0.95770
67.76000,1.02193,0.03143,0.00143,0.00014,0.96701
67.90000,1.02193,0.05865,0.00184,0.00046,0.93905
68.04000,1.02193,0.05211,0.00074,0.00009,0.94706
68.18000,1.02193,0.03640,0.00058,0.00010,0.96292
68.32000,1.02193,0.03916,0.00018,0.00006,0.96061
68.46000,1.02194,0.03775,0.00049,0.00007,0.96169
68.60000,1.02194,0.05156,0.00054,0.00012,0.94777
68.74000,1.02194,0.03582,0.00052,0.00011,0.96354
68.88000,1.02194,0.04577,0.00047,0.00055,0.95322
69.02000,1.02194,0.03193,0.00152,0.00029,0.96626
69.16000,1.02193,0.04643,0.00472,0.00030,0.94856
69.30000,1.02193,0.03340,0.00283,0.00019,0.96357
69.44000,1.02193,0.03833,0.00312,0.00023,0.95832
69.58000,1.02193,0.04144,0.00426,0.00028,0.95403
69.72000,1.02193,0.03165,0.00151,0.00018,0.96666
69.86000,1.02193,0.04279,0.00225,0.00020,0.95476
70.00000,1.02193,0.03034,0.00094,0.00016,0.96856
70.14000,1.02193,0.04217,0.00083,0.00024,0.95675
70.28000,1.02194,0.03432,0.00134,0.00015,0.96419
70.42000,1.02194,0.03557,0.00101,0.00032,0.96310
70.56000,1.02194,0.05010,0.00169,0.00028,0.94793
70.70000,1.02194,0.03721,0.00182,0.00019,0.96078
70.84000,1.02194,0.05424,0.00130,0.00036,0.94410
70.98000,1.02193,0.08012,0.00247,0.00053,0.91689
71.12000,1.02193,0.06646,0.00207,0.00041,0.93106
71.26000,1.02193,0.06040,0.00203,0.00042,0.93716
71.40000,1.02193,0.08873,0.00083,0.00048,0.90996
71.54000,1.02193,0.10367,0.00051,0.00042,0.89540
71.68000,1.02193,0.09880,0.00069,0.00044,0.90007
71.82000,1.02193,0.09667,0.00082,0.00047,0.90205
71.96000,1.02194,0.08964,0.00062,0.00037,0.90936
72.10000,1.02194,0.07894,0.00093,0.00031,0.91982
72.24000,1.02194,0.09206,0.00083,0.00039,0.90672
72.38000,1.02194,0.09647,0.00056,0.00044,0.90253
72.52000,1.02194,0.07298,0.00080,0.00028,0.92594
72.66000,1.02193,0.06578,0.00065,0.00032,0.93325
72.80000,1.02193,0.07037,0.00054,0.00019,0.92889
72.94000,1.02193,0.05682,0.00064,0.00028,0.94226
73.08000,1.02193,0.08533,0.00058,0.00047,0.91362
73.22000,1.02193,0.04658,0.00098,0.00019,0.95226
73.36000,1.02193,0.02580,0.00083,0.00020,0.97318
73.50000,1.02193,0.04327,0.00099,0.00015,0.95560
73.64000,1.02193,0.03355,0.00166,0.00025,0.96454
73.78000,1.02194,0.03318,0.00106,0.00018,0.96558
73.92000,1.02194,0.06128,0.00048,0.00020,0.93803
74.06000,1.02194,0.03570,0.00115,0.00029,0.96286
74.20000,1.02194,0.02885,0.00077,0.00017,0.97021
74.34000,1.02194,0.04356,0.00091,0.00028,0.95525
74.48000,1.02193,0.09490,0.00049,0.00046,0.90415
74.62000,1.02193,0.06088,0.00150,0.00036,0.93726
74.76000,1.02193,0.07590,0.00140,0.00059,0.92211
74.90000,1.02193,0.11854,0.00067,0.00058,0.88020
75.04000,1.02193,0.09373,0.00129,0.00053,0.90445
75.18000,1.02193,0.09343,0.00041,0.00030,0.90586
75.32000,1.02193,0.09718,0.00034,0.00031,0.90217
75.46000,1.02194,0.11528,0.00048,0.00050,0.88374
75.60000,1.02194,0.09297,0.00059,0.00046,0.90598
75.74000,1.02194,0.03802,0.00117,0.00015,0.96066
75.88000,1.02194,0.07741,0.00033,0.00032,0.92194
76.02000,1.02194,0.09386,0.00070,0.00025,0.90519
76.16000,1.02193,0.03254,0.00096,0.00013,0.96636
76.30000,1.02193,0.02957,0.00085,0.00014,0.96944
76.44000,1.02193,0.03260,0.00112,0.00011,0.96617
76.58000,1.02193,0.03182,0.00183,0.00021,0.96614
76.72000,1.02193,0.03108,0.00108,0.00013,0.96771
76.86000,1.02193,0.03362,0.00119,0.00023,0.96495
77.00000,1.02193,0.03303,0.00129,0.00029,0.96540
77.14000,1.02193,0.03922,0.00257,0.00027,0.95793
77.28000,1.02194,0.03434,0.00120,0.00015,0.96430
77.42000,1.02194,0.04198,0.00109,0.00027,0.95666
77.56000,1.02194,0.08305,0.00053,0.00043,0.91599
77.70000,1.02194,0.07585,0.00059,0.00032,0.92325
77.84000,1.02194,0.04760,0.00106,0.00023,0.95111
77.98000,1.02193,0.07349,0.00040,0.00030,0.92581
78.12000,1.02193,0.06240,0.00021,0.00012,0.93727
78.26000,1.02193,0.04637,0.00054,0.00017,0.95293
78.40000,1.02193,0.05120,0.00061,0.00021,0.94797
78.54000,1.02193,0.04716,0.00064,0.00017,0.95203
78.68000,1.02193,0.03955,0.00108,0.00038,0.95900
78.82000,1.02193,0.04149,0.00190,0.00035,0.95625
78.96000,1.02194,0.05553,0.00133,0.00031,0.94283
79.10000,1.02194,0.04942,0.00067,0.00021,0.94970
79.24000,1.02194,0.05373,0.00034,0.00015,0.94579
79.38000,1.02194,0.07756,0.00020,0.00022,0.92201
79.52000,1.02194,0.06473,0.00088,0.00031,0.93409
79.66000,1.02193,0.05325,0.00054,0.00019,0.94601
79.80000,1.02193,0.03484,0.00075,0.00025,0.96415
79.94000,1.02193,0.03258,0.00119,0.00010,0.96614
80.08000,1.02193,0.03775,0.00176,0.00025,0.96024
80.22000,1.02193,0.04119,0.00117,0.00020,0.95744
80.36000,1.02193,0.03376,0.00184,0.00020,0.96420
80.50000,1.02193,0.03798,0.00186,0.00036,0.95980
80.64000,1.02193,0.03461,0.00401,0.00021,0.96117
80.78000,1.02194,0.02533,0.00090,0.00013,0.97363
80.92000,1.02194,0.03546,0.00175,0.00023,0.96256
81.06000,1.02194,0.03704,0.00180,0.00022,0.96094
81.20000,1.02194,0.02553,0.00128,0.00016,0.97303
81.34000,1.02194,0.01856,0.00033,0.00007,0.98104
81.48000,1.02193,0.04518,0.00106,0.00011,0.95365
81.62000,1.02193,0.03091,0.00139,0.00024,0.96746
81.76000,1.02193,0.03236,0.00114,0.00022,0.96627
81.90000,1.02193,0.02622,0.00081,0.00011,0.97286
82.04000,1.02193,0.04099,0.00189,0.00027,0.95685
82.18000,1.02193,0.04708,0.00099,0.00041,0.95151
82.32000,1.02193,0.05893,0.00054,0.00017,0.94036
82.46000,1.02194,0.02584,0.00082,0.00012,0.97323
82.60000,1.02194,0.02961,0.00142,0.00014,0.96882
82.74000,1.02194,0.03296,0.00094,0.00011,0.96598
82.88000,1.02194,0.02510,0.00074,0.00016,0.97400
83.02000,1.02194,0.04389,0.00239,0.00029,0.95343
83.16000,1.02193,0.02428,0.00183,0.00012,0.97377
83.30000,1.02193,0.02796,0.00068,0.00013,0.97123
83.44000,1.02193,0.02138,0.00080,0.00009,0.97773
83.58000,1.02193,0.03637,0.00176,0.00020,0.96167
83.72000,1.02193,0.03899,0.00179,0.00030,0.95892
83.86000,1.02193,0.04349,0.00356,0.00027,0.95269
84.00000,1.02193,0.04735,0.00399,0.00039,0.94827
84.14000,1.02193,0.08351,0.00550,0.00053,0.91045
84.28000,1.02194,0.04809,0.01261,0.00032,0.93897
84.42000,1.02194,0.02966,0.00170,0.00016,0.96848
84.56000,1.02194,0.02700,0.00124,0.00016,0.97159
84.70000,1.02194,0.03002,0.00128,0.00013,0.96857
84.84000,1.02194,0.02424,0.00054,0.00012,0.97510
84.98000,1.02193,0.02829,0.00055,0.00010,0.97107
85.12000,1.02193,0.02668,0.00046,0.00017,0.97269
85.26000,1.02193,0.06997,0.00072,0.00028,0.92903
85.40000,1.02193,0.03028,0.00129,0.00016,0.96827
85.54000,1.02193,0.03890,0.00191,0.00024,0.95895
85.68000,1.02193,0.06409,0.00110,0.00033,0.93447
85.82000,1.02193,0.04953,0.00279,0.00034,0.94734
85.96000,1.02194,0.04252,0.00296,0.00026,0.95426
86.10000,1.02194,0.04026,0.00121,0.00025,0.95828
86.24000,1.02194,0.07389,0.00059,0.00039,0.92513
86.38000,1.02194,0.09268,0.00055,0.00046,0.90631
86.52000,1.02194,0.06122,0.00098,0.00034,0.93747
86.66000,1.02193,0.08286,0.00040,0.00034,0.91640
86.80000,1.02193,0.11752,0.00052,0.00049,0.88147
86.94000,1.02193,0.11906,0.00118,0.00070,0.87906
87.08000,1.02193,0.11341,0.00079,0.00058,0.88521
87.22000,1.02193,0.12520,0.00065,0.00031,0.87384
87.36000,1.02193,0.14146,0.00098,0.00091,0.85665
87.50000,1.02193,0.12052,0.00225,0.00049,0.87674
87.64000,1.02193,0.04282,0.00523,0.00027,0.95168
87.78000,1.02194,0.04016,0.00219,0.00035,0.95731
87.92000,1.02194,0.03701,0.00160,0.00015,0.96123
88.06000,1.02194,0.03099,0.00075,0.00016,0.96811
88.20000,1.02194,0.04310,0.00118,0.00027,0.95545
88.34000,1.02194,0.03793,0.00116,0.00018,0.96073
88.48000,1.02193,0.03183,0.00039,0.00016,0.96762
88.62000,1.02193,0.07747,0.00072,0.00035,0.92146
88.76000,1.02193,0.11435,0.00039,0.00057,0.88468
88.90000,1.02193,0.09326,0.00011,0.00026,0.90637
89.04000,1.02193,0.02684,0.00025,0.00006,0.97285
89.18000,1.02193,0.07211,0.00015,0.00020,0.92754
89.32000,1.02193,0.06743,0.00026,0.00017,0.93214
89.46000,1.02194,0.03237,0.00048,0.00016,0.96699
89.60000,1.02194,0.04906,0.00102,0.00049,0.94943
89.74000,1.02194,0.05636,0.00256,0.00038,0.94071
89.88000,1.02194,0.05205,0.00238,0.00043,0.94514
90.02000,1.02194,0.06306,0.00146,0.00048,0.93499
90.16000,1.02193,0.07202,0.00094,0.00037,0.92668
90.30000,1.02193,0.06608,0.00040,0.00025,0.93327
90.44000,1.02193,0.06199,0.00018,0.00012,0.93771
90.58000,1.02193,0.06551,0.00030,0.00023,0.93396
90.72000,1.02193,0.07356,0.00024,0.00030,0.92590
90.86000,1.02193,0.04805,0.00078,0.00021,0.95096
91.00000,1.02193,0.06050,0.00055,0.00045,0.93849
91.14000,1.02193,0.08452,0.00050,0.00030,0.91468
91.28000,1.02194,0.03383,0.00088,0.00019,0.96510
91.42000,1.02194,0.06921,0.00033,0.00023,0.93023
91.56000,1.02194,0.08541,0.00028,0.00029,0.91402
91.70000,1.02194,0.04540,0.00122,0.00027,0.95310
91.84000,1.02194,0.06589,0.00064,0.00030,0.93317
91.98000,1.02193,0.07187,0.00061,0.00048,0.92704
92.12000,1.02193,0.07309,0.00074,0.00034,0.92584
92.26000,1.02193,0.08977,0.00152,0.00063,0.90809
92.40000,1.02193,0.10929,0.00074,0.00046,0.88952
92.54000,1.02193,0.04676,0.00335,0.00029,0.94960
92.68000,1.02193,0.07349,0.00045,0.00018,0.92588
92.82000,1.02193,0.06972,0.00085,0.00015,0.92928
92.96000,1.02194,0.05483,0.00064,0.00012,0.94441
93.10000,1.02194,0.02282,0.00033,0.00006,0.97678
93.24000,1.02194,0.02945,0.00028,0.00016,0.97011
93.38000,1.02194,0.04318,0.00049,0.00020,0.95612
93.52000,1.02194,0.04304,0.00055,0.00015,0.95627
93.66000,1.02193,0.05461,0.00043,0.00050,0.94446
93.80000,1.02193,0.09151,0.00164,0.00066,0.90619
93.94000,1.02193,0.11529,0.00072,0.00063,0.88336
94.08000,1.02193,0.11037,0.00044,0.00037,0.88882
94.22000,1.02193,0.11982,0.00053,0.00045,0.87920
94.36000,1.02193,0.12177,0.00035,0.00041,0.87747
94.50000,1.02193,0.07479,0.00429,0.00057,0.92035
94.64000,1.02193,0.06922,0.00435,0.00047,0.92596
94.78000,1.02194,0.06569,0.00183,0.00055,0.93194
94.92000,1.02194,0.08577,0.00037,0.00030,0.91356
95.06000,1.02194,0.07962,0.00022,0.00020,0.91996
95.20000,1.02194,0.06677,0.00023,0.00015,0.93285
95.34000,1.02194,0.08157,0.00020,0.00022,0.91802
95.48000,1.02193,0.03230,0.00118,0.00013,0.96640
95.62000,1.02193,0.03230,0.00079,0.00010,0.96681
95.76000,1.02193,0.02209,0.00055,0.00013,0.97723
95.90000,1.02193,0.04556,0.00090,0.00024,0.95329
96.04000,1.02193,0.03304,0.00168,0.00017,0.96512
96.18000,1.02193,0.03758,0.00190,0.00021,0.96030
96.32000,1.02193,0.02789,0.00078,0.00021,0.97113
96.46000,1.02194,0.02902,0.00081,0.00018,0.96999
96.60000,1.02194,0.04337,0.00192,0.00033,0.95438
96.74000,1.02194,0.04068,0.00217,0.00028,0.95687
96.88000,1.02194,0.02983,0.00044,0.00014,0.96959
97.02000,1.02194,0.05958,0.00044,0.00024,0.93974
97.16000,1.02193,0.04541,0.00022,0.00008,0.95430
97.30000,1.02193,0.05700,0.00011,0.00015,0.94274
97.44000,1.02193,0.06916,0.00025,0.00020,0.93040
97.58000,1.02193,0.03410,0.00074,0.00016,0.96500
97.72000,1.02193,0.04085,0.00113,0.00034,0.95768
97.86000,1.02193,0.03697,0.00262,0.00027,0.96014
98.00000,1.02193,0.02996,0.00134,0.00013,0.96857
98.14000,1.02193,0.03832,0.00075,0.00018,0.96075
98.28000,1.02194,0.03017,0.00086,0.00017,0.96881
98.42000,1.02194,0.03008,0.00073,0.00011,0.96908
98.56000,1.02194,0.03183,0.00050,0.00017,0.96749
98.70000,1.02194,0.05440,0.00046,0.00018,0.94496
98.84000,1.02194,0.06245,0.00062,0.00031,0.93662
98.98000,1.02193,0.04394,0.00208,0.00037,0.95361
99.12000,1.02193,0.04593,0.00142,0.00021,0.95244
99.26000,1.02193,0.04210,0.00088,0.00031,0.95671
99.40000,1.02193,0.09324,0.00047,0.00036,0.90592
99.54000,1.02193,0.11715,0.00033,0.00083,0.88170
99.68000,1.02193,0.09579,0.00016,0.00068,0.90337
99.82000,1.02193,0.04675,0.00015,0.00028,0.95282
99.96000,1.02194,0.05619,0.00049,0.00064,0.94268
100.10000,1.02194,0.08498,0.00017,0.00051,0.91433
100.24000,1.02194,0.03896,0.00038,0.00038,0.96027
100.38000,1.02194,0.04659,0.00100,0.00059,0.95181
100.52000,1.02194,0.10023,0.00108,0.00055,0.89814
100.66000,1.02193,0.03766,0.00101,0.00016,0.96117
100.80000,1.02193,0.05267,0.00165,0.00040,0.94528
100.94000,1.02193,0.11513,0.00039,0.00048,0.88400
101.08000,1.02193,0.06989,0.00193,0.00033,0.92785
101.22000,1.02193,0.10121,0.00145,0.00049,0.89685
101.36000,1.02193,0.08740,0.00142,0.00042,0.91076
101.50000,1.02193,0.07154,0.00113,0.00029,0.92705
101.64000,1.02193,0.05682,0.00068,0.00025,0.94226
101.78000,1.02194,0.04460,0.00073,0.00016,0.95451
101.92000,1.02194,0.06652,0.00046,0.00026,0.93275
102.06000,1.02194,0.02978,0.00073,0.00018,0.96932
102.20000,1.02194,0.04371,0.00031,0.00014,0.95585
102.34000,1.02194,0.02862,0.00056,0.00016,0.97066
102.48000,1.02193,0.06975,0.00049,0.00024,0.92951
102.62000,1.02193,0.04436,0.00089,0.00028,0.95447
102.76000,1.02193,0.04425,0.00170,0.00027,0.95377
102.90000,1.02193,0.09205,0.00089,0.00044,0.90662
103.04000,1.02193,0.15096,0.00053,0.00060,0.84790
103.18000,1.02193,0.11299,0.00120,0.00065,0.88516
103.32000,1.02193,0.09518,0.00183,0.00070,0.90228
103.46000,1.02194,0.10229,0.00141,0.00048,0.89582
103.60000,1.02194,0.12280,0.00111,0.00078,0.87531
103.74000,1.02194,0.13542,0.00097,0.00069,0.86292
103.88000,1.02194,0.08508,0.00481,0.00067,0.90943
104.02000,1.02194,0.10337,0.00153,0.00069,0.89440
104.16000,1.02193,0.10834,0.00128,0.00049,0.88989
104.30000,1.02193,0.05679,0.00357,0.00047,0.93918
104.44000,1.02193,0.08841,0.00076,0.00039,0.91044
104.58000,1.02193,0.09792,0.00098,0.00052,0.90058
104.72000,1.02193,0.11136,0.00131,0.00055,0.88678
104.86000,1.02193,0.08470,0.00140,0.00052,0.91339
105.00000,1.02193,0.09319,0.00121,0.00041,0.90520
105.14000,1.02193,0.07087,0.00149,0.00045,0.92719
105.28000,1.02194,0.10749,0.00100,0.00054,0.89097
105.42000,1.02194,0.05875,0.00195,0.00032,0.93897
105.56000,1.02194,0.05295,0.00202,0.00034,0.94469
105.70000,1.02194,0.07932,0.00116,0.00045,0.91907
105.84000,1.02194,0.05403,0.00253,0.00045,0.94299
105.98000,1.02193,0.06961,0.00103,0.00034,0.92903
106.12000,1.02193,0.06565,0.00077,0.00028,0.93330
106.26000,1.02193,0.09388,0.00045,0.00042,0.90526
106.40000,1.02193,0.10183,0.00039,0.00040,0.89738
106.54000,1.02193,0.06453,0.00122,0.00034,0.93391
106.68000,1.02193,0.10279,0.00065,0.00057,0.89599
106.82000,1.02193,0.10335,0.00085,0.00055,0.89525
106.96000,1.02194,0.05723,0.00214,0.00043,0.94021
107.10000,1.02194,0.09274,0.00061,0.00032,0.90633
107.24000,1.02194,0.09542,0.00059,0.00039,0.90361
107.38000,1.02194,0.10223,0.00061,0.00051,0.89665
107.52000,1.02194,0.07413,0.00132,0.00046,0.92409
107.66000,1.02193,0.07712,0.00137,0.00052,0.92099
107.80000,1.02193,0.08394,0.00046,0.00035,0.91526
107.94000,1.02193,0.07684,0.00023,0.00016,0.92277
108.08000,1.02193,0.09920,0.00018,0.00027,0.90035
108.22000,1.02193,0.09684,0.00055,0.00042,0.90220
108.36000,1.02193,0.05730,0.00117,0.00031,0.94122
108.50000,1.02193,0.07542,0.00162,0.00058,0.92238
108.64000,1.02193,0.12119,0.00071,0.00062,0.87748
108.78000,1.02194,0.09622,0.00109,0.00054,0.90214
108.92000,1.02194,0.11509,0.00109,0.00052,0.88330
109.06000,1.02194,0.13178,0.00094,0.00063,0.86664
109.20000,1.02194,0.11992,0.00126,0.00061,0.87822
109.34000,1.02194,0.08989,0.00053,0.00041,0.90916
109.48000,1.02193,0.08159,0.00026,0.00018,0.91798
109.62000,1.02193,0.08381,0.00033,0.00021,0.91566
109.76000,1.02193,0.10339,0.00052,0.00048,0.89560
109.90000,1.02193,0.05983,0.00118,0.00021,0.93877
110.04000,1.02193,0.03610,0.00172,0.00027,0.96191
110.18000,1.02193,0.08258,0.00131,0.00040,0.91571
110.32000,1.02193,0.08430,0.00255,0.00035,0.91280
110.46000,1.02194,0.03875,0.00326,0.00041,0.95758
110.60000,1.02194,0.04356,0.00371,0.00024,0.95250
110.74000,1.02194,0.05591,0.00715,0.00066,0.93629
110.88000,1.02194,0.04940,0.00857,0.00052,0.94152
111.02000,1.02194,0.04722,0.00823,0.00035,0.94420
111.16000,1.02193,0.03516,0.00236,0.00029,0.96219
111.30000,1.02193,0.06560,0.01044,0.00048,0.92348
111.44000,1.02193,0.03806,0.00592,0.00021,0.95581
111.58000,1.02193,0.03948,0.00376,0.00030,0.95646
111.72000,1.02193,0.03597,0.00271,0.00030,0.96102
111.86000,1.02193,0.03866,0.00443,0.00022,0.95670
112.00000,1.02193,0.03871,0.00316,0.00035,0.95778
112.14000,1.02193,0.06359,0.00399,0.00023,0.93219
112.28000,1.02194,0.03746,0.00431,0.00027,0.95796
112.42000,1.02194,0.03924,0.00500,0.00025,0.95551
112.56000,1.02194,0.04196,0.00347,0.00025,0.95431
112.70000,1.02194,0.05220,0.00476,0.00024,0.94280
112.84000,1.02194,0.04047,0.00371,0.00037,0.95544
112.98000,1.02193,0.03833,0.00512,0.00022,0.95633
113.12000,1.02193,0.04282,0.00346,0.00027,0.95345
113.26000,1.02193,0.02758,0.00128,0.00007,0.97107
113.40000,1.02193,0.03511,0.00149,0.00012,0.96328
113.54000,1.02193,0.04562,0.00108,0.00018,0.95312
113.68000,1.02193,0.03203,0.00083,0.00024,0.96690
113.82000,1.02193,0.04273,0.00151,0.00036,0.95541
113.96000,1.02194,0.03608,0.00114,0.00027,0.96251
114.10000,1.02194,0.05446,0.00100,0.00024,0.94430
114.24000,1.02194,0.04179,0.00134,0.00027,0.95659
114.38000,1.02194,0.11758,0.00049,0.00051,0.88143
114.52000,1.02194,0.06110,0.00120,0.00029,0.93741
114.66000,1.02193,0.05304,0.00176,0.00035,0.94485
114.80000,1.02193,0.09520,0.00045,0.00036,0.90399
114.94000,1.02193,0.12226,0.00028,0.00046,0.87701
115.08000,1.02193,0.10268,0.00037,0.00038,0.89657
115.22000,1.02193,0.09412,0.00031,0.00033,0.90524
115.36000,1.02193,0.10876,0.00032,0.00041,0.89050
115.50000,1.02193,0.09640,0.00110,0.00058,0.90191
115.64000,1.02193,0.08596,0.00138,0.00052,0.91215
115.78000,1.02194,0.09641,0.00075,0.00048,0.90237
115.92000,1.02194,0.08866,0.00049,0.00033,0.91052
116.06000,1.02194,0.10783,0.00043,0.00036,0.89137
116.20000,1.02194,0.10240,0.00071,0.00049,0.89640
116.34000,1.02194,0.08580,0.00107,0.00038,0.91275
116.48000,1.02193,0.07459,0.00050,0.00025,0.92466
116.62000,1.02193,0.06240,0.00085,0.00025,0.93650
116.76000,1.02193,0.07107,0.00072,0.00021,0.92800
116.90000,1.02193,0.03461,0.00211,0.00019,0.96310
117.04000,1.02193,0.04715,0.00138,0.00020,0.95128
117.18000,1.02193,0.04244,0.00108,0.00027,0.95621
117.32000,1.02193,0.03492,0.00190,0.00016,0.96302
117.46000,1.02194,0.04008,0.00128,0.00019,0.95845
117.60000,1.02194,0.09652,0.00051,0.00032,0.90264
117.74000,1.02194,0.05658,0.00144,0.00019,0.94179
117.88000,1.02194,0.03929,0.00195,0.00035,0.95841
118.02000,1.02194,0.04277,0.00256,0.00036,0.95431
118.16000,1.02193,0.05699,0.00302,0.00044,0.93955
118.30000,1.02193,0.06546,0.00166,0.00040,0.93248
118.44000,1.02193,0.05934,0.00175,0.00040,0.93851
118.58000,1.02193,0.07729,0.00103,0.00036,0.92132
118.72000,1.02193,0.05986,0.00182,0.00035,0.93797
118.86000,1.02193,0.07307,0.00138,0.00056,0.92499
119.00000,1.02193,0.07146,0.00144,0.00038,0.92673
119.14000,1.02193,0.04661,0.00301,0.00032,0.95006
119.28000,1.02194,0.09103,0.00222,0.00054,0.90620
119.42000,1.02194,0.10261,0.00140,0.00057,0.89541
119.56000,1.02194,0.06860,0.00150,0.00027,0.92963
119.70000,1.02194,0.06820,0.00120,0.00046,0.93014
119.84000,1.02194,0.09137,0.00095,0.00041,0.90727
119.98000,1.02193,0.05195,0.00235,0.00035,0.94535
120.12000,1.02193,0.06594,0.00195,0.00057,0.93154
120.26000,1.02193,0.08779,0.00213,0.00058,0.90950
120.40000,1.02193,0.06452,0.00352,0.00058,0.93137
120.54000,1.02193,0.11155,0.00109,0.00066,0.88670
120.68000,1.02193,0.11354,0.00117,0.00062,0.88467
120.82000,1.02193,0.13852,0.00053,0.00057,0.86038
120.96000,1.02194,0.12528,0.00049,0.00046,0.87377
121.10000,1.02194,0.09223,0.00038,0.00036,0.90704
121.24000,1.02194,0.08126,0.00013,0.00014,0.91846
121.38000,1.02194,0.08642,0.00020,0.00022,0.91316
121.52000,1.02194,0.10767,0.00029,0.00046,0.89158
121.66000,1.02193,0.05478,0.00073,0.00024,0.94426
121.80000,1.02193,0.05377,0.00127,0.00060,0.94436
121.94000,1.02193,0.12532,0.00054,0.00064,0.87350
122.08000,1.02193,0.07938,0.00256,0.00050,0.91756
122.22000,1.02193,0.10264,0.00049,0.00052,0.89635
122.36000,1.02193,0.10492,0.00029,0.00032,0.89447
122.50000,1.02193,0.07631,0.00067,0.00034,0.92268
122.64000,1.02193,0.12280,0.00046,0.00067,0.87607
122.78000,1.02194,0.06471,0.00129,0.00032,0.93368
122.92000,1.02194,0.05640,0.00196,0.00054,0.94111
123.06000,1.02194,0.13010,0.00063,0.00060,0.86867
123.20000,1.02194,0.09571,0.00234,0.00062,0.90132
123.34000,1.02194,0.10187,0.00097,0.00051,0.89665
123.48000,1.02193,0.07250,0.00078,0.00027,0.92646
123.62000,1.02193,0.11122,0.00033,0.00043,0.88802
123.76000,1.02193,0.12243,0.00071,0.00061,0.87626
123.90000,1.02193,0.07566,0.00147,0.00045,0.92242
124.04000,1.02193,0.11010,0.00038,0.00047,0.88905
124.18000,1.02193,0.13717,0.00086,0.00063,0.86133
124.32000,1.02193,0.14404,0.00071,0.00067,0.85458
124.46000,1.02194,0.13763,0.00072,0.00063,0.86102
124.60000,1.02194,0.13027,0.00039,0.00055,0.86880
124.74000,1.02194,0.13411,0.00049,0.00048,0.86492
124.88000,1.02194,0.13660,0.00051,0.00055,0.86233
125.02000,1.02194,0.12077,0.00063,0.00054,0.87806
125.16000,1.02193,0.09355,0.00060,0.00027,0.90558
125.30000,1.02193,0.10815,0.00049,0.00036,0.89100
125.44000,1.02193,0.13823,0.00058,0.00058,0.86062
125.58000,1.02193,0.08352,0.00086,0.00039,0.91523
125.72000,1.02193,0.07128,0.00072,0.00036,0.92764
125.86000,1.02193,0.08273,0.00034,0.00019,0.91674
126.00000,1.02193,0.14203,0.00013,0.00034,0.85750
126.14000,1.02193,0.17762,0.00054,0.00063,0.82121
126.28000,1.02194,0.06665,0.00416,0.00064,0.92855
126.42000,1.02194,0.04920,0.00198,0.00025,0.94856
126.56000,1.02194,0.07507,0.00094,0.00030,0.92369
126.70000,1.02194,0.12684,0.00071,0.00045,0.87199
126.84000,1.02194,0.04299,0.00289,0.00020,0.95393
126.98000,1.02193,0.03025,0.00076,0.00019,0.96880
127.12000,1.02193,0.05247,0.00111,0.00026,0.94616
127.26000,1.02193,0.05207,0.00090,0.00023,0.94680
127.40000,1.02193,0.02946,0.00091,0.00013,0.96949
127.54000,1.02193,0.06598,0.00053,0.00027,0.93323
127.68000,1.02193,0.07861,0.00068,0.00040,0.92032
127.82000,1.02193,0.03686,0.00092,0.00013,0.96210
127.96000,1.02193,0.03705,0.00096,0.00029,0.96170
128.10001,1.02193,0.08223,0.00182,0.00041,0.91554
128.24001,1.02193,0.04253,0.00195,0.00021,0.95531
128.38000,1.02193,0.03273,0.00098,0.00020,0.96609
128.52000,1.02193,0.07698,0.00113,0.00036,0.92152
128.66000,1.02193,0.06985,0.00191,0.00043,0.92781
128.80000,1.02193,0.05862,0.00227,0.00041,0.93870
128.94000,1.02194,0.08464,0.00107,0.00049,0.91380
129.08000,1.02194,0.08146,0.00097,0.00041,0.91716
129.22000,1.02194,0.10603,0.00050,0.00041,0.89306
129.36000,1.02194,0.12336,0.00053,0.00053,0.87558
129.50000,1.02194,0.08956,0.00116,0.00048,0.90880
129.64000,1.02194,0.08978,0.00143,0.00060,0.90819
129.78000,1.02194,0.12189,0.00063,0.00065,0.87684
129.92000,1.02194,0.06927,0.00069,0.00028,0.92976
130.06000,1.02194,0.07672,0.00025,0.00014,0.92288
130.20000,1.02194,0.09599,0.00026,0.00026,0.90349
130.34000,1.02194,0.10221,0.00038,0.00041,0.89700
130.48000,1.02194,0.05696,0.00125,0.00025,0.94153
130.62000,1.02194,0.06373,0.00171,0.00049,0.93407
130.75999,1.02194,0.10572,0.00125,0.00062,0.89241
130.89999,1.02194,0.12163,0.00067,0.00057,0.87712
131.03999,1.02194,0.14320,0.00051,0.00062,0.85567
131.17999,1.02194,0.16378,0.00043,0.00066,0.83513
131.32001,1.02193,0.17824,0.00070,0.00085,0.82021
131.46001,1.02193,0.18798,0.00078,0.00088,0.81035
131.60001,1.02193,0.19946,0.00057,0.00092,0.79904
131.74001,1.02193,0.20900,0.00046,0.00077,0.78976
131.88000,1.02193,0.22489,0.00067,0.00093,0.77351
132.02000,1.02193,0.22508,0.00063,0.00117,0.77312
132.16000,1.02193,0.20481,0.00126,0.00122,0.79271
132.30000,1.02193,0.25955,0.00058,0.00099,0.73887
132.44000,1.02194,0.17906,0.00088,0.00099,0.81907
132.58000,1.02194,0.21130,0.00039,0.00097,0.78733
132.72000,1.02194,0.21350,0.00229,0.00103,0.78318
132.86000,1.02194,0.19731,0.00093,0.00140,0.80036
133.00000,1.02194,0.20306,0.00066,0.00060,0.79568
133.14000,1.02194,0.12712,0.00554,0.00067,0.86667
133.28000,1.02194,0.17569,0.00058,0.00059,0.82314
133.42000,1.02194,0.07371,0.00440,0.00043,0.92145
133.56000,1.02194,0.04827,0.00354,0.00031,0.94788
133.70000,1.02194,0.05055,0.00172,0.00040,0.94733
133.84000,1.02194,0.05819,0.00253,0.00035,0.93893
133.98000,1.02194,0.04838,0.00190,0.00040,0.94932
134.12000,1.02194,0.08758,0.00232,0.00067,0.90943
134.25999,1.02194,0.10589,0.00099,0.00044,0.89268
134.39999,1.02194,0.08171,0.00073,0.00038,0.91719
134.53999,1.02194,0.07226,0.00059,0.00017,0.92697
134.67999,1.02194,0.07640,0.00035,0.00021,0.92303
134.82001,1.02193,0.11219,0.00045,0.00052,0.88684
134.96001,1.02193,0.05823,0.00126,0.00025,0.94025
135.10001,1.02193,0.04611,0.00236,0.00039,0.95114
135.24001,1.02193,0.09999,0.00196,0.00058,0.89748
135.38000,1.02193,0.06522,0.00415,0.00038,0.93025
135.52000,1.02193,0.05890,0.00193,0.00036,0.93881
135.66000,1.02193,0.04269,0.00210,0.00023,0.95497
135.80000,1.02193,0.06203,0.00047,0.00019,0.93732
135.94000,1.02194,0.03323,0.00049,0.00016,0.96611
136.08000,1.02194,0.04535,0.00046,0.00015,0.95405
136.22000,1.02194,0.03862,0.00081,0.00030,0.96027
136.36000,1.02194,0.08584,0.00088,0.00062,0.91265
136.50000,1.02194,0.09621,0.00062,0.00049,0.90268
136.64000,1.02194,0.07606,0.00142,0.00043,0.92209
136.78000,1.02194,0.11431,0.00083,0.00061,0.88425
136.92000,1.02194,0.11143,0.00077,0.00049,0.88731
137.06000,1.02194,0.07277,0.00174,0.00055,0.92494
137.20000,1.02194,0.09817,0.00091,0.00044,0.90048
137.34000,1.02194,0.12732,0.00080,0.00064,0.87125
137.48000,1.02194,0.13897,0.00128,0.00087,0.85887
137.62000,1.02194,0.12123,0.00066,0.00062,0.87748
137.75999,1.02194,0.11098,0.00133,0.00059,0.88710
137.89999,1.02194,0.15669,0.00104,0.00067,0.84160
138.03999,1.02194,0.14315,0.00106,0.00078,0.85500
138.17999,1.02194,0.09419,0.00083,0.00048,0.90450
138.32001,1.02193,0.08587,0.00060,0.00020,0.91334
138.46001,1.02193,0.09277,0.00073,0.00037,0.90612
138.60001,1.02193,0.07725,0.00045,0.00028,0.92202
138.74001,1.02193,0.03235,0.00139,0.00016,0.96610
138.88000,1.02193,0.04043,0.00204,0.00033,0.95720
139.02000,1.02193,0.04436,0.00187,0.00028,0.95349
139.16000,1.02193,0.06036,0.00108,0.00032,0.93824
139.30000,1.02193,0.07393,0.00160,0.00063,0.92384
139.44000,1.02194,0.08504,0.00420,0.00061,0.91014
139.58000,1.02194,0.09009,0.00439,0.00073,0.90479
139.72000,1.02194,0.10996,0.00961,0.00100,0.87943
139.86000,1.02194,0.20942,0.00273,0.00129,0.78657
140.00000,1.02194,0.16021,0.00143,0.00063,0.83774
140.14000,1.02194,0.11216,0.00105,0.00065,0.88614
140.28000,1.02194,0.09265,0.00034,0.00019,0.90682
140.42000,1.02194,0.06332,0.00100,0.00024,0.93544
140.56000,1.02194,0.08756,0.00104,0.00063,0.91077
140.70000,1.02194,0.07126,0.00041,0.00029,0.92803
140.84000,1.02194,0.06261,0.00090,0.00040,0.93609
140.98000,1.02194,0.09729,0.00195,0.00119,0.89957
141.12000,1.02194,0.19321,0.00341,0.00131,0.80206
141.25999,1.02194,0.15395,0.00505,0.00114,0.83986
141.39999,1.02194,0.14695,0.00072,0.00058,0.85175
141.53999,1.02194,0.15075,0.00061,0.00051,0.84813
141.67999,1.02194,0.13930,0.00071,0.00039,0.85959
141.82001,1.02193,0.13422,0.00068,0.00066,0.86444
141.96001,1.02193,0.13338,0.00097,0.00105,0.86460
142.10001,1.02193,0.14151,0.00021,0.00028,0.85801
142.24001,1.02193,0.11969,0.00080,0.00104,0.87846
142.38000,1.02193,0.10400,0.00146,0.00038,0.89417
142.52000,1.02193,0.05822,0.00372,0.00196,0.93610
142.66000,1.02193,0.04224,0.00223,0.00070,0.95483
142.80000,1.02193,0.05104,0.00764,0.00075,0.94057
142.94000,1.02194,0.04753,0.00246,0.00045,0.94956
143.08000,1.02194,0.05431,0.00180,0.00046,0.94343
143.22000,1.02194,0.05558,0.00154,0.00055,0.94233
143.36000,1.02194,0.09384,0.00170,0.00062,0.90384
143.50000,1.02194,0.04592,0.00201,0.00021,0.95186
143.64000,1.02194,0.08343,0.00016,0.00024,0.91617
143.78000,1.02194,0.10127,0.00046,0.00028,0.89800
143.92000,1.02194,0.06131,0.00219,0.00035,0.93615
144.06000,1.02194,0.04610,0.00290,0.00031,0.95068
144.20000,1.02194,0.04722,0.00202,0.00041,0.95035
144.34000,1.02194,0.06869,0.00338,0.00068,0.92724
144.48000,1.02194,0.11658,0.00231,0.00070,0.88041
144.62000,1.02194,0.08897,0.00236,0.00053,0.90814
144.75999,1.02194,0.10428,0.00285,0.00077,0.89211
144.89999,1.02194,0.14895,0.00159,0.00084,0.84861
145.03999,1.02194,0.08364,0.00537,0.00060,0.91040
145.17999,1.02194,0.08167,0.00366,0.00068,0.91398
145.32001,1.02193,0.12499,0.00302,0.00065,0.87134
145.46001,1.02193,0.04317,0.00492,0.00024,0.95168
145.60001,1.02193,0.05783,0.00114,0.00019,0.94083
145.74001,1.02193,0.07709,0.00085,0.00021,0.92185
145.88000,1.02193,0.04698,0.00129,0.00019,0.95154
146.02000,1.02193,0.03505,0.00150,0.00021,0.96324
146.16000,1.02193,0.03748,0.00178,0.00026,0.96048
146.30000,1.02193,0.06307,0.00251,0.00043,0.93399
146.44000,1.02194,0.04335,0.00391,0.00022,0.95252
146.58000,1.02194,0.03661,0.00159,0.00020,0.96160
146.72000,1.02194,0.06004,0.00072,0.00020,0.93904
146.86000,1.02194,0.06660,0.00102,0.00027,0.93211
147.00000,1.02194,0.04018,0.00128,0.00032,0.95821
147.14000,1.02194,0.05894,0.00230,0.00039,0.93837
147.28000,1.02194,0.04832,0.00113,0.00042,0.95013
147.42000,1.02194,0.06177,0.00179,0.00027,0.93618
147.56000,1.02194,0.09324,0.00080,0.00042,0.90554
147.70000,1.02194,0.21015,0.00059,0.00088,0.78838
147.84000,1.02194,0.11815,0.00345,0.00069,0.87771
