Time (seconds), Duration (seconds),pred_(unlabeled),pred_brushing_teeth,pred_hair_drying,pred_showering
0.00000,1.05394,0.95081,0.00052,0.00535,0.04332
0.10000,1.05394,0.92148,0.00060,0.00684,0.07109
0.20000,1.05394,0.88364,0.00077,0.00884,0.10676
0.30000,1.05394,0.86943,0.00090,0.00899,0.12069
0.40000,1.05394,0.89010,0.00088,0.00886,0.10016
0.50000,1.05394,0.87403,0.00087,0.00899,0.11612
0.60000,1.05394,0.87128,0.00081,0.00926,0.11865
0.70000,1.05394,0.85166,0.00091,0.00983,0.13760
0.80000,1.05394,0.84338,0.00100,0.01016,0.14547
0.90000,1.05394,0.85853,0.00099,0.01013,0.13035
1.00000,1.05394,0.85137,0.00103,0.01058,0.13701
1.10000,1.05394,0.86345,0.00103,0.00956,0.12596
1.20000,1.05394,0.86588,0.00116,0.01010,0.12286
1.30000,1.05394,0.86151,0.00104,0.00990,0.12754
1.40000,1.05394,0.84930,0.00111,0.01100,0.13859
1.50000,1.05394,0.86117,0.00111,0.01005,0.12766
1.60000,1.05394,0.86954,0.00122,0.00982,0.11941
1.70000,1.05394,0.87847,0.00116,0.00914,0.11123
1.80000,1.05394,0.88215,0.00113,0.00990,0.10682
1.90000,1.05394,0.85939,0.00126,0.01153,0.12781
2.00000,1.05394,0.87371,0.00115,0.01032,0.11481
2.10000,1.05394,0.86816,0.00117,0.01046,0.12021
2.20000,1.05394,0.87046,0.00111,0.01029,0.11814
2.30000,1.05394,0.86738,0.00118,0.01076,0.12069
2.40000,1.05394,0.86710,0.00123,0.01077,0.12090
2.50000,1.05394,0.83450,0.00126,0.01216,0.15208
2.60000,1.05394,0.85472,0.00119,0.01150,0.13259
2.70000,1.05394,0.82525,0.00119,0.01288,0.16067
2.80000,1.05394,0.84429,0.00118,0.01128,0.14326
2.90000,1.05394,0.84996,0.00099,0.00997,0.13909
3.00000,1.05394,0.85605,0.00093,0.00947,0.13355
3.10000,1.05394,0.82434,0.00099,0.01084,0.16383
3.20000,1.05394,0.83613,0.00099,0.01077,0.15211
3.30000,1.05394,0.83274,0.00089,0.00970,0.15667
3.40000,1.05394,0.85151,0.00091,0.01035,0.13722
3.50000,1.05394,0.86685,0.00088,0.00954,0.12272
3.60000,1.05394,0.85056,0.00102,0.00991,0.13851
3.70000,1.05394,0.84554,0.00109,0.01013,0.14324
3.80000,1.05394,0.81569,0.00127,0.01145,0.17159
3.90000,1.05394,0.79489,0.00178,0.01291,0.19043
4.00000,1.05394,0.78990,0.00184,0.01193,0.19634
4.10000,1.05394,0.72214,0.00212,0.01323,0.26251
4.20000,1.05394,0.67369,0.00237,0.01342,0.31052
4.30000,1.05394,0.70076,0.00254,0.01292,0.28378
4.40000,1.05394,0.68648,0.00271,0.01317,0.29764
4.50000,1.05394,0.69456,0.00250,0.01320,0.28974
4.60000,1.05394,0.68480,0.00261,0.01426,0.29833
4.70000,1.05394,0.67590,0.00228,0.01239,0.30943
4.80000,1.05394,0.71809,0.00255,0.01320,0.26616
4.90000,1.05394,0.70099,0.00217,0.01369,0.28316
5.00000,1.05394,0.75182,0.00193,0.01285,0.23339
5.10000,1.05394,0.81008,0.00155,0.01242,0.17596
5.20000,1.05394,0.82576,0.00157,0.01161,0.16106
5.30000,1.05394,0.81821,0.00137,0.01128,0.16914
5.40000,1.05394,0.81019,0.00153,0.01242,0.17586
5.50000,1.05394,0.77871,0.00164,0.01400,0.20565
5.60000,1.05394,0.79827,0.00150,0.01200,0.18823
5.70000,1.05394,0.78701,0.00164,0.01110,0.20026
5.80000,1.05394,0.76547,0.00161,0.01117,0.22175
5.90000,1.05394,0.78102,0.00159,0.00929,0.20810
6.00000,1.05394,0.71590,0.00167,0.01055,0.27187
6.10000,1.05394,0.66982,0.00157,0.01115,0.31746
6.20000,1.05394,0.68690,0.00146,0.01095,0.30069
6.30000,1.05394,0.73328,0.00149,0.00996,0.25528
6.40000,1.05394,0.72702,0.00185,0.01125,0.25988
6.50000,1.05394,0.72783,0.00467,0.01628,0.25123
6.60000,1.05394,0.83409,0.00213,0.00976,0.15401
6.70000,1.05394,0.85642,0.00223,0.00908,0.13227
6.80000,1.05394,0.88330,0.00141,0.00817,0.10713
6.90000,1.05394,0.87931,0.00205,0.00969,0.10896
7.00000,1.05394,0.89991,0.00131,0.00874,0.09004
7.10000,1.05394,0.90367,0.00163,0.00800,0.08670
7.20000,1.05394,0.89382,0.00139,0.00999,0.09480
7.30000,1.05394,0.85552,0.00220,0.01119,0.13109
7.40000,1.05394,0.73652,0.00239,0.01716,0.24392
7.50000,1.05394,0.67563,0.00112,0.01237,0.31089
7.60000,1.05394,0.64204,0.00145,0.01559,0.34092
7.70000,1.05394,0.59188,0.00090,0.01320,0.39402
7.80000,1.05394,0.52688,0.00106,0.01405,0.45800
7.90000,1.05394,0.43730,0.00081,0.01212,0.54977
8.00000,1.05394,0.47678,0.00085,0.01120,0.51117
8.10000,1.05394,0.41708,0.00062,0.01119,0.57111
8.20000,1.05394,0.31454,0.00105,0.01217,0.67224
8.30000,1.05394,0.37337,0.00127,0.01411,0.61125
8.40000,1.05394,0.46981,0.00133,0.01300,0.51587
8.50000,1.05394,0.48841,0.00110,0.01300,0.49750
8.60000,1.05394,0.56195,0.00176,0.01483,0.42146
8.70000,1.05394,0.65273,0.00174,0.01332,0.33221
8.80000,1.05394,0.72638,0.00143,0.01187,0.26032
8.90000,1.05394,0.78492,0.00142,0.01199,0.20167
9.00000,1.05394,0.78032,0.00165,0.01166,0.20636
9.10000,1.05394,0.78285,0.00198,0.01393,0.20125
9.20000,1.05394,0.79198,0.00145,0.01101,0.19555
9.30000,1.05394,0.77976,0.00154,0.01152,0.20718
9.40000,1.05394,0.78402,0.00152,0.01067,0.20379
9.50000,1.05394,0.80184,0.00113,0.00978,0.18724
9.60000,1.05394,0.75680,0.00108,0.01037,0.23175
9.70000,1.05394,0.73502,0.00095,0.00993,0.25410
9.80000,1.05394,0.70015,0.00104,0.01064,0.28817
9.90000,1.05394,0.61742,0.00097,0.01048,0.37113
10.00000,1.05394,0.61265,0.00101,0.01152,0.37481
10.10000,1.05394,0.66810,0.00094,0.01110,0.31986
10.20000,1.05394,0.70298,0.00115,0.01131,0.28456
10.30000,1.05394,0.68021,0.00100,0.01162,0.30716
10.40000,1.05394,0.69082,0.00100,0.01220,0.29598
10.50000,1.05394,0.70388,0.00092,0.01029,0.28491
10.60000,1.05394,0.75009,0.00094,0.01100,0.23796
10.70000,1.05394,0.74993,0.00096,0.01094,0.23817
10.80000,1.05394,0.82449,0.00090,0.01019,0.16441
10.90000,1.05394,0.83250,0.00087,0.00985,0.15678
11.00000,1.05394,0.84124,0.00098,0.01038,0.14741
11.10000,1.05394,0.80831,0.00081,0.01065,0.18022
11.20000,1.05394,0.78104,0.00104,0.01270,0.20523
11.30000,1.05394,0.83104,0.00086,0.01122,0.15687
11.40000,1.05394,0.85977,0.00090,0.01170,0.12763
11.50000,1.05394,0.85957,0.00075,0.01050,0.12917
11.60000,1.05394,0.87470,0.00079,0.01052,0.11399
11.70000,1.05394,0.87070,0.00072,0.00994,0.11863
11.80000,1.05394,0.85870,0.00072,0.01106,0.12952
11.90000,1.05394,0.85248,0.00071,0.01170,0.13511
12.00000,1.05394,0.85446,0.00065,0.01174,0.13315
12.10000,1.05394,0.88645,0.00084,0.01119,0.10153
12.20000,1.05394,0.86255,0.00088,0.01225,0.12432
12.30000,1.05394,0.84222,0.00092,0.01105,0.14580
12.40000,1.05394,0.79004,0.00091,0.01172,0.19733
12.50000,1.05394,0.77074,0.00124,0.01284,0.21517
12.60000,1.05394,0.73021,0.00125,0.01277,0.25576
12.70000,1.05394,0.73504,0.00120,0.01286,0.25090
12.80000,1.05394,0.67749,0.00113,0.01230,0.30909
12.90000,1.05394,0.68801,0.00144,0.01257,0.29797
13.00000,1.05394,0.65747,0.00117,0.01237,0.32899
13.10000,1.05394,0.64558,0.00131,0.01299,0.34012
13.20000,1.05394,0.72072,0.00124,0.01086,0.26718
13.30000,1.05394,0.79186,0.00137,0.01119,0.19557
13.40000,1.05394,0.82865,0.00124,0.01007,0.16004
13.50000,1.05394,0.84019,0.00105,0.00957,0.14919
13.60000,1.05394,0.85880,0.00102,0.00843,0.13176
13.70000,1.05394,0.87352,0.00114,0.00853,0.11680
13.80000,1.05394,0.91084,0.00115,0.00729,0.08072
13.90000,1.05394,0.92142,0.00119,0.00709,0.07030
14.00000,1.05394,0.94947,0.00096,0.00538,0.04419
14.10000,1.05394,0.94427,0.00091,0.00555,0.04928
14.20000,1.05394,0.93104,0.00116,0.00677,0.06103
14.30000,1.05394,0.92876,0.00138,0.00756,0.06231
14.40000,1.05394,0.93843,0.00137,0.00698,0.05323
14.50000,1.05394,0.94399,0.00130,0.00642,0.04829
14.60000,1.05394,0.95255,0.00138,0.00613,0.03995
14.70000,1.05394,0.95954,0.00112,0.00544,0.03391
14.80000,1.05394,0.96390,0.00103,0.00503,0.03005
14.90000,1.05394,0.94849,0.00095,0.00610,0.04446
15.00000,1.05394,0.92780,0.00106,0.00692,0.06421
15.10000,1.05394,0.92298,0.00101,0.00661,0.06941
15.20000,1.05394,0.92720,0.00096,0.00605,0.06579
15.30000,1.05394,0.91940,0.00094,0.00620,0.07346
15.40000,1.05394,0.90550,0.00106,0.00663,0.08680
15.50000,1.05394,0.87348,0.00093,0.00767,0.11792
15.60000,1.05394,0.83047,0.00100,0.00873,0.15980
15.70000,1.05394,0.78128,0.00087,0.00977,0.20808
15.80000,1.05394,0.79845,0.00099,0.01056,0.19000
15.90000,1.05394,0.88452,0.00093,0.00860,0.10596
16.00000,1.05394,0.91526,0.00090,0.00725,0.07659
16.10000,1.05394,0.93175,0.00071,0.00594,0.06161
16.20000,1.05394,0.93745,0.00073,0.00647,0.05535
16.30000,1.05394,0.94759,0.00062,0.00594,0.04584
16.40000,1.05394,0.96469,0.00082,0.00556,0.02893
16.50000,1.05394,0.97697,0.00052,0.00398,0.01853
16.60000,1.05394,0.98159,0.00052,0.00343,0.01446
16.70000,1.05394,0.98595,0.00050,0.00282,0.01073
16.80000,1.05394,0.98455,0.00058,0.00315,0.01172
16.90000,1.05394,0.98473,0.00058,0.00296,0.01173
17.00000,1.05394,0.98445,0.00062,0.00298,0.01195
17.10000,1.05394,0.98294,0.00069,0.00309,0.01328
17.20000,1.05394,0.98145,0.00082,0.00315,0.01458
17.30000,1.05394,0.98062,0.00085,0.00311,0.01542
17.40000,1.05394,0.97802,0.00097,0.00322,0.01779
17.50000,1.05394,0.97358,0.00118,0.00346,0.02178
17.60000,1.05394,0.96365,0.00147,0.00365,0.03122
17.70000,1.05394,0.95224,0.00230,0.00430,0.04116
17.80000,1.05394,0.91829,0.00306,0.00519,0.07345
17.90000,1.05394,0.87918,0.00345,0.00569,0.11168
18.00000,1.05394,0.87032,0.00306,0.00545,0.12117
18.10000,1.05394,0.84252,0.00333,0.00675,0.14740
18.20000,1.05394,0.82305,0.00241,0.00692,0.16762
18.30000,1.05394,0.82426,0.00199,0.00709,0.16666
18.40000,1.05394,0.83367,0.00196,0.00794,0.15644
18.50000,1.05394,0.86950,0.00161,0.00697,0.12192
18.60000,1.05394,0.90378,0.00129,0.00689,0.08803
18.70000,1.05394,0.92490,0.00105,0.00725,0.06680
18.80000,1.05394,0.95598,0.00078,0.00581,0.03743
18.90000,1.05394,0.97392,0.00053,0.00403,0.02152
19.00000,1.05394,0.97728,0.00054,0.00418,0.01799
19.10000,1.05394,0.97772,0.00068,0.00416,0.01744
19.20000,1.05394,0.98261,0.00078,0.00347,0.01315
19.30000,1.05394,0.98153,0.00082,0.00343,0.01422
19.40000,1.05394,0.97950,0.00096,0.00358,0.01596
19.50000,1.05394,0.97268,0.00118,0.00385,0.02229
19.60000,1.05394,0.96074,0.00174,0.00500,0.03253
19.70000,1.05394,0.95995,0.00197,0.00418,0.03390
19.80000,1.05394,0.96340,0.00194,0.00384,0.03082
19.90000,1.05394,0.96515,0.00177,0.00337,0.02970
20.00000,1.05394,0.96328,0.00191,0.00363,0.03118
20.10000,1.05394,0.96375,0.00179,0.00355,0.03091
20.20000,1.05394,0.96071,0.00168,0.00388,0.03373
20.30000,1.05394,0.96618,0.00155,0.00388,0.02838
20.40000,1.05394,0.96861,0.00152,0.00391,0.02596
20.50000,1.05394,0.97468,0.00138,0.00426,0.01968
20.60000,1.05394,0.97906,0.00090,0.00395,0.01609
20.70000,1.05394,0.98176,0.00064,0.00341,0.01420
20.80000,1.05394,0.98246,0.00058,0.00325,0.01371
20.90000,1.05394,0.98322,0.00056,0.00323,0.01300
21.00000,1.05394,0.98206,0.00058,0.00342,0.01395
21.10000,1.05394,0.98165,0.00062,0.00370,0.01404
21.20000,1.05394,0.98361,0.00061,0.00324,0.01254
21.30000,1.05394,0.98263,0.00066,0.00350,0.01321
21.40000,1.05394,0.98212,0.00070,0.00352,0.01367
21.50000,1.05394,0.98231,0.00067,0.00340,0.01361
21.60000,1.05394,0.98256,0.00073,0.00335,0.01336
21.70000,1.05394,0.98358,0.00076,0.00327,0.01239
21.80000,1.05394,0.98310,0.00078,0.00320,0.01291
21.90000,1.05394,0.98364,0.00077,0.00322,0.01237
22.00000,1.05394,0.98349,0.00077,0.00307,0.01266
22.10000,1.05394,0.98468,0.00075,0.00295,0.01161
22.20000,1.05394,0.98499,0.00072,0.00292,0.01137
22.30000,1.05394,0.98410,0.00078,0.00310,0.01203
22.40000,1.05394,0.98459,0.00075,0.00293,0.01174
22.50000,1.05394,0.97986,0.00082,0.00338,0.01594
22.60000,1.05394,0.98155,0.00079,0.00344,0.01422
22.70000,1.05394,0.98112,0.00081,0.00342,0.01464
22.80000,1.05394,0.98151,0.00091,0.00365,0.01393
22.90000,1.05394,0.98275,0.00085,0.00332,0.01307
23.00000,1.05394,0.98394,0.00093,0.00338,0.01176
23.10000,1.05394,0.98500,0.00089,0.00306,0.01104
23.20000,1.05394,0.98547,0.00083,0.00307,0.01063
23.30000,1.05394,0.98379,0.00067,0.00321,0.01233
23.40000,1.05394,0.98228,0.00063,0.00337,0.01372
23.50000,1.05394,0.98223,0.00064,0.00324,0.01389
23.60000,1.05394,0.98168,0.00066,0.00318,0.01447
23.70000,1.05394,0.97894,0.00066,0.00350,0.01691
23.80000,1.05394,0.97739,0.00061,0.00362,0.01838
23.90000,1.05394,0.97852,0.00057,0.00326,0.01765
24.00000,1.05394,0.97631,0.00062,0.00357,0.01950
24.10000,1.05394,0.97208,0.00068,0.00379,0.02345
24.20000,1.05394,0.96926,0.00093,0.00440,0.02540
24.30000,1.05394,0.97568,0.00095,0.00355,0.01982
24.40000,1.05394,0.97266,0.00131,0.00387,0.02216
24.50000,1.05394,0.97410,0.00127,0.00354,0.02109
24.60000,1.05394,0.97015,0.00147,0.00386,0.02452
24.70000,1.05394,0.96932,0.00148,0.00370,0.02549
24.80000,1.05394,0.96118,0.00189,0.00430,0.03263
24.90000,1.05394,0.95155,0.00214,0.00485,0.04146
25.00000,1.05394,0.94225,0.00252,0.00519,0.05004
25.10000,1.05394,0.94673,0.00224,0.00484,0.04619
25.20000,1.05394,0.94744,0.00200,0.00497,0.04559
25.30000,1.05394,0.95022,0.00171,0.00484,0.04324
25.40000,1.05394,0.95149,0.00166,0.00521,0.04164
25.50000,1.05394,0.95201,0.00151,0.00480,0.04169
25.60000,1.05394,0.95463,0.00162,0.00478,0.03897
25.70000,1.05394,0.95403,0.00178,0.00463,0.03956
25.80000,1.05394,0.96661,0.00153,0.00433,0.02753
25.90000,1.05394,0.96964,0.00128,0.00412,0.02497
26.00000,1.05394,0.97080,0.00119,0.00419,0.02382
26.10000,1.05394,0.97032,0.00113,0.00403,0.02451
26.20000,1.05394,0.97258,0.00115,0.00406,0.02221
26.30000,1.05394,0.97424,0.00115,0.00374,0.02087
26.40000,1.05394,0.97747,0.00098,0.00374,0.01781
26.50000,1.05394,0.97962,0.00086,0.00334,0.01618
26.60000,1.05394,0.98066,0.00080,0.00357,0.01497
26.70000,1.05394,0.98183,0.00062,0.00336,0.01419
26.80000,1.05394,0.98036,0.00067,0.00370,0.01527
26.90000,1.05394,0.98106,0.00063,0.00343,0.01488
27.00000,1.05394,0.98303,0.00068,0.00324,0.01305
27.10000,1.05394,0.98392,0.00064,0.00296,0.01248
27.20000,1.05394,0.98382,0.00067,0.00302,0.01248
27.30000,1.05394,0.98325,0.00071,0.00311,0.01293
27.40000,1.05394,0.98445,0.00074,0.00304,0.01177
27.50000,1.05394,0.98476,0.00075,0.00299,0.01150
27.60000,1.05394,0.98436,0.00077,0.00311,0.01176
27.70000,1.05394,0.98498,0.00082,0.00311,0.01109
27.80000,1.05394,0.98609,0.00086,0.00312,0.00992
27.90000,1.05394,0.98680,0.00080,0.00301,0.00939
28.00000,1.05394,0.98763,0.00072,0.00285,0.00881
28.10000,1.05394,0.98625,0.00066,0.00294,0.01016
28.20000,1.05394,0.98240,0.00063,0.00344,0.01353
28.30000,1.05394,0.98268,0.00061,0.00336,0.01335
28.40000,1.05394,0.98062,0.00062,0.00352,0.01525
28.50000,1.05394,0.98057,0.00056,0.00340,0.01547
28.60000,1.05394,0.98009,0.00056,0.00344,0.01591
28.70000,1.05394,0.97872,0.00060,0.00368,0.01701
28.80000,1.05394,0.97287,0.00070,0.00429,0.02213
28.90000,1.05394,0.96985,0.00073,0.00426,0.02516
29.00000,1.05394,0.96354,0.00086,0.00479,0.03081
29.10000,1.05394,0.97170,0.00089,0.00356,0.02384
29.20000,1.05394,0.97202,0.00094,0.00344,0.02360
29.30000,1.05394,0.96873,0.00101,0.00377,0.02650
29.40000,1.05394,0.96592,0.00103,0.00375,0.02930
29.50000,1.05394,0.95579,0.00114,0.00396,0.03911
29.60000,1.05394,0.92856,0.00163,0.00504,0.06477
29.70000,1.05394,0.88334,0.00234,0.00604,0.10828
29.80000,1.05394,0.84709,0.00270,0.00751,0.14270
29.90000,1.05394,0.85182,0.00194,0.00621,0.14003
30.00000,1.05394,0.84470,0.00196,0.00704,0.14630
30.10000,1.05394,0.84167,0.00176,0.00579,0.15078
30.20000,1.05394,0.86536,0.00146,0.00503,0.12815
30.30000,1.05394,0.86484,0.00171,0.00562,0.12783
30.40000,1.05394,0.88941,0.00159,0.00545,0.10355
30.50000,1.05394,0.90952,0.00147,0.00506,0.08396
30.60000,1.05394,0.93709,0.00122,0.00481,0.05688
30.70000,1.05394,0.96414,0.00085,0.00385,0.03116
30.80000,1.05394,0.97211,0.00084,0.00386,0.02320
30.90000,1.05394,0.97626,0.00088,0.00361,0.01925
31.00000,1.05394,0.98000,0.00082,0.00361,0.01556
31.10000,1.05394,0.98394,0.00065,0.00294,0.01247
31.20000,1.05394,0.98374,0.00064,0.00309,0.01252
31.30000,1.05394,0.98500,0.00060,0.00293,0.01147
31.40000,1.05394,0.98623,0.00053,0.00275,0.01049
31.50000,1.05394,0.98427,0.00052,0.00297,0.01223
31.60000,1.05394,0.98378,0.00053,0.00307,0.01261
31.70000,1.05394,0.98085,0.00054,0.00327,0.01534
31.80000,1.05394,0.97941,0.00055,0.00361,0.01644
31.90000,1.05394,0.97726,0.00052,0.00368,0.01854
32.00000,1.05394,0.97658,0.00062,0.00406,0.01875
32.10000,1.05394,0.97879,0.00054,0.00356,0.01711
32.20000,1.05394,0.97813,0.00057,0.00384,0.01746
32.30000,1.05394,0.97942,0.00051,0.00365,0.01643
32.40000,1.05394,0.98028,0.00062,0.00363,0.01548
32.50000,1.05394,0.98138,0.00066,0.00357,0.01439
32.60000,1.05394,0.98182,0.00072,0.00361,0.01385
32.70000,1.05394,0.98724,0.00061,0.00283,0.00932
32.80000,1.05394,0.98906,0.00058,0.00244,0.00791
32.90000,1.05394,0.98929,0.00062,0.00254,0.00755
33.00000,1.05394,0.98886,0.00062,0.00255,0.00798
33.10000,1.05394,0.98882,0.00066,0.00263,0.00789
33.20000,1.05394,0.98804,0.00068,0.00260,0.00868
33.30000,1.05394,0.98772,0.00070,0.00270,0.00888
33.40000,1.05394,0.98767,0.00063,0.00265,0.00905
33.50000,1.05394,0.98796,0.00061,0.00271,0.00872
33.60000,1.05394,0.98723,0.00058,0.00275,0.00944
33.70000,1.05394,0.98689,0.00051,0.00278,0.00981
33.80000,1.05394,0.98592,0.00055,0.00289,0.01064
33.90000,1.05394,0.98469,0.00063,0.00323,0.01146
34.00000,1.05394,0.98550,0.00064,0.00309,0.01078
34.10000,1.05394,0.98460,0.00064,0.00318,0.01158
34.20000,1.05394,0.98550,0.00060,0.00312,0.01079
34.30000,1.05394,0.98605,0.00060,0.00297,0.01039
34.40000,1.05394,0.98644,0.00063,0.00290,0.01003
34.50000,1.05394,0.98607,0.00070,0.00301,0.01021
34.60000,1.05394,0.98654,0.00074,0.00289,0.00984
34.70000,1.05394,0.98686,0.00077,0.00291,0.00946
34.80000,1.05394,0.98804,0.00068,0.00261,0.00868
34.90000,1.05394,0.98789,0.00071,0.00269,0.00871
35.00000,1.05394,0.98834,0.00063,0.00257,0.00846
35.10000,1.05394,0.98887,0.00063,0.00262,0.00788
35.20000,1.05394,0.98844,0.00061,0.00271,0.00824
35.30000,1.05394,0.98945,0.00057,0.00252,0.00747
35.40000,1.05394,0.98949,0.00055,0.00258,0.00738
35.50000,1.05394,0.98984,0.00048,0.00242,0.00726
35.60000,1.05394,0.98915,0.00047,0.00256,0.00781
35.70000,1.05394,0.98907,0.00043,0.00250,0.00800
35.80000,1.05394,0.98869,0.00044,0.00253,0.00833
35.90000,1.05394,0.98763,0.00046,0.00268,0.00923
36.00000,1.05394,0.98618,0.00052,0.00287,0.01043
36.10000,1.05394,0.98420,0.00059,0.00317,0.01204
36.20000,1.05394,0.98191,0.00065,0.00338,0.01407
36.30000,1.05394,0.98121,0.00067,0.00342,0.01470
36.40000,1.05394,0.98030,0.00069,0.00355,0.01546
36.50000,1.05394,0.98075,0.00073,0.00352,0.01501
36.60000,1.05394,0.98159,0.00070,0.00343,0.01428
36.70000,1.05394,0.98183,0.00068,0.00336,0.01413
36.80000,1.05394,0.98197,0.00070,0.00342,0.01391
36.90000,1.05394,0.98214,0.00067,0.00336,0.01383
37.00000,1.05394,0.98356,0.00069,0.00340,0.01235
37.10000,1.05394,0.98635,0.00057,0.00285,0.01024
37.20000,1.05394,0.98639,0.00050,0.00288,0.01023
37.30000,1.05394,0.98534,0.00054,0.00307,0.01104
37.40000,1.05394,0.98534,0.00061,0.00311,0.01094
37.50000,1.05394,0.98471,0.00065,0.00309,0.01154
37.60000,1.05394,0.98289,0.00073,0.00339,0.01299
37.70000,1.05394,0.98330,0.00076,0.00339,0.01255
37.80000,1.05394,0.98096,0.00077,0.00350,0.01477
37.90000,1.05394,0.96062,0.00177,0.00869,0.02892
38.00000,1.05394,0.94327,0.00199,0.00779,0.04695
38.10000,1.05394,0.92086,0.00236,0.01006,0.06671
38.20000,1.05394,0.92127,0.00263,0.00963,0.06647
38.30000,1.05394,0.92061,0.00211,0.00950,0.06778
38.40000,1.05394,0.92226,0.00164,0.00805,0.06805
38.50000,1.05394,0.92362,0.00160,0.00934,0.06544
38.60000,1.05394,0.93146,0.00170,0.00953,0.05730
38.70000,1.05394,0.91906,0.00174,0.00963,0.06956
38.80000,1.05394,0.94871,0.00130,0.00674,0.04325
38.90000,1.05394,0.95484,0.00136,0.00686,0.03694
39.00000,1.05394,0.96851,0.00115,0.00618,0.02416
39.10000,1.05394,0.97331,0.00134,0.00498,0.02037
39.20000,1.05394,0.98479,0.00089,0.00305,0.01126
39.30000,1.05394,0.98681,0.00083,0.00251,0.00985
39.40000,1.05394,0.98824,0.00069,0.00213,0.00893
39.50000,1.05394,0.98430,0.00096,0.00291,0.01183
39.60000,1.05394,0.98325,0.00104,0.00289,0.01283
39.70000,1.05394,0.98232,0.00109,0.00294,0.01364
39.80000,1.05394,0.98230,0.00105,0.00307,0.01358
39.90000,1.05394,0.98368,0.00096,0.00321,0.01215
40.00000,1.05394,0.98306,0.00104,0.00315,0.01275
40.10000,1.05394,0.97566,0.00196,0.00424,0.01814
40.20000,1.05394,0.97697,0.00257,0.00338,0.01708
40.30000,1.05394,0.97715,0.00262,0.00303,0.01721
40.40000,1.05394,0.97653,0.00291,0.00316,0.01739
40.50000,1.05394,0.97939,0.00252,0.00295,0.01513
40.60000,1.05394,0.97722,0.00269,0.00302,0.01707
40.70000,1.05394,0.98048,0.00235,0.00246,0.01471
40.80000,1.05394,0.97890,0.00253,0.00275,0.01581
40.90000,1.05394,0.97372,0.00248,0.00333,0.02048
41.00000,1.05394,0.96990,0.00179,0.00396,0.02435
41.10000,1.05394,0.97452,0.00104,0.00341,0.02102
41.20000,1.05394,0.97866,0.00077,0.00291,0.01767
41.30000,1.05394,0.97118,0.00083,0.00391,0.02407
41.40000,1.05394,0.95499,0.00082,0.00492,0.03926
41.50000,1.05394,0.95205,0.00088,0.00558,0.04149
41.60000,1.05394,0.89354,0.00111,0.00738,0.09797
41.70000,1.05394,0.68345,0.00156,0.01002,0.30497
41.80000,1.05394,0.38086,0.00113,0.00751,0.61051
41.90000,1.05394,0.35279,0.00097,0.00454,0.64170
42.00000,1.05394,0.28325,0.00092,0.00413,0.71171
42.10000,1.05394,0.12980,0.00053,0.00342,0.86625
42.20000,1.05394,0.10887,0.00039,0.00254,0.88820
42.30000,1.05394,0.17356,0.00040,0.00238,0.82366
42.40000,1.05394,0.17480,0.00049,0.00301,0.82169
42.50000,1.05394,0.12208,0.00043,0.00319,0.87430
42.60000,1.05394,0.33680,0.00069,0.00459,0.65792
42.70000,1.05394,0.61287,0.00121,0.00998,0.37595
42.80000,1.05394,0.74926,0.00150,0.00956,0.23968
42.90000,1.05394,0.88416,0.00092,0.00751,0.10741
43.00000,1.05394,0.93705,0.00081,0.00656,0.05559
43.10000,1.05394,0.95225,0.00078,0.00558,0.04139
43.20000,1.05394,0.97160,0.00070,0.00405,0.02364
43.30000,1.05394,0.97442,0.00087,0.00399,0.02072
43.40000,1.05394,0.98453,0.00067,0.00244,0.01235
43.50000,1.05394,0.98397,0.00082,0.00239,0.01282
43.60000,1.05394,0.98720,0.00082,0.00206,0.00993
43.70000,1.05394,0.98475,0.00095,0.00274,0.01156
43.80000,1.05394,0.99110,0.00044,0.00162,0.00684
43.90000,1.05394,0.98888,0.00039,0.00208,0.00865
44.00000,1.05394,0.98858,0.00035,0.00297,0.00810
44.10000,1.05394,0.99076,0.00021,0.00298,0.00605
44.20000,1.05394,0.99444,0.00016,0.00211,0.00328
44.30000,1.05394,0.99086,0.00019,0.00393,0.00503
44.40000,1.05394,0.99284,0.00021,0.00295,0.00400
44.50000,1.05394,0.99564,0.00011,0.00149,0.00275
44.60000,1.05394,0.98851,0.00016,0.00373,0.00760
44.70000,1.05394,0.98884,0.00013,0.00236,0.00867
44.80000,1.05394,0.97322,0.00029,0.00667,0.01983
44.90000,1.05394,0.95809,0.00057,0.00796,0.03338
45.00000,1.05394,0.93107,0.00058,0.00634,0.06201
45.10000,1.05394,0.94854,0.00039,0.00313,0.04794
45.20000,1.05394,0.84605,0.00094,0.00895,0.14405
45.30000,1.05394,0.91875,0.00039,0.00335,0.07751
45.40000,1.05394,0.91632,0.00031,0.00458,0.07879
45.50000,1.05394,0.90585,0.00066,0.00717,0.08633
45.60000,1.05394,0.93259,0.00044,0.00553,0.06144
45.70000,1.05394,0.92577,0.00066,0.00491,0.06866
45.80000,1.05394,0.94834,0.00035,0.00307,0.04824
45.90000,1.05394,0.85633,0.00054,0.00472,0.13841
46.00000,1.05394,0.87414,0.00049,0.00306,0.12230
46.10000,1.05394,0.86051,0.00053,0.00310,0.13587
46.20000,1.05394,0.79630,0.00056,0.00380,0.19934
46.30000,1.05394,0.72070,0.00054,0.00425,0.27451
46.40000,1.05394,0.65304,0.00060,0.00476,0.34161
46.50000,1.05394,0.50777,0.00072,0.00528,0.48623
46.60000,1.05394,0.50380,0.00055,0.00428,0.49137
46.70000,1.05394,0.36609,0.00070,0.00541,0.62780
46.80000,1.05394,0.56512,0.00109,0.00774,0.42605
46.90000,1.05394,0.74727,0.00080,0.00699,0.24495
47.00000,1.05394,0.78073,0.00106,0.00644,0.21177
47.10000,1.05394,0.83538,0.00115,0.00613,0.15734
47.20000,1.05394,0.82689,0.00145,0.00734,0.16432
47.30000,1.05394,0.85822,0.00158,0.00614,0.13407
47.40000,1.05394,0.94694,0.00103,0.00407,0.04797
47.50000,1.05394,0.97176,0.00083,0.00289,0.02451
47.60000,1.05394,0.97275,0.00093,0.00300,0.02332
47.70000,1.05394,0.96256,0.00155,0.00402,0.03187
47.80000,1.05394,0.89954,0.00357,0.00649,0.09040
47.90000,1.05394,0.91315,0.00423,0.00420,0.07841
48.00000,1.05394,0.86607,0.00472,0.00452,0.12469
48.10000,1.05394,0.83379,0.00412,0.00462,0.15747
48.20000,1.05394,0.70087,0.00695,0.00682,0.28536
48.30000,1.05394,0.80591,0.00876,0.00444,0.18089
48.40000,1.05394,0.82494,0.00806,0.00554,0.16147
48.50000,1.05394,0.85004,0.00705,0.00361,0.13930
48.60000,1.05394,0.83881,0.01005,0.00591,0.14524
48.70000,1.05394,0.92461,0.00897,0.00581,0.06061
48.80000,1.05394,0.96382,0.00249,0.00459,0.02910
48.90000,1.05394,0.97843,0.00184,0.00320,0.01654
49.00000,1.05394,0.98206,0.00133,0.00343,0.01318
49.10000,1.05394,0.98083,0.00218,0.00460,0.01240
49.20000,1.05394,0.98716,0.00071,0.00292,0.00921
49.30000,1.05394,0.98821,0.00058,0.00270,0.00851
49.40000,1.05394,0.98879,0.00053,0.00249,0.00820
49.50000,1.05394,0.98838,0.00056,0.00264,0.00842
49.60000,1.05394,0.98865,0.00054,0.00268,0.00813
49.70000,1.05394,0.98890,0.00052,0.00267,0.00792
49.80000,1.05394,0.98918,0.00049,0.00255,0.00778
49.90000,1.05394,0.98910,0.00054,0.00269,0.00768
50.00000,1.05394,0.98893,0.00053,0.00266,0.00788
50.10000,1.05394,0.98955,0.00051,0.00259,0.00735
50.20000,1.05394,0.98968,0.00048,0.00252,0.00732
50.30000,1.05394,0.99007,0.00047,0.00251,0.00695
50.40000,1.05394,0.99041,0.00044,0.00236,0.00679
50.50000,1.05394,0.98983,0.00047,0.00257,0.00713
50.60000,1.05394,0.99018,0.00044,0.00250,0.00688
50.70000,1.05394,0.98992,0.00047,0.00261,0.00700
50.80000,1.05394,0.99077,0.00044,0.00240,0.00639
50.90000,1.05394,0.99020,0.00047,0.00255,0.00678
51.00000,1.05394,0.99092,0.00044,0.00240,0.00625
51.10000,1.05394,0.99016,0.00045,0.00250,0.00689
51.20000,1.05394,0.99038,0.00047,0.00247,0.00668
51.30000,1.05394,0.97589,0.00138,0.00485,0.01789
51.40000,1.05394,0.96316,0.00180,0.00623,0.02881
51.50000,1.05394,0.94091,0.00222,0.01084,0.04602
51.60000,1.05394,0.92405,0.00249,0.01532,0.05814
51.70000,1.05394,0.92533,0.00234,0.01902,0.05332
51.80000,1.05394,0.89904,0.00254,0.04678,0.05163
51.90000,1.05394,0.88059,0.00207,0.07727,0.04008
52.00000,1.05394,0.83010,0.00237,0.13635,0.03118
52.10000,1.05394,0.80169,0.00331,0.17181,0.02320
52.20000,1.05394,0.51858,0.00496,0.45943,0.01703
52.30000,1.05394,0.48914,0.00159,0.50233,0.00695
52.40000,1.05394,0.54953,0.00098,0.44526,0.00423
52.50000,1.05394,0.47742,0.00088,0.51954,0.00217
52.60000,1.05394,0.28654,0.00103,0.71082,0.00160
52.70000,1.05394,0.34674,0.00088,0.65100,0.00138
52.80000,1.05394,0.22743,0.00103,0.76994,0.00160
52.90000,1.05394,0.28719,0.00100,0.70961,0.00219
53.00000,1.05394,0.24063,0.00123,0.75557,0.00257
53.10000,1.05394,0.16113,0.00093,0.83619,0.00175
53.20000,1.05394,0.14842,0.00094,0.84787,0.00277
53.30000,1.05394,0.14350,0.00120,0.85171,0.00359
53.40000,1.05394,0.12009,0.00187,0.87383,0.00421
53.50000,1.05394,0.14083,0.00212,0.85133,0.00573
53.60000,1.05394,0.10873,0.00160,0.88493,0.00474
53.70000,1.05394,0.12257,0.00185,0.87032,0.00526
53.80000,1.05394,0.09682,0.00197,0.89596,0.00524
53.90000,1.05394,0.11501,0.00163,0.87831,0.00505
54.00000,1.05394,0.09782,0.00174,0.89557,0.00487
54.10000,1.05394,0.11793,0.00149,0.87599,0.00460
54.20000,1.05394,0.11053,0.00185,0.88280,0.00482
54.30000,1.05394,0.13989,0.00156,0.85425,0.00429
54.40000,1.05394,0.11847,0.00148,0.87669,0.00336
54.50000,1.05394,0.13616,0.00104,0.85877,0.00404
54.60000,1.05394,0.11660,0.00155,0.87747,0.00438
54.70000,1.05394,0.14735,0.00183,0.84648,0.00434
54.80000,1.05394,0.12044,0.00147,0.87397,0.00412
54.90000,1.05394,0.14071,0.00169,0.85344,0.00415
55.00000,1.05394,0.11653,0.00170,0.87835,0.00342
55.10000,1.05394,0.11231,0.00168,0.88248,0.00353
55.20000,1.05394,0.12492,0.00170,0.86978,0.00360
55.30000,1.05394,0.10412,0.00182,0.88924,0.00483
55.40000,1.05394,0.10800,0.00292,0.88419,0.00488
55.50000,1.05394,0.11906,0.00333,0.87378,0.00382
55.60000,1.05394,0.11402,0.00398,0.87795,0.00404
55.70000,1.05394,0.09021,0.00308,0.90223,0.00449
55.80000,1.05394,0.10060,0.00296,0.89285,0.00359
55.90000,1.05394,0.11214,0.00284,0.88177,0.00325
56.00000,1.05394,0.09353,0.00276,0.90050,0.00321
56.10000,1.05394,0.10297,0.00249,0.89099,0.00355
56.20000,1.05394,0.09190,0.00258,0.90181,0.00371
56.30000,1.05394,0.12628,0.00238,0.86734,0.00400
56.40000,1.05394,0.11139,0.00234,0.88219,0.00408
56.50000,1.05394,0.12128,0.00216,0.87198,0.00458
56.60000,1.05394,0.09701,0.00192,0.89748,0.00359
56.70000,1.05394,0.11168,0.00177,0.88312,0.00344
56.80000,1.05394,0.15991,0.00159,0.83513,0.00336
56.90000,1.05394,0.14541,0.00160,0.84904,0.00395
57.00000,1.05394,0.16283,0.00143,0.83292,0.00282
57.10000,1.05394,0.15402,0.00117,0.84229,0.00252
57.20000,1.05394,0.20969,0.00103,0.78679,0.00249
57.30000,1.05394,0.16633,0.00113,0.82947,0.00307
57.40000,1.05394,0.18332,0.00107,0.81338,0.00223
57.50000,1.05394,0.16337,0.00115,0.83272,0.00276
57.60000,1.05394,0.15059,0.00111,0.84531,0.00300
57.70000,1.05394,0.14549,0.00108,0.85037,0.00306
57.80000,1.05394,0.14884,0.00122,0.84720,0.00275
57.90000,1.05394,0.16512,0.00172,0.83021,0.00295
58.00000,1.05394,0.16352,0.00175,0.83038,0.00434
58.10000,1.05394,0.15795,0.00170,0.83679,0.00355
58.20000,1.05394,0.13844,0.00193,0.85514,0.00449
58.30000,1.05394,0.14332,0.00291,0.84973,0.00403
58.40000,1.05394,0.20961,0.00267,0.78309,0.00463
58.50000,1.05394,0.21168,0.00245,0.78238,0.00349
58.60000,1.05394,0.21313,0.00331,0.77931,0.00425
58.70000,1.05394,0.14910,0.00306,0.84347,0.00437
58.80000,1.05394,0.16023,0.00334,0.83163,0.00480
58.90000,1.05394,0.13610,0.00214,0.85804,0.00373
59.00000,1.05394,0.15327,0.00388,0.83779,0.00506
59.10000,1.05394,0.15141,0.00333,0.83993,0.00533
59.20000,1.05394,0.13033,0.00425,0.85948,0.00594
59.30000,1.05394,0.08748,0.00275,0.90367,0.00610
59.40000,1.05394,0.09352,0.00295,0.89645,0.00709
59.50000,1.05394,0.08642,0.00248,0.90547,0.00564
59.60000,1.05394,0.08992,0.00309,0.90059,0.00639
59.70000,1.05394,0.10621,0.00263,0.88456,0.00660
59.80000,1.05394,0.10899,0.00303,0.88158,0.00640
59.90000,1.05394,0.13833,0.00268,0.85360,0.00540
60.00000,1.05394,0.13785,0.00241,0.85419,0.00555
60.10000,1.05394,0.14906,0.00141,0.84526,0.00427
60.20000,1.05394,0.16740,0.00123,0.82753,0.00385
60.30000,1.05394,0.18403,0.00119,0.81139,0.00339
60.40000,1.05394,0.20951,0.00122,0.78558,0.00369
60.50000,1.05394,0.19140,0.00095,0.80497,0.00268
60.60000,1.05394,0.23753,0.00094,0.75850,0.00304
60.70000,1.05394,0.16636,0.00112,0.82888,0.00364
60.80000,1.05394,0.20579,0.00099,0.78981,0.00341
60.90000,1.05394,0.18381,0.00101,0.81116,0.00402
61.00000,1.05394,0.15669,0.00131,0.83792,0.00408
61.10000,1.05394,0.15096,0.00182,0.84235,0.00488
61.20000,1.05394,0.15571,0.00178,0.83800,0.00452
61.30000,1.05394,0.12023,0.00226,0.87241,0.00510
61.40000,1.05394,0.16014,0.00229,0.83268,0.00489
61.50000,1.05394,0.15946,0.00258,0.83230,0.00566
61.60000,1.05394,0.14784,0.00181,0.84670,0.00366
61.70000,1.05394,0.16340,0.00187,0.83060,0.00414
61.80000,1.05394,0.12161,0.00155,0.87348,0.00337
61.90000,1.05394,0.17436,0.00222,0.81935,0.00407
62.00000,1.05394,0.17748,0.00172,0.81765,0.00315
62.10000,1.05394,0.19451,0.00195,0.80032,0.00322
62.20000,1.05394,0.22284,0.00174,0.77274,0.00267
62.30000,1.05394,0.19460,0.00158,0.80000,0.00382
62.40000,1.05394,0.22680,0.00140,0.76824,0.00356
62.50000,1.05394,0.17417,0.00141,0.82093,0.00349
62.60000,1.05394,0.21298,0.00192,0.78054,0.00456
62.70000,1.05394,0.24819,0.00236,0.74291,0.00654
62.80000,1.05394,0.28221,0.00300,0.70240,0.01239
62.90000,1.05394,0.27503,0.00247,0.70791,0.01460
63.00000,1.05394,0.19961,0.00381,0.78006,0.01652
63.10000,1.05394,0.18472,0.00342,0.80132,0.01054
63.20000,1.05394,0.13199,0.00397,0.85159,0.01245
63.30000,1.05394,0.18771,0.00383,0.79916,0.00930
63.40000,1.05393,0.11088,0.00597,0.87225,0.01090
63.50000,1.05394,0.12580,0.00572,0.86009,0.00839
63.60000,1.05394,0.11933,0.00519,0.86863,0.00685
63.70000,1.05394,0.07592,0.00382,0.91727,0.00299
63.80000,1.05394,0.06150,0.00412,0.93090,0.00349
63.90000,1.05393,0.05523,0.00455,0.93740,0.00282
64.00000,1.05394,0.05245,0.00541,0.93895,0.00319
64.10000,1.05394,0.04477,0.00392,0.94882,0.00249
64.20000,1.05394,0.05041,0.00445,0.94240,0.00275
64.30000,1.05393,0.03781,0.00485,0.95457,0.00278
64.40000,1.05393,0.02899,0.00420,0.96433,0.00248
64.50000,1.05394,0.02910,0.00410,0.96388,0.00293
64.60000,1.05394,0.02613,0.00393,0.96748,0.00247
64.70000,1.05394,0.02401,0.00380,0.97000,0.00219
64.80000,1.05393,0.03012,0.00392,0.96351,0.00244
64.90000,1.05393,0.02597,0.00292,0.96847,0.00264
65.00000,1.05394,0.03477,0.00361,0.95882,0.00280
65.10000,1.05394,0.07002,0.00367,0.92179,0.00453
65.20000,1.05394,0.09113,0.00529,0.89307,0.01050
65.30000,1.05393,0.21670,0.00511,0.76252,0.01568
65.40000,1.05393,0.25992,0.00351,0.71092,0.02565
65.50000,1.05394,0.41428,0.00317,0.55267,0.02987
65.60000,1.05394,0.59165,0.00396,0.35923,0.04516
65.70000,1.05394,0.74421,0.00328,0.21128,0.04123
65.80000,1.05393,0.80356,0.00329,0.12726,0.06588
65.90000,1.05393,0.87449,0.00240,0.07093,0.05218
66.00000,1.05394,0.92449,0.00145,0.03556,0.03850
66.10000,1.05394,0.95656,0.00101,0.02050,0.02192
66.20000,1.05394,0.96429,0.00092,0.01495,0.01983
66.30000,1.05393,0.95925,0.00141,0.01423,0.02511
66.40000,1.05393,0.97670,0.00099,0.00728,0.01503
66.50000,1.05394,0.97544,0.00094,0.00603,0.01758
66.60000,1.05394,0.98607,0.00055,0.00269,0.01069
66.70000,1.05394,0.98687,0.00043,0.00260,0.01010
66.80000,1.05393,0.98680,0.00043,0.00238,0.01039
66.90000,1.05393,0.98771,0.00039,0.00230,0.00960
67.00000,1.05394,0.98868,0.00036,0.00209,0.00886
67.10000,1.05394,0.98914,0.00036,0.00207,0.00843
67.20000,1.05394,0.98826,0.00044,0.00221,0.00910
67.30000,1.05393,0.98886,0.00042,0.00227,0.00845
67.40000,1.05393,0.98765,0.00052,0.00254,0.00929
67.50000,1.05394,0.98799,0.00050,0.00251,0.00901
67.60000,1.05394,0.98792,0.00049,0.00255,0.00905
67.70000,1.05394,0.98868,0.00049,0.00247,0.00836
67.80000,1.05393,0.98896,0.00044,0.00241,0.00818
67.90000,1.05393,0.98892,0.00046,0.00241,0.00821
68.00000,1.05394,0.98839,0.00049,0.00262,0.00850
68.10000,1.05394,0.98817,0.00046,0.00273,0.00864
68.20000,1.05394,0.98876,0.00046,0.00264,0.00815
68.30000,1.05393,0.98780,0.00049,0.00279,0.00891
68.40000,1.05393,0.98830,0.00046,0.00268,0.00857
68.50000,1.05394,0.98799,0.00050,0.00279,0.00872
68.60000,1.05394,0.98855,0.00050,0.00267,0.00827
68.70000,1.05394,0.98848,0.00053,0.00271,0.00829
68.80000,1.05393,0.98863,0.00052,0.00259,0.00826
68.90000,1.05393,0.98767,0.00057,0.00288,0.00888
69.00000,1.05394,0.98832,0.00057,0.00275,0.00836
69.10000,1.05394,0.98795,0.00056,0.00278,0.00870
69.20000,1.05394,0.98816,0.00054,0.00271,0.00858
69.30000,1.05393,0.98894,0.00053,0.00250,0.00803
69.40000,1.05393,0.98840,0.00054,0.00267,0.00839
69.50000,1.05394,0.98848,0.00054,0.00265,0.00833
69.60000,1.05394,0.98863,0.00054,0.00264,0.00819
69.70000,1.05394,0.98889,0.00051,0.00245,0.00815
69.80000,1.05393,0.98852,0.00051,0.00262,0.00835
69.90000,1.05393,0.98751,0.00054,0.00276,0.00920
70.00000,1.05394,0.98731,0.00054,0.00269,0.00945
70.10000,1.05394,0.98756,0.00056,0.00268,0.00920
70.20000,1.05394,0.98786,0.00053,0.00263,0.00898
70.30000,1.05393,0.98766,0.00057,0.00263,0.00914
70.40000,1.05393,0.98699,0.00068,0.00277,0.00955
70.50000,1.05394,0.98672,0.00072,0.00274,0.00983
70.60000,1.05394,0.98618,0.00068,0.00269,0.01045
70.70000,1.05394,0.97396,0.00114,0.00372,0.02118
70.80000,1.05393,0.96944,0.00119,0.00384,0.02552
70.90000,1.05393,0.97156,0.00126,0.00358,0.02360
71.00000,1.05394,0.97502,0.00108,0.00292,0.02097
71.10000,1.05394,0.97486,0.00106,0.00298,0.02110
71.20000,1.05394,0.96555,0.00117,0.00403,0.02926
71.30000,1.05393,0.97225,0.00108,0.00301,0.02366
71.40000,1.05393,0.97161,0.00089,0.00305,0.02445
71.50000,1.05394,0.96792,0.00108,0.00346,0.02754
71.60000,1.05394,0.96570,0.00168,0.00554,0.02708
71.70000,1.05394,0.98387,0.00081,0.00309,0.01223
71.80000,1.05393,0.98178,0.00083,0.00336,0.01404
71.90000,1.05393,0.97617,0.00076,0.00376,0.01932
72.00000,1.05394,0.97754,0.00075,0.00352,0.01818
72.10000,1.05394,0.97595,0.00083,0.00399,0.01922
72.20000,1.05394,0.98045,0.00067,0.00341,0.01547
72.30000,1.05393,0.97975,0.00065,0.00358,0.01602
72.40000,1.05393,0.97989,0.00066,0.00356,0.01589
72.50000,1.05394,0.97776,0.00072,0.00374,0.01778
72.60000,1.05394,0.98025,0.00066,0.00342,0.01567
72.70000,1.05394,0.97791,0.00075,0.00372,0.01761
72.80000,1.05393,0.98384,0.00071,0.00348,0.01197
72.90000,1.05393,0.98520,0.00063,0.00311,0.01106
73.00000,1.05394,0.98475,0.00064,0.00315,0.01147
73.10000,1.05394,0.98598,0.00060,0.00296,0.01046
73.20000,1.05394,0.98563,0.00059,0.00306,0.01072
73.30000,1.05393,0.98632,0.00060,0.00292,0.01017
73.40000,1.05393,0.98689,0.00058,0.00284,0.00968
73.50000,1.05394,0.98706,0.00054,0.00272,0.00968
73.60000,1.05394,0.98566,0.00057,0.00301,0.01076
73.70000,1.05394,0.98556,0.00058,0.00294,0.01093
73.80000,1.05393,0.98517,0.00060,0.00295,0.01127
73.90000,1.05393,0.98538,0.00057,0.00296,0.01110
74.00000,1.05394,0.98435,0.00059,0.00304,0.01202
74.10000,1.05394,0.98445,0.00061,0.00308,0.01186
74.20000,1.05394,0.98405,0.00057,0.00304,0.01234
74.30000,1.05393,0.98362,0.00056,0.00331,0.01251
74.40000,1.05393,0.98238,0.00060,0.00345,0.01358
74.50000,1.05394,0.98415,0.00053,0.00310,0.01222
74.60000,1.05394,0.98427,0.00055,0.00310,0.01209
74.70000,1.05394,0.98538,0.00054,0.00300,0.01108
74.80000,1.05393,0.98532,0.00055,0.00310,0.01103
74.90000,1.05393,0.98535,0.00054,0.00300,0.01111
75.00000,1.05394,0.98426,0.00062,0.00325,0.01187
75.10000,1.05394,0.98589,0.00064,0.00299,0.01048
75.20000,1.05394,0.98676,0.00068,0.00300,0.00956
75.30000,1.05393,0.98768,0.00064,0.00270,0.00897
75.40000,1.05393,0.98826,0.00063,0.00276,0.00835
75.50000,1.05394,0.98811,0.00060,0.00270,0.00859
75.60000,1.05394,0.98791,0.00063,0.00286,0.00860
75.70000,1.05394,0.98850,0.00058,0.00268,0.00824
75.80000,1.05393,0.98822,0.00062,0.00283,0.00834
75.90000,1.05393,0.98822,0.00059,0.00276,0.00843
76.00000,1.05394,0.98976,0.00043,0.00245,0.00736
76.10000,1.05394,0.98963,0.00044,0.00249,0.00743
76.20000,1.05394,0.98931,0.00047,0.00253,0.00769
76.30000,1.05393,0.98970,0.00046,0.00238,0.00746
76.40000,1.05393,0.98888,0.00052,0.00264,0.00796
76.50000,1.05394,0.98956,0.00051,0.00247,0.00746
76.60000,1.05394,0.98754,0.00052,0.00269,0.00924
76.70000,1.05394,0.98622,0.00063,0.00292,0.01023
76.80000,1.05393,0.98703,0.00069,0.00257,0.00970
76.90000,1.05393,0.98518,0.00086,0.00276,0.01121
77.00000,1.05394,0.98542,0.00084,0.00258,0.01116
77.10000,1.05394,0.98799,0.00067,0.00232,0.00902
77.20000,1.05394,0.98840,0.00064,0.00221,0.00876
77.30000,1.05393,0.98776,0.00071,0.00238,0.00915
77.40000,1.05393,0.98965,0.00061,0.00204,0.00770
77.50000,1.05394,0.99038,0.00067,0.00211,0.00684
77.60000,1.05394,0.99210,0.00064,0.00198,0.00529
77.70000,1.05394,0.99223,0.00051,0.00201,0.00524
77.80000,1.05393,0.99274,0.00047,0.00198,0.00481
77.90000,1.05393,0.99305,0.00044,0.00195,0.00455
78.00000,1.05394,0.99341,0.00042,0.00182,0.00436
78.10000,1.05394,0.99265,0.00044,0.00199,0.00492
78.20000,1.05394,0.99184,0.00050,0.00214,0.00551
78.30000,1.05393,0.99070,0.00052,0.00227,0.00652
78.40000,1.05393,0.99031,0.00050,0.00228,0.00690
78.50000,1.05394,0.98999,0.00051,0.00239,0.00712
78.60000,1.05394,0.98987,0.00050,0.00241,0.00723
78.70000,1.05394,0.98913,0.00049,0.00252,0.00786
78.80000,1.05393,0.98744,0.00051,0.00278,0.00926
78.90000,1.05393,0.98581,0.00056,0.00308,0.01056
79.00000,1.05394,0.98670,0.00056,0.00287,0.00987
79.10000,1.05394,0.98638,0.00060,0.00307,0.00995
79.20000,1.05394,0.98769,0.00051,0.00282,0.00898
79.30000,1.05393,0.98751,0.00055,0.00286,0.00908
79.40000,1.05393,0.98760,0.00053,0.00282,0.00905
79.50000,1.05394,0.98682,0.00054,0.00294,0.00970
79.60000,1.05394,0.98748,0.00051,0.00285,0.00915
79.70000,1.05394,0.98756,0.00053,0.00278,0.00912
79.80000,1.05393,0.98826,0.00052,0.00276,0.00847
79.90000,1.05393,0.98907,0.00049,0.00258,0.00786
80.00000,1.05394,0.98852,0.00047,0.00266,0.00835
80.10000,1.05394,0.98771,0.00048,0.00281,0.00900
80.20000,1.05394,0.97380,0.00105,0.00510,0.02005
80.30000,1.05393,0.97242,0.00165,0.00365,0.02229
80.40000,1.05393,0.96198,0.00173,0.00527,0.03101
80.50000,1.05394,0.92782,0.00314,0.01168,0.05736
80.60000,1.05394,0.94236,0.00259,0.01306,0.04199
80.70000,1.05394,0.92735,0.00317,0.02416,0.04532
80.80000,1.05393,0.88910,0.00397,0.04784,0.05910
80.90000,1.05393,0.84643,0.00406,0.09485,0.05466
81.00000,1.05394,0.76155,0.00507,0.18525,0.04813
81.10000,1.05394,0.49485,0.00502,0.46780,0.03233
81.20000,1.05394,0.41094,0.00203,0.57427,0.01276
81.30000,1.05393,0.31324,0.00114,0.68001,0.00561
81.40000,1.05393,0.27410,0.00095,0.72031,0.00464
81.50000,1.05394,0.18395,0.00056,0.81308,0.00241
81.60000,1.05394,0.13855,0.00060,0.85885,0.00200
81.70000,1.05394,0.14901,0.00041,0.84854,0.00204
81.80000,1.05393,0.09949,0.00037,0.89875,0.00139
81.90000,1.05393,0.12816,0.00033,0.87013,0.00138
82.00000,1.05394,0.12993,0.00036,0.86846,0.00124
82.10000,1.05394,0.15355,0.00041,0.84450,0.00154
82.20000,1.05394,0.15351,0.00063,0.84239,0.00347
82.30000,1.05393,0.19598,0.00106,0.79816,0.00480
82.40000,1.05393,0.29403,0.00114,0.69790,0.00693
82.50000,1.05394,0.30933,0.00250,0.67783,0.01034
82.60000,1.05394,0.33010,0.00394,0.65173,0.01422
82.70000,1.05394,0.32912,0.00344,0.65317,0.01427
82.80000,1.05393,0.26030,0.00676,0.71075,0.02219
82.90000,1.05393,0.35225,0.00742,0.61888,0.02145
83.00000,1.05394,0.22598,0.01180,0.73224,0.02998
83.10000,1.05394,0.27156,0.00684,0.70143,0.02017
83.20000,1.05394,0.18563,0.00899,0.78892,0.01645
83.30000,1.05393,0.14714,0.00754,0.83735,0.00797
83.40000,1.05393,0.06314,0.00921,0.92220,0.00545
83.50000,1.05394,0.05180,0.00544,0.93812,0.00464
83.60000,1.05394,0.04110,0.00801,0.94642,0.00447
83.70000,1.05394,0.04157,0.00775,0.94678,0.00390
83.80000,1.05393,0.03459,0.01057,0.95097,0.00387
83.90000,1.05393,0.03292,0.00822,0.95566,0.00320
84.00000,1.05394,0.02413,0.00934,0.96297,0.00355
84.10000,1.05394,0.02546,0.00643,0.96519,0.00292
84.20000,1.05394,0.02070,0.00684,0.96954,0.00293
84.30000,1.05393,0.02261,0.00564,0.96920,0.00255
84.40000,1.05393,0.02016,0.00561,0.97132,0.00291
84.50000,1.05394,0.01904,0.00486,0.97365,0.00245
84.60000,1.05394,0.01859,0.00508,0.97358,0.00274
84.70000,1.05394,0.01793,0.00451,0.97532,0.00224
84.80000,1.05393,0.02037,0.00454,0.97259,0.00251
84.90000,1.05393,0.01782,0.00407,0.97626,0.00186
85.00000,1.05394,0.02369,0.00620,0.96748,0.00264
85.10000,1.05394,0.01731,0.00490,0.97585,0.00194
85.20000,1.05394,0.02555,0.00795,0.96380,0.00270
85.30000,1.05393,0.01971,0.00542,0.97279,0.00207
85.40000,1.05393,0.02438,0.00756,0.96573,0.00233
85.50000,1.05394,0.01819,0.00490,0.97539,0.00151
85.60000,1.05394,0.02429,0.00817,0.96574,0.00179
85.70000,1.05394,0.01862,0.00718,0.97259,0.00162
85.80000,1.05393,0.02124,0.00740,0.96969,0.00166
85.90000,1.05393,0.02144,0.00693,0.97010,0.00153
86.00000,1.05394,0.01969,0.00641,0.97249,0.00142
86.10000,1.05394,0.02672,0.00533,0.96680,0.00115
86.20000,1.05394,0.01945,0.00520,0.97426,0.00109
86.30000,1.05393,0.01970,0.00530,0.97393,0.00107
86.40000,1.05393,0.02164,0.00507,0.97197,0.00132
86.50000,1.05394,0.02126,0.00629,0.97110,0.00135
86.60000,1.05394,0.02071,0.00806,0.96906,0.00217
86.70000,1.05394,0.02327,0.00800,0.96712,0.00161
86.80000,1.05393,0.02060,0.01296,0.96354,0.00290
86.90000,1.05393,0.02677,0.01566,0.95447,0.00310
87.00000,1.05394,0.03030,0.02940,0.93492,0.00538
87.10000,1.05394,0.02992,0.02605,0.93897,0.00506
87.20000,1.05394,0.02749,0.02972,0.93642,0.00638
87.30000,1.05393,0.03266,0.03066,0.93009,0.00659
87.40000,1.05393,0.02210,0.02651,0.94565,0.00574
87.50000,1.05394,0.02172,0.02390,0.94758,0.00680
87.60000,1.05394,0.01884,0.01927,0.95679,0.00510
87.70000,1.05394,0.01806,0.01357,0.96208,0.00628
87.80000,1.05393,0.01580,0.01176,0.96775,0.00469
87.90000,1.05393,0.01519,0.01028,0.97061,0.00392
88.00000,1.05394,0.01294,0.00991,0.97404,0.00310
88.10000,1.05394,0.01298,0.00917,0.97409,0.00376
88.20000,1.05394,0.01077,0.01031,0.97430,0.00462
88.30000,1.05393,0.01318,0.00852,0.97472,0.00358
88.40000,1.05393,0.01044,0.00835,0.97769,0.00352
88.50000,1.05394,0.01145,0.00830,0.97733,0.00292
88.60000,1.05394,0.01302,0.00998,0.97367,0.00334
88.70000,1.05394,0.01330,0.00742,0.97691,0.00237
88.80000,1.05393,0.01090,0.00741,0.97915,0.00254
88.90000,1.05393,0.01141,0.00513,0.98137,0.00208
89.00000,1.05394,0.01018,0.00553,0.98215,0.00215
89.10000,1.05394,0.01209,0.00484,0.98144,0.00162
89.20000,1.05394,0.01254,0.00514,0.98086,0.00147
89.30000,1.05393,0.01177,0.00387,0.98317,0.00119
89.40000,1.05393,0.01348,0.00396,0.98124,0.00132
89.50000,1.05394,0.01065,0.00336,0.98468,0.00131
89.60000,1.05394,0.01646,0.00503,0.97725,0.00126
89.70000,1.05394,0.01507,0.00363,0.98010,0.00120
89.80000,1.05393,0.01653,0.00334,0.97912,0.00101
89.90000,1.05393,0.01295,0.00276,0.98348,0.00081
90.00000,1.05394,0.01808,0.00265,0.97849,0.00079
90.10000,1.05394,0.01794,0.00328,0.97770,0.00108
90.20000,1.05394,0.01981,0.00399,0.97517,0.00103
90.30000,1.05393,0.01580,0.00322,0.98015,0.00084
90.40000,1.05393,0.01972,0.00397,0.97539,0.00091
90.50000,1.05394,0.01390,0.00376,0.98158,0.00076
90.60000,1.05394,0.01858,0.00356,0.97702,0.00085
90.70000,1.05394,0.01540,0.00292,0.98105,0.00063
90.80000,1.05393,0.01947,0.00493,0.97448,0.00112
90.90000,1.05393,0.01791,0.00442,0.97684,0.00083
91.00000,1.05394,0.01955,0.00388,0.97564,0.00093
91.10000,1.05394,0.01518,0.00426,0.97957,0.00098
91.20000,1.05394,0.01873,0.00354,0.97691,0.00082
91.30000,1.05393,0.01488,0.00484,0.97934,0.00094
91.40000,1.05393,0.01566,0.00319,0.98002,0.00112
91.50000,1.05394,0.01187,0.00618,0.98060,0.00135
91.60000,1.05394,0.01229,0.00452,0.98162,0.00157
91.70000,1.05394,0.00958,0.00753,0.98092,0.00197
91.80000,1.05393,0.00852,0.00404,0.98587,0.00158
91.90000,1.05393,0.00686,0.00462,0.98715,0.00137
92.00000,1.05394,0.00576,0.00358,0.98911,0.00156
92.10000,1.05394,0.00600,0.00471,0.98724,0.00204
92.20000,1.05394,0.00584,0.00345,0.98903,0.00168
92.30000,1.05393,0.00765,0.00483,0.98562,0.00190
92.40000,1.05393,0.00731,0.00435,0.98612,0.00222
92.50000,1.05394,0.00885,0.00577,0.98294,0.00244
92.60000,1.05394,0.00722,0.00391,0.98630,0.00258
92.70000,1.05394,0.01009,0.00774,0.97904,0.00313
92.80000,1.05393,0.01231,0.00978,0.97349,0.00442
92.90000,1.05393,0.01534,0.01542,0.96353,0.00570
93.00000,1.05394,0.01760,0.01546,0.96171,0.00523
93.10000,1.05394,0.01979,0.01480,0.95934,0.00607
93.20000,1.05394,0.01878,0.01332,0.96320,0.00469
93.30000,1.05393,0.02104,0.01409,0.95883,0.00604
93.40000,1.05393,0.01690,0.01157,0.96776,0.00376
93.50000,1.05394,0.02247,0.00868,0.96525,0.00360
93.60000,1.05394,0.02443,0.00482,0.96839,0.00236
93.70000,1.05394,0.02600,0.00709,0.96411,0.00280
93.80000,1.05393,0.02658,0.00440,0.96667,0.00235
93.90000,1.05393,0.02259,0.00436,0.97082,0.00223
94.00000,1.05394,0.02114,0.00490,0.97148,0.00248
94.10000,1.05394,0.01891,0.00431,0.97473,0.00205
94.20000,1.05394,0.02567,0.00517,0.96700,0.00215
94.30000,1.05393,0.02089,0.00761,0.96875,0.00275
94.40000,1.05393,0.01801,0.00880,0.96964,0.00356
94.50000,1.05394,0.01750,0.01144,0.96684,0.00422
94.60000,1.05394,0.01489,0.00899,0.97332,0.00280
94.70000,1.05394,0.01370,0.00848,0.97473,0.00308
94.80000,1.05393,0.01568,0.01331,0.96688,0.00413
94.90000,1.05393,0.02051,0.01629,0.95910,0.00410
95.00000,1.05394,0.01652,0.01448,0.96486,0.00414
95.10000,1.05394,0.02007,0.01835,0.95548,0.00610
95.20000,1.05394,0.02753,0.01772,0.94839,0.00636
95.30000,1.05393,0.03593,0.01459,0.93892,0.01056
95.40000,1.05393,0.05744,0.01589,0.91465,0.01202
95.50000,1.05394,0.11258,0.02078,0.84331,0.02333
95.60000,1.05394,0.24256,0.01489,0.71693,0.02563
95.70000,1.05394,0.29985,0.00687,0.66286,0.03042
95.80000,1.05393,0.43159,0.00435,0.53519,0.02886
95.90000,1.05393,0.67098,0.00376,0.28881,0.03645
96.00000,1.05394,0.78899,0.00247,0.17645,0.03209
96.10000,1.05394,0.87102,0.00175,0.09429,0.03294
96.20000,1.05394,0.91923,0.00141,0.05413,0.02523
96.30000,1.05393,0.94841,0.00089,0.02762,0.02307
96.40000,1.05393,0.96636,0.00052,0.01617,0.01694
96.50000,1.05394,0.97109,0.00072,0.01321,0.01498
96.60000,1.05394,0.96632,0.00114,0.01194,0.02061
96.70000,1.05394,0.97681,0.00114,0.00712,0.01492
96.80000,1.05393,0.98360,0.00080,0.00419,0.01141
96.90000,1.05393,0.98470,0.00075,0.00390,0.01065
97.00000,1.05394,0.98682,0.00071,0.00308,0.00939
97.10000,1.05394,0.98713,0.00064,0.00298,0.00925
97.20000,1.05394,0.98655,0.00058,0.00285,0.01002
97.30000,1.05393,0.98650,0.00063,0.00298,0.00988
97.40000,1.05393,0.98565,0.00059,0.00290,0.01086
97.50000,1.05394,0.98616,0.00056,0.00283,0.01045
97.60000,1.05394,0.98345,0.00059,0.00316,0.01280
97.70000,1.05394,0.98185,0.00062,0.00353,0.01400
97.80000,1.05393,0.98009,0.00062,0.00360,0.01568
97.90000,1.05393,0.97934,0.00064,0.00368,0.01634
98.00000,1.05394,0.97731,0.00068,0.00391,0.01811
98.10000,1.05394,0.97480,0.00071,0.00413,0.02036
98.20000,1.05394,0.97250,0.00076,0.00433,0.02240
98.30000,1.05393,0.97046,0.00082,0.00453,0.02419
98.40000,1.05393,0.96928,0.00081,0.00468,0.02524
98.50000,1.05394,0.96839,0.00083,0.00462,0.02616
98.60000,1.05394,0.96848,0.00083,0.00495,0.02575
98.70000,1.05394,0.96819,0.00083,0.00500,0.02597
98.80000,1.05393,0.97072,0.00074,0.00461,0.02392
98.90000,1.05393,0.97073,0.00077,0.00472,0.02379
99.00000,1.05394,0.97411,0.00069,0.00444,0.02075
99.10000,1.05394,0.97650,0.00073,0.00418,0.01859
99.20000,1.05394,0.97799,0.00071,0.00394,0.01736
99.30000,1.05393,0.98056,0.00067,0.00373,0.01504
99.40000,1.05393,0.98014,0.00061,0.00364,0.01561
99.50000,1.05394,0.97738,0.00071,0.00412,0.01780
99.60000,1.05394,0.97630,0.00076,0.00408,0.01886
99.70000,1.05394,0.97525,0.00078,0.00408,0.01989
99.80000,1.05393,0.97202,0.00079,0.00417,0.02302
99.90000,1.05393,0.97096,0.00089,0.00430,0.02384
100.00000,1.05394,0.96748,0.00095,0.00473,0.02684
100.10000,1.05394,0.96764,0.00097,0.00469,0.02670
100.20000,1.05394,0.96545,0.00096,0.00514,0.02845
100.30000,1.05393,0.96582,0.00090,0.00491,0.02837
100.40000,1.05393,0.96825,0.00092,0.00484,0.02599
100.50000,1.05394,0.97114,0.00088,0.00455,0.02343
100.60000,1.05394,0.97521,0.00077,0.00437,0.01965
100.70000,1.05394,0.98232,0.00062,0.00333,0.01373
100.80000,1.05393,0.98444,0.00053,0.00292,0.01210
100.90000,1.05393,0.98648,0.00049,0.00263,0.01040
101.00000,1.05394,0.98607,0.00053,0.00268,0.01072
101.10000,1.05394,0.98627,0.00051,0.00280,0.01041
101.20000,1.05394,0.98708,0.00046,0.00260,0.00986
101.30000,1.05393,0.98770,0.00044,0.00256,0.00930
101.40000,1.05393,0.98513,0.00053,0.00287,0.01146
