Time (seconds), Duration (seconds),pred_(unlabeled),pred_brushing_teeth,pred_hair_drying,pred_showering,pred_air,pred_plastic,pred_plastic_out,pred_wood,pred_wood_out
0.00000,1.02194,0.61366,0.00773,0.00010,0.37824,0.00002,0.00000,0.00022,0.00000,0.00002
0.14000,1.02194,0.04183,0.00145,0.00006,0.95661,0.00000,0.00000,0.00004,0.00000,0.00000
0.28000,1.02194,0.00974,0.00041,0.00002,0.98982,0.00000,0.00000,0.00001,0.00000,0.00000
0.42000,1.02194,0.01018,0.00088,0.00007,0.98885,0.00000,0.00000,0.00001,0.00000,0.00000
0.56000,1.02194,0.00953,0.00091,0.00006,0.98949,0.00000,0.00000,0.00001,0.00000,0.00000
0.70000,1.02194,0.01046,0.00055,0.00003,0.98894,0.00000,0.00000,0.00001,0.00000,0.00000
0.84000,1.02194,0.01185,0.00087,0.00006,0.98720,0.00000,0.00000,0.00001,0.00000,0.00000
0.98000,1.02194,0.00935,0.00113,0.00007,0.98944,0.00000,0.00000,0.00001,0.00000,0.00000
1.12000,1.02194,0.00886,0.00082,0.00004,0.99027,0.00000,0.00000,0.00001,0.00000,0.00000
1.26000,1.02194,0.01043,0.00100,0.00006,0.98850,0.00000,0.00000,0.00001,0.00000,0.00000
1.40000,1.02194,0.00923,0.00107,0.00006,0.98964,0.00000,0.00000,0.00001,0.00000,0.00000
1.54000,1.02194,0.01077,0.00095,0.00005,0.98821,0.00000,0.00000,0.00001,0.00000,0.00000
1.68000,1.02194,0.01020,0.00217,0.00011,0.98750,0.00000,0.00000,0.00001,0.00000,0.00000
1.82000,1.02194,0.01251,0.00155,0.00009,0.98583,0.00000,0.00000,0.00002,0.00000,0.00000
1.96000,1.02194,0.01268,0.00152,0.00009,0.98569,0.00000,0.00000,0.00002,0.00000,0.00000
2.10000,1.02194,0.01407,0.00111,0.00007,0.98473,0.00000,0.00000,0.00002,0.00000,0.00000
2.24000,1.02194,0.01062,0.00097,0.00008,0.98832,0.00000,0.00000,0.00001,0.00000,0.00000
2.38000,1.02194,0.00907,0.00102,0.00008,0.98983,0.00000,0.00000,0.00001,0.00000,0.00000
2.52000,1.02194,0.00787,0.00079,0.00004,0.99129,0.00000,0.00000,0.00001,0.00000,0.00000
2.66000,1.02194,0.00875,0.00078,0.00004,0.99042,0.00000,0.00000,0.00001,0.00000,0.00000
2.80000,1.02194,0.00757,0.00083,0.00005,0.99154,0.00000,0.00000,0.00001,0.00000,0.00000
2.94000,1.02194,0.00609,0.00039,0.00002,0.99349,0.00000,0.00000,0.00001,0.00000,0.00000
3.08000,1.02194,0.00591,0.00110,0.00009,0.99289,0.00000,0.00000,0.00000,0.00000,0.00000
3.22000,1.02194,0.00978,0.00211,0.00008,0.98802,0.00000,0.00000,0.00001,0.00000,0.00000
3.36000,1.02194,0.00782,0.00104,0.00004,0.99109,0.00000,0.00000,0.00001,0.00000,0.00000
3.50000,1.02194,0.01021,0.00091,0.00003,0.98884,0.00000,0.00000,0.00001,0.00000,0.00000
3.64000,1.02194,0.00898,0.00077,0.00002,0.99022,0.00000,0.00000,0.00001,0.00000,0.00000
3.78000,1.02194,0.00850,0.00056,0.00002,0.99091,0.00000,0.00000,0.00001,0.00000,0.00000
3.92000,1.02194,0.00924,0.00100,0.00004,0.98971,0.00000,0.00000,0.00001,0.00000,0.00000
4.06000,1.02194,0.01308,0.00139,0.00005,0.98546,0.00000,0.00000,0.00002,0.00000,0.00000
4.20000,1.02194,0.01004,0.00086,0.00006,0.98902,0.00000,0.00000,0.00001,0.00000,0.00000
4.34000,1.02194,0.01096,0.00094,0.00008,0.98801,0.00000,0.00000,0.00001,0.00000,0.00000
4.48000,1.02194,0.01045,0.00092,0.00010,0.98852,0.00000,0.00000,0.00001,0.00000,0.00000
4.62000,1.02194,0.01283,0.00059,0.00005,0.98652,0.00000,0.00000,0.00002,0.00000,0.00000
4.76000,1.02194,0.01079,0.00074,0.00006,0.98839,0.00000,0.00000,0.00001,0.00000,0.00000
4.90000,1.02194,0.00793,0.00032,0.00002,0.99172,0.00000,0.00000,0.00001,0.00000,0.00000
5.04000,1.02194,0.00915,0.00045,0.00003,0.99036,0.00000,0.00000,0.00001,0.00000,0.00000
5.18000,1.02194,0.00676,0.00057,0.00004,0.99263,0.00000,0.00000,0.00001,0.00000,0.00000
5.32000,1.02194,0.00776,0.00062,0.00002,0.99158,0.00000,0.00000,0.00001,0.00000,0.00000
5.46000,1.02194,0.00811,0.00146,0.00006,0.99037,0.00000,0.00000,0.00001,0.00000,0.00000
5.60000,1.02194,0.00675,0.00094,0.00002,0.99228,0.00000,0.00000,0.00001,0.00000,0.00000
5.74000,1.02194,0.00771,0.00137,0.00004,0.99087,0.00000,0.00000,0.00001,0.00000,0.00000
5.88000,1.02194,0.00908,0.00122,0.00003,0.98966,0.00000,0.00000,0.00001,0.00000,0.00000
6.02000,1.02194,0.00910,0.00443,0.00015,0.98630,0.00000,0.00000,0.00001,0.00000,0.00000
6.16000,1.02194,0.00959,0.00176,0.00003,0.98860,0.00000,0.00000,0.00001,0.00000,0.00000
6.30000,1.02194,0.01073,0.00348,0.00005,0.98573,0.00000,0.00000,0.00001,0.00000,0.00000
6.44000,1.02194,0.00757,0.00138,0.00003,0.99101,0.00000,0.00000,0.00001,0.00000,0.00000
6.58000,1.02194,0.00837,0.00175,0.00004,0.98982,0.00000,0.00000,0.00001,0.00000,0.00000
6.72000,1.02194,0.00723,0.00153,0.00003,0.99121,0.00000,0.00000,0.00001,0.00000,0.00000
6.86000,1.02194,0.00678,0.00127,0.00002,0.99192,0.00000,0.00000,0.00001,0.00000,0.00000
7.00000,1.02194,0.00760,0.00163,0.00006,0.99069,0.00000,0.00000,0.00001,0.00000,0.00000
7.14000,1.02194,0.00421,0.00107,0.00003,0.99468,0.00000,0.00000,0.00000,0.00000,0.00000
7.28000,1.02194,0.00399,0.00052,0.00001,0.99547,0.00000,0.00000,0.00000,0.00000,0.00000
7.42000,1.02194,0.00414,0.00079,0.00002,0.99504,0.00000,0.00000,0.00000,0.00000,0.00000
7.56000,1.02194,0.00408,0.00055,0.00002,0.99535,0.00000,0.00000,0.00000,0.00000,0.00000
7.70000,1.02194,0.00407,0.00061,0.00003,0.99529,0.00000,0.00000,0.00000,0.00000,0.00000
7.84000,1.02194,0.00319,0.00051,0.00001,0.99628,0.00000,0.00000,0.00000,0.00000,0.00000
7.98000,1.02194,0.00391,0.00056,0.00002,0.99550,0.00000,0.00000,0.00000,0.00000,0.00000
8.12000,1.02194,0.00497,0.00050,0.00002,0.99450,0.00000,0.00000,0.00000,0.00000,0.00000
8.26000,1.02194,0.00482,0.00039,0.00002,0.99476,0.00000,0.00000,0.00000,0.00000,0.00000
8.40000,1.02194,0.00466,0.00030,0.00001,0.99502,0.00000,0.00000,0.00000,0.00000,0.00000
8.54000,1.02194,0.00511,0.00032,0.00002,0.99455,0.00000,0.00000,0.00000,0.00000,0.00000
8.68000,1.02194,0.00619,0.00040,0.00003,0.99337,0.00000,0.00000,0.00001,0.00000,0.00000
8.82000,1.02194,0.00362,0.00123,0.00020,0.99494,0.00000,0.00000,0.00000,0.00000,0.00000
8.96000,1.02194,0.00254,0.00056,0.00001,0.99689,0.00000,0.00000,0.00000,0.00000,0.00000
9.10000,1.02194,0.00354,0.00058,0.00001,0.99588,0.00000,0.00000,0.00000,0.00000,0.00000
9.24000,1.02194,0.00343,0.00101,0.00001,0.99554,0.00000,0.00000,0.00000,0.00000,0.00000
9.38000,1.02194,0.00332,0.00083,0.00001,0.99584,0.00000,0.00000,0.00000,0.00000,0.00000
9.52000,1.02194,0.00351,0.00035,0.00000,0.99613,0.00000,0.00000,0.00001,0.00000,0.00000
9.66000,1.02194,0.00222,0.00157,0.00003,0.99618,0.00000,0.00000,0.00000,0.00000,0.00000
9.80000,1.02194,0.00282,0.00156,0.00003,0.99557,0.00000,0.00000,0.00000,0.00000,0.00000
9.94000,1.02194,0.00295,0.00131,0.00004,0.99570,0.00000,0.00000,0.00000,0.00000,0.00000
10.08000,1.02194,0.00413,0.00055,0.00001,0.99530,0.00000,0.00000,0.00001,0.00000,0.00000
10.22000,1.02194,0.00443,0.00047,0.00001,0.99507,0.00000,0.00000,0.00001,0.00000,0.00000
10.36000,1.02194,0.00400,0.00054,0.00001,0.99544,0.00000,0.00000,0.00001,0.00000,0.00000
10.50000,1.02194,0.00378,0.00070,0.00001,0.99551,0.00000,0.00000,0.00001,0.00000,0.00000
10.64000,1.02194,0.00338,0.00106,0.00002,0.99554,0.00000,0.00000,0.00001,0.00000,0.00000
10.78000,1.02194,0.00237,0.00056,0.00001,0.99706,0.00000,0.00000,0.00000,0.00000,0.00000
10.92000,1.02194,0.00157,0.00043,0.00002,0.99798,0.00000,0.00000,0.00000,0.00000,0.00000
11.06000,1.02194,0.00128,0.00046,0.00001,0.99825,0.00000,0.00000,0.00000,0.00000,0.00000
11.20000,1.02194,0.00109,0.00014,0.00000,0.99876,0.00000,0.00000,0.00000,0.00000,0.00000
11.34000,1.02194,0.00108,0.00009,0.00000,0.99883,0.00000,0.00000,0.00000,0.00000,0.00000
11.48000,1.02194,0.00101,0.00004,0.00000,0.99895,0.00000,0.00000,0.00000,0.00000,0.00000
11.62000,1.02194,0.00119,0.00006,0.00000,0.99875,0.00000,0.00000,0.00000,0.00000,0.00000
11.76000,1.02194,0.00110,0.00018,0.00000,0.99872,0.00000,0.00000,0.00000,0.00000,0.00000
11.90000,1.02194,0.00141,0.00022,0.00000,0.99837,0.00000,0.00000,0.00000,0.00000,0.00000
12.04000,1.02194,0.00297,0.00073,0.00004,0.99626,0.00000,0.00000,0.00000,0.00000,0.00000
12.18000,1.02194,0.00374,0.00311,0.00015,0.99300,0.00000,0.00000,0.00000,0.00000,0.00000
12.32000,1.02194,0.00661,0.00457,0.00013,0.98868,0.00000,0.00000,0.00001,0.00000,0.00000
12.46000,1.02194,0.00422,0.01324,0.00022,0.98231,0.00000,0.00000,0.00000,0.00000,0.00000
12.60000,1.02194,0.00492,0.01720,0.00007,0.97780,0.00000,0.00000,0.00001,0.00000,0.00000
12.74000,1.02194,0.00512,0.04697,0.00084,0.94697,0.00000,0.00006,0.00001,0.00002,0.00000
12.88000,1.02194,0.00536,0.00728,0.00003,0.98731,0.00000,0.00000,0.00001,0.00000,0.00000
13.02000,1.02194,0.00304,0.00385,0.00002,0.99309,0.00000,0.00000,0.00001,0.00000,0.00000
13.16000,1.02194,0.00256,0.00120,0.00000,0.99623,0.00000,0.00000,0.00001,0.00000,0.00000
13.30000,1.02194,0.00179,0.00063,0.00000,0.99757,0.00000,0.00000,0.00000,0.00000,0.00000
13.44000,1.02194,0.00164,0.00025,0.00000,0.99811,0.00000,0.00000,0.00000,0.00000,0.00000
13.58000,1.02194,0.00196,0.00029,0.00000,0.99775,0.00000,0.00000,0.00000,0.00000,0.00000
13.72000,1.02194,0.00167,0.00023,0.00000,0.99810,0.00000,0.00000,0.00000,0.00000,0.00000
13.86000,1.02194,0.00149,0.00039,0.00001,0.99810,0.00000,0.00000,0.00000,0.00000,0.00000
14.00000,1.02194,0.00400,0.00026,0.00000,0.99573,0.00000,0.00000,0.00000,0.00000,0.00000
14.14000,1.02194,0.00839,0.00009,0.00000,0.99148,0.00000,0.00000,0.00004,0.00000,0.00000
14.28000,1.02194,0.00793,0.00013,0.00000,0.99191,0.00000,0.00000,0.00003,0.00000,0.00000
14.42000,1.02194,0.00540,0.00010,0.00000,0.99448,0.00000,0.00000,0.00001,0.00000,0.00000
14.56000,1.02194,0.00547,0.00004,0.00000,0.99447,0.00000,0.00000,0.00002,0.00000,0.00000
14.70000,1.02194,0.00860,0.00006,0.00000,0.99131,0.00000,0.00000,0.00002,0.00000,0.00000
14.84000,1.02194,0.00334,0.00042,0.00001,0.99622,0.00000,0.00000,0.00000,0.00000,0.00000
14.98000,1.02194,0.00117,0.00029,0.00001,0.99853,0.00000,0.00000,0.00000,0.00000,0.00000
15.12000,1.02194,0.00108,0.00037,0.00001,0.99854,0.00000,0.00000,0.00000,0.00000,0.00000
15.26000,1.02194,0.00174,0.00038,0.00001,0.99787,0.00000,0.00000,0.00000,0.00000,0.00000
15.40000,1.02194,0.00159,0.00019,0.00000,0.99821,0.00000,0.00000,0.00000,0.00000,0.00000
15.54000,1.02194,0.00171,0.00020,0.00000,0.99808,0.00000,0.00000,0.00000,0.00000,0.00000
15.68000,1.02194,0.00285,0.00037,0.00001,0.99677,0.00000,0.00000,0.00000,0.00000,0.00000
15.82000,1.02194,0.00461,0.00079,0.00002,0.99458,0.00000,0.00000,0.00001,0.00000,0.00000
15.96000,1.02194,0.00620,0.00091,0.00004,0.99285,0.00000,0.00000,0.00001,0.00000,0.00000
16.10000,1.02194,0.00916,0.00134,0.00008,0.98940,0.00000,0.00000,0.00001,0.00000,0.00000
16.24000,1.02194,0.00914,0.00109,0.00007,0.98968,0.00000,0.00000,0.00001,0.00000,0.00000
16.38000,1.02194,0.01057,0.00099,0.00006,0.98836,0.00000,0.00000,0.00001,0.00000,0.00000
16.52000,1.02194,0.01085,0.00108,0.00009,0.98796,0.00000,0.00000,0.00001,0.00000,0.00000
16.66000,1.02194,0.00933,0.00094,0.00009,0.98964,0.00000,0.00000,0.00001,0.00000,0.00000
16.80000,1.02194,0.00929,0.00090,0.00004,0.98975,0.00000,0.00000,0.00001,0.00000,0.00000
16.94000,1.02194,0.00889,0.00061,0.00003,0.99046,0.00000,0.00000,0.00001,0.00000,0.00000
17.08000,1.02194,0.00944,0.00096,0.00005,0.98955,0.00000,0.00000,0.00001,0.00000,0.00000
17.22000,1.02194,0.00720,0.00055,0.00003,0.99220,0.00000,0.00000,0.00001,0.00000,0.00000
17.36000,1.02194,0.00650,0.00041,0.00002,0.99305,0.00000,0.00000,0.00001,0.00000,0.00000
17.50000,1.02194,0.00829,0.00026,0.00003,0.99141,0.00000,0.00000,0.00002,0.00000,0.00000
17.64000,1.02194,0.01053,0.00029,0.00005,0.98912,0.00000,0.00000,0.00002,0.00000,0.00000
17.78000,1.02194,0.00844,0.00044,0.00009,0.99101,0.00000,0.00000,0.00001,0.00000,0.00000
17.92000,1.02194,0.01002,0.00069,0.00014,0.98913,0.00000,0.00000,0.00002,0.00000,0.00000
18.06000,1.02194,0.01452,0.00109,0.00021,0.98414,0.00000,0.00000,0.00003,0.00000,0.00000
18.20000,1.02194,0.02068,0.00256,0.00063,0.97607,0.00000,0.00000,0.00005,0.00000,0.00000
18.34000,1.02194,0.02605,0.00494,0.00069,0.96823,0.00000,0.00000,0.00007,0.00000,0.00001
18.48000,1.02194,0.01997,0.01469,0.00048,0.96478,0.00000,0.00000,0.00006,0.00000,0.00001
18.62000,1.02194,0.02277,0.00998,0.00034,0.96682,0.00000,0.00000,0.00008,0.00000,0.00001
18.76000,1.02194,0.02149,0.01011,0.00040,0.96794,0.00000,0.00000,0.00006,0.00000,0.00001
18.90000,1.02194,0.01805,0.00283,0.00009,0.97897,0.00000,0.00000,0.00005,0.00000,0.00000
19.04000,1.02194,0.00930,0.00311,0.00011,0.98747,0.00000,0.00000,0.00002,0.00000,0.00000
19.18000,1.02194,0.00377,0.00099,0.00001,0.99522,0.00000,0.00000,0.00000,0.00000,0.00000
19.32000,1.02194,0.00644,0.00079,0.00002,0.99274,0.00000,0.00000,0.00001,0.00000,0.00000
19.46000,1.02194,0.00988,0.00072,0.00002,0.98936,0.00000,0.00000,0.00002,0.00000,0.00000
19.60000,1.02194,0.00919,0.00062,0.00002,0.99016,0.00000,0.00000,0.00001,0.00000,0.00000
19.74000,1.02194,0.01192,0.00062,0.00001,0.98742,0.00000,0.00000,0.00003,0.00000,0.00000
19.88000,1.02194,0.01393,0.00150,0.00005,0.98449,0.00000,0.00000,0.00003,0.00000,0.00000
20.02000,1.02194,0.02330,0.00383,0.00041,0.97242,0.00000,0.00000,0.00003,0.00000,0.00000
20.16000,1.02194,0.03205,0.00513,0.00072,0.96205,0.00001,0.00000,0.00004,0.00000,0.00001
20.30000,1.02194,0.02660,0.00444,0.00034,0.96857,0.00000,0.00000,0.00003,0.00000,0.00001
20.44000,1.02194,0.03626,0.01305,0.00130,0.94931,0.00001,0.00000,0.00005,0.00000,0.00002
20.58000,1.02194,0.03960,0.01593,0.00174,0.94265,0.00001,0.00000,0.00005,0.00000,0.00002
20.72000,1.02194,0.03396,0.00606,0.00082,0.95911,0.00001,0.00000,0.00004,0.00000,0.00001
20.86000,1.02194,0.02981,0.00610,0.00088,0.96316,0.00001,0.00000,0.00003,0.00000,0.00001
21.00000,1.02194,0.01029,0.00555,0.00091,0.98323,0.00000,0.00001,0.00001,0.00000,0.00000
21.14000,1.02194,0.00541,0.00050,0.00002,0.99407,0.00000,0.00000,0.00001,0.00000,0.00000
21.28000,1.02194,0.00493,0.00035,0.00001,0.99470,0.00000,0.00000,0.00000,0.00000,0.00000
21.42000,1.02194,0.00434,0.00038,0.00001,0.99527,0.00000,0.00000,0.00000,0.00000,0.00000
21.56000,1.02194,0.00459,0.00063,0.00002,0.99476,0.00000,0.00000,0.00000,0.00000,0.00000
21.70000,1.02194,0.00546,0.00045,0.00001,0.99407,0.00000,0.00000,0.00001,0.00000,0.00000
21.84000,1.02194,0.00714,0.00181,0.00008,0.99096,0.00000,0.00000,0.00001,0.00000,0.00000
21.98000,1.02194,0.01136,0.00130,0.00009,0.98724,0.00000,0.00000,0.00001,0.00000,0.00000
22.12000,1.02194,0.01087,0.00105,0.00007,0.98800,0.00000,0.00000,0.00001,0.00000,0.00000
22.26000,1.02194,0.01096,0.00114,0.00007,0.98782,0.00000,0.00000,0.00001,0.00000,0.00000
22.40000,1.02194,0.00890,0.00121,0.00008,0.98980,0.00000,0.00000,0.00001,0.00000,0.00000
22.54000,1.02194,0.00862,0.00084,0.00005,0.99047,0.00000,0.00000,0.00001,0.00000,0.00000
22.68000,1.02194,0.00704,0.00062,0.00003,0.99230,0.00000,0.00000,0.00001,0.00000,0.00000
22.82000,1.02194,0.00699,0.00092,0.00005,0.99203,0.00000,0.00000,0.00001,0.00000,0.00000
22.96000,1.02194,0.00696,0.00074,0.00004,0.99226,0.00000,0.00000,0.00001,0.00000,0.00000
23.10000,1.02194,0.00561,0.00088,0.00003,0.99348,0.00000,0.00000,0.00001,0.00000,0.00000
23.24000,1.02194,0.00634,0.00055,0.00002,0.99309,0.00000,0.00000,0.00001,0.00000,0.00000
23.38000,1.02194,0.00537,0.00100,0.00004,0.99359,0.00000,0.00000,0.00001,0.00000,0.00000
23.52000,1.02194,0.00543,0.00077,0.00002,0.99377,0.00000,0.00000,0.00001,0.00000,0.00000
23.66000,1.02194,0.00678,0.00076,0.00002,0.99243,0.00000,0.00000,0.00001,0.00000,0.00000
23.80000,1.02194,0.00575,0.00139,0.00006,0.99280,0.00000,0.00000,0.00001,0.00000,0.00000
23.94000,1.02194,0.00547,0.00110,0.00004,0.99338,0.00000,0.00000,0.00001,0.00000,0.00000
24.08000,1.02194,0.00742,0.00112,0.00007,0.99138,0.00000,0.00000,0.00001,0.00000,0.00000
24.22000,1.02194,0.00671,0.00186,0.00012,0.99130,0.00000,0.00000,0.00001,0.00000,0.00000
24.36000,1.02194,0.00456,0.00077,0.00004,0.99462,0.00000,0.00000,0.00001,0.00000,0.00000
24.50000,1.02194,0.00508,0.00078,0.00004,0.99410,0.00000,0.00000,0.00001,0.00000,0.00000
24.64000,1.02194,0.00536,0.00079,0.00004,0.99380,0.00000,0.00000,0.00001,0.00000,0.00000
24.78000,1.02194,0.00620,0.00060,0.00004,0.99315,0.00000,0.00000,0.00001,0.00000,0.00000
24.92000,1.02194,0.00671,0.00043,0.00003,0.99282,0.00000,0.00000,0.00001,0.00000,0.00000
25.06000,1.02194,0.00649,0.00069,0.00005,0.99275,0.00000,0.00000,0.00001,0.00000,0.00000
25.20000,1.02194,0.00575,0.00077,0.00007,0.99341,0.00000,0.00000,0.00000,0.00000,0.00000
25.34000,1.02194,0.00342,0.00035,0.00004,0.99619,0.00000,0.00000,0.00000,0.00000,0.00000
25.48000,1.02194,0.00254,0.00027,0.00001,0.99717,0.00000,0.00000,0.00000,0.00000,0.00000
25.62000,1.02194,0.00246,0.00005,0.00000,0.99749,0.00000,0.00000,0.00000,0.00000,0.00000
25.76000,1.02194,0.00226,0.00005,0.00000,0.99769,0.00000,0.00000,0.00000,0.00000,0.00000
25.90000,1.02194,0.00184,0.00009,0.00000,0.99807,0.00000,0.00000,0.00000,0.00000,0.00000
26.04000,1.02194,0.00272,0.00005,0.00000,0.99723,0.00000,0.00000,0.00001,0.00000,0.00000
26.18000,1.02194,0.00379,0.00013,0.00000,0.99608,0.00000,0.00000,0.00000,0.00000,0.00000
26.32000,1.02194,0.00629,0.00230,0.00004,0.99136,0.00000,0.00000,0.00001,0.00000,0.00000
26.46000,1.02194,0.00955,0.00221,0.00008,0.98815,0.00000,0.00000,0.00001,0.00000,0.00000
26.60000,1.02194,0.00933,0.00617,0.00024,0.98425,0.00000,0.00000,0.00001,0.00000,0.00000
26.74000,1.02194,0.00994,0.00322,0.00006,0.98676,0.00000,0.00000,0.00001,0.00000,0.00000
26.88000,1.02194,0.00826,0.00310,0.00010,0.98852,0.00000,0.00000,0.00001,0.00000,0.00000
27.02000,1.02194,0.00668,0.00129,0.00002,0.99201,0.00000,0.00000,0.00001,0.00000,0.00000
27.16000,1.02194,0.00525,0.00160,0.00003,0.99311,0.00000,0.00000,0.00000,0.00000,0.00000
27.30000,1.02194,0.00416,0.00151,0.00002,0.99430,0.00000,0.00000,0.00000,0.00000,0.00000
27.44000,1.02194,0.00364,0.00090,0.00001,0.99545,0.00000,0.00000,0.00000,0.00000,0.00000
27.58000,1.02194,0.00338,0.00032,0.00001,0.99629,0.00000,0.00000,0.00000,0.00000,0.00000
27.72000,1.02194,0.00239,0.00076,0.00001,0.99683,0.00000,0.00000,0.00000,0.00000,0.00000
27.86000,1.02194,0.00156,0.00010,0.00000,0.99834,0.00000,0.00000,0.00000,0.00000,0.00000
28.00000,1.02194,0.00147,0.00016,0.00000,0.99836,0.00000,0.00000,0.00000,0.00000,0.00000
28.14000,1.02194,0.00084,0.00022,0.00000,0.99893,0.00000,0.00000,0.00000,0.00000,0.00000
28.28000,1.02194,0.00051,0.00006,0.00000,0.99943,0.00000,0.00000,0.00000,0.00000,0.00000
28.42000,1.02194,0.00058,0.00031,0.00000,0.99910,0.00000,0.00000,0.00000,0.00000,0.00000
28.56000,1.02194,0.00056,0.00076,0.00001,0.99867,0.00000,0.00000,0.00000,0.00000,0.00000
28.70000,1.02194,0.00070,0.00007,0.00000,0.99923,0.00000,0.00000,0.00000,0.00000,0.00000
28.84000,1.02194,0.00101,0.00021,0.00000,0.99878,0.00000,0.00000,0.00000,0.00000,0.00000
28.98000,1.02194,0.00121,0.00021,0.00000,0.99857,0.00000,0.00000,0.00000,0.00000,0.00000
29.12000,1.02194,0.00186,0.00019,0.00000,0.99795,0.00000,0.00000,0.00000,0.00000,0.00000
29.26000,1.02194,0.00303,0.00045,0.00001,0.99651,0.00000,0.00000,0.00000,0.00000,0.00000
29.40000,1.02194,0.00417,0.00056,0.00001,0.99525,0.00000,0.00000,0.00000,0.00000,0.00000
29.54000,1.02194,0.00742,0.00027,0.00002,0.99229,0.00000,0.00000,0.00001,0.00000,0.00000
29.68000,1.02194,0.00601,0.00052,0.00004,0.99343,0.00000,0.00000,0.00001,0.00000,0.00000
29.82000,1.02194,0.00611,0.00039,0.00002,0.99346,0.00000,0.00000,0.00001,0.00000,0.00000
29.96000,1.02194,0.00541,0.00055,0.00004,0.99399,0.00000,0.00000,0.00000,0.00000,0.00000
30.10000,1.02194,0.00432,0.00069,0.00005,0.99494,0.00000,0.00000,0.00000,0.00000,0.00000
30.24000,1.02194,0.00243,0.00063,0.00004,0.99690,0.00000,0.00000,0.00000,0.00000,0.00000
30.38000,1.02194,0.00190,0.00033,0.00001,0.99776,0.00000,0.00000,0.00000,0.00000,0.00000
30.52000,1.02194,0.00190,0.00055,0.00001,0.99754,0.00000,0.00000,0.00000,0.00000,0.00000
30.66000,1.02194,0.00265,0.00022,0.00000,0.99713,0.00000,0.00000,0.00000,0.00000,0.00000
30.80000,1.02194,0.00203,0.00021,0.00000,0.99775,0.00000,0.00000,0.00000,0.00000,0.00000
30.94000,1.02194,0.00122,0.00042,0.00001,0.99836,0.00000,0.00000,0.00000,0.00000,0.00000
31.08000,1.02194,0.00131,0.00062,0.00001,0.99806,0.00000,0.00000,0.00000,0.00000,0.00000
31.22000,1.02194,0.00161,0.00026,0.00000,0.99813,0.00000,0.00000,0.00000,0.00000,0.00000
31.36000,1.02194,0.00126,0.00020,0.00000,0.99854,0.00000,0.00000,0.00000,0.00000,0.00000
31.50000,1.02194,0.00094,0.00014,0.00000,0.99892,0.00000,0.00000,0.00000,0.00000,0.00000
31.64000,1.02194,0.00073,0.00015,0.00000,0.99911,0.00000,0.00000,0.00000,0.00000,0.00000
31.78000,1.02194,0.00054,0.00018,0.00000,0.99928,0.00000,0.00000,0.00000,0.00000,0.00000
31.92000,1.02194,0.00063,0.00020,0.00000,0.99917,0.00000,0.00000,0.00000,0.00000,0.00000
32.06000,1.02193,0.00074,0.00007,0.00000,0.99918,0.00000,0.00000,0.00000,0.00000,0.00000
32.20000,1.02194,0.00276,0.00074,0.00000,0.99649,0.00000,0.00000,0.00000,0.00000,0.00000
32.34000,1.02194,0.00230,0.00003,0.00000,0.99766,0.00000,0.00000,0.00002,0.00000,0.00000
32.48000,1.02194,0.02621,0.00001,0.00000,0.97333,0.00000,0.00000,0.00046,0.00000,0.00000
32.62000,1.02194,0.04302,0.00003,0.00000,0.95541,0.00000,0.00000,0.00152,0.00000,0.00002
32.76000,1.02194,0.05382,0.00001,0.00000,0.94366,0.00000,0.00000,0.00245,0.00000,0.00006
32.90000,1.02193,0.09699,0.00001,0.00000,0.90131,0.00000,0.00000,0.00165,0.00000,0.00004
33.04000,1.02194,0.13671,0.00000,0.00000,0.86133,0.00000,0.00000,0.00192,0.00000,0.00004
33.18000,1.02194,0.09934,0.00000,0.00000,0.90001,0.00000,0.00000,0.00064,0.00000,0.00002
33.32000,1.02194,0.00756,0.00022,0.00001,0.99220,0.00000,0.00000,0.00001,0.00000,0.00000
33.46000,1.02194,0.00314,0.00004,0.00000,0.99682,0.00000,0.00000,0.00000,0.00000,0.00000
33.60000,1.02194,0.00197,0.00002,0.00000,0.99801,0.00000,0.00000,0.00000,0.00000,0.00000
33.74000,1.02193,0.00290,0.00000,0.00000,0.99709,0.00000,0.00000,0.00000,0.00000,0.00000
33.88000,1.02194,0.00288,0.00003,0.00000,0.99709,0.00000,0.00000,0.00000,0.00000,0.00000
34.02000,1.02194,0.00155,0.00002,0.00000,0.99843,0.00000,0.00000,0.00000,0.00000,0.00000
34.16000,1.02194,0.00159,0.00003,0.00000,0.99838,0.00000,0.00000,0.00000,0.00000,0.00000
34.30000,1.02194,0.00509,0.00053,0.00002,0.99435,0.00000,0.00000,0.00001,0.00000,0.00000
34.44000,1.02194,0.01317,0.00037,0.00001,0.98641,0.00000,0.00000,0.00005,0.00000,0.00000
34.58000,1.02193,0.01184,0.00020,0.00000,0.98790,0.00000,0.00000,0.00005,0.00000,0.00000
34.72000,1.02193,0.01018,0.00025,0.00001,0.98951,0.00000,0.00000,0.00005,0.00000,0.00000
34.86000,1.02194,0.01032,0.00061,0.00004,0.98897,0.00000,0.00000,0.00005,0.00000,0.00000
35.00000,1.02194,0.01371,0.00121,0.00010,0.98491,0.00000,0.00000,0.00006,0.00000,0.00000
35.14000,1.02194,0.02084,0.00054,0.00001,0.97847,0.00000,0.00000,0.00014,0.00000,0.00000
35.28000,1.02194,0.01229,0.00063,0.00004,0.98699,0.00000,0.00000,0.00005,0.00000,0.00000
35.42000,1.02194,0.00941,0.00110,0.00009,0.98936,0.00000,0.00000,0.00003,0.00000,0.00000
35.56000,1.02193,0.01116,0.00045,0.00002,0.98834,0.00000,0.00000,0.00004,0.00000,0.00000
35.70000,1.02194,0.00928,0.00042,0.00001,0.99026,0.00000,0.00000,0.00003,0.00000,0.00000
35.84000,1.02194,0.00889,0.00102,0.00006,0.99001,0.00000,0.00000,0.00001,0.00000,0.00000
35.98000,1.02194,0.00653,0.00050,0.00002,0.99294,0.00000,0.00000,0.00001,0.00000,0.00000
36.12000,1.02194,0.00599,0.00038,0.00002,0.99360,0.00000,0.00000,0.00001,0.00000,0.00000
36.26000,1.02194,0.00454,0.00046,0.00003,0.99496,0.00000,0.00000,0.00001,0.00000,0.00000
36.40000,1.02193,0.00594,0.00057,0.00003,0.99345,0.00000,0.00000,0.00001,0.00000,0.00000
36.54000,1.02194,0.01230,0.00026,0.00002,0.98738,0.00000,0.00000,0.00004,0.00000,0.00000
36.68000,1.02194,0.00678,0.00041,0.00007,0.99273,0.00000,0.00000,0.00001,0.00000,0.00000
36.82000,1.02194,0.00519,0.00017,0.00001,0.99462,0.00000,0.00000,0.00001,0.00000,0.00000
36.96000,1.02194,0.00605,0.00016,0.00001,0.99376,0.00000,0.00000,0.00001,0.00000,0.00000
37.10000,1.02194,0.00821,0.00112,0.00018,0.99048,0.00000,0.00000,0.00001,0.00000,0.00000
37.24000,1.02193,0.00706,0.00073,0.00002,0.99217,0.00000,0.00000,0.00002,0.00000,0.00000
37.38000,1.02194,0.00730,0.00056,0.00002,0.99210,0.00000,0.00000,0.00002,0.00000,0.00000
37.52000,1.02194,0.01584,0.00682,0.00085,0.97644,0.00000,0.00001,0.00003,0.00001,0.00000
37.66000,1.02194,0.04335,0.00721,0.00182,0.94749,0.00001,0.00001,0.00009,0.00001,0.00001
37.80000,1.02194,0.10714,0.01189,0.00673,0.87383,0.00003,0.00003,0.00025,0.00002,0.00007
37.94000,1.02194,0.17122,0.02643,0.03020,0.77114,0.00011,0.00012,0.00040,0.00008,0.00029
38.08000,1.02193,0.24795,0.00497,0.00652,0.73933,0.00004,0.00001,0.00055,0.00001,0.00063
38.22000,1.02193,0.39243,0.00432,0.00774,0.59283,0.00004,0.00000,0.00099,0.00000,0.00164
38.36000,1.02194,0.25108,0.00607,0.03031,0.71174,0.00014,0.00007,0.00027,0.00004,0.00028
38.50000,1.02194,0.13363,0.00423,0.00380,0.85806,0.00005,0.00001,0.00015,0.00001,0.00007
38.64000,1.02194,0.05668,0.00371,0.00222,0.93730,0.00002,0.00001,0.00005,0.00000,0.00001
38.78000,1.02194,0.02473,0.00258,0.00065,0.97202,0.00000,0.00000,0.00002,0.00000,0.00000
38.92000,1.02194,0.01026,0.00451,0.00021,0.98500,0.00000,0.00000,0.00001,0.00000,0.00000
39.06000,1.02193,0.00664,0.00133,0.00003,0.99198,0.00000,0.00000,0.00001,0.00000,0.00000
39.20000,1.02194,0.00756,0.00195,0.00006,0.99042,0.00000,0.00000,0.00001,0.00000,0.00000
39.34000,1.02194,0.00545,0.00171,0.00004,0.99280,0.00000,0.00000,0.00000,0.00000,0.00000
39.48000,1.02194,0.00387,0.00129,0.00002,0.99481,0.00000,0.00000,0.00000,0.00000,0.00000
39.62000,1.02194,0.00354,0.00363,0.00008,0.99275,0.00000,0.00000,0.00000,0.00000,0.00000
39.76000,1.02194,0.00425,0.00254,0.00002,0.99318,0.00000,0.00000,0.00001,0.00000,0.00000
39.90000,1.02193,0.00482,0.00194,0.00003,0.99320,0.00000,0.00000,0.00001,0.00000,0.00000
40.04000,1.02194,0.00593,0.00450,0.00006,0.98948,0.00000,0.00000,0.00002,0.00000,0.00000
40.18000,1.02194,0.00776,0.01506,0.00023,0.97689,0.00001,0.00001,0.00004,0.00001,0.00000
40.32000,1.02194,0.00881,0.01391,0.00019,0.97701,0.00000,0.00001,0.00006,0.00001,0.00000
40.46000,1.02194,0.01305,0.04364,0.00093,0.94221,0.00001,0.00005,0.00007,0.00004,0.00000
40.60000,1.02194,0.01652,0.01096,0.00017,0.97222,0.00001,0.00000,0.00012,0.00000,0.00000
40.74000,1.02193,0.01427,0.00487,0.00016,0.98063,0.00000,0.00000,0.00006,0.00000,0.00000
40.88000,1.02194,0.01181,0.00139,0.00006,0.98669,0.00000,0.00000,0.00005,0.00000,0.00000
41.02000,1.02194,0.01154,0.00107,0.00008,0.98729,0.00000,0.00000,0.00003,0.00000,0.00000
41.16000,1.02194,0.01091,0.00083,0.00012,0.98812,0.00000,0.00000,0.00002,0.00000,0.00000
41.30000,1.02194,0.01091,0.00046,0.00007,0.98854,0.00000,0.00000,0.00001,0.00000,0.00000
41.44000,1.02194,0.01092,0.00032,0.00007,0.98868,0.00000,0.00000,0.00001,0.00000,0.00000
41.58000,1.02193,0.00739,0.00025,0.00004,0.99231,0.00000,0.00000,0.00001,0.00000,0.00000
41.72000,1.02193,0.00589,0.00032,0.00007,0.99372,0.00000,0.00000,0.00000,0.00000,0.00000
41.86000,1.02194,0.00374,0.00055,0.00005,0.99565,0.00000,0.00000,0.00000,0.00000,0.00000
42.00000,1.02194,0.00330,0.00026,0.00001,0.99642,0.00000,0.00000,0.00000,0.00000,0.00000
42.14000,1.02194,0.00361,0.00027,0.00001,0.99610,0.00000,0.00000,0.00000,0.00000,0.00000
42.28000,1.02194,0.00267,0.00035,0.00002,0.99695,0.00000,0.00000,0.00000,0.00000,0.00000
42.42000,1.02194,0.00252,0.00011,0.00000,0.99736,0.00000,0.00000,0.00000,0.00000,0.00000
42.56000,1.02193,0.00200,0.00008,0.00000,0.99792,0.00000,0.00000,0.00000,0.00000,0.00000
42.70000,1.02194,0.00204,0.00007,0.00000,0.99789,0.00000,0.00000,0.00000,0.00000,0.00000
42.84000,1.02194,0.00244,0.00004,0.00000,0.99752,0.00000,0.00000,0.00000,0.00000,0.00000
42.98000,1.02194,0.00210,0.00002,0.00000,0.99788,0.00000,0.00000,0.00000,0.00000,0.00000
43.12000,1.02194,0.00148,0.00001,0.00000,0.99851,0.00000,0.00000,0.00000,0.00000,0.00000
43.26000,1.02194,0.00185,0.00004,0.00000,0.99810,0.00000,0.00000,0.00000,0.00000,0.00000
43.40000,1.02193,0.00162,0.00003,0.00000,0.99834,0.00000,0.00000,0.00000,0.00000,0.00000
43.54000,1.02194,0.00208,0.00004,0.00000,0.99787,0.00000,0.00000,0.00000,0.00000,0.00000
43.68000,1.02194,0.00222,0.00031,0.00001,0.99746,0.00000,0.00000,0.00000,0.00000,0.00000
43.82000,1.02194,0.00101,0.00003,0.00000,0.99896,0.00000,0.00000,0.00000,0.00000,0.00000
43.96000,1.02194,0.00172,0.00005,0.00000,0.99823,0.00000,0.00000,0.00000,0.00000,0.00000
44.10000,1.02194,0.00171,0.00008,0.00000,0.99821,0.00000,0.00000,0.00000,0.00000,0.00000
44.24000,1.02193,0.00183,0.00014,0.00000,0.99803,0.00000,0.00000,0.00000,0.00000,0.00000
44.38000,1.02194,0.00273,0.00016,0.00000,0.99711,0.00000,0.00000,0.00000,0.00000,0.00000
44.52000,1.02194,0.00671,0.00148,0.00002,0.99178,0.00000,0.00000,0.00001,0.00000,0.00000
44.66000,1.02194,0.00591,0.00203,0.00035,0.99169,0.00000,0.00001,0.00001,0.00000,0.00000
44.80000,1.02194,0.01684,0.00034,0.00002,0.98274,0.00000,0.00000,0.00007,0.00000,0.00000
44.94000,1.02194,0.01343,0.00077,0.00011,0.98564,0.00000,0.00000,0.00005,0.00000,0.00000
45.08000,1.02193,0.01331,0.00121,0.00018,0.98522,0.00000,0.00000,0.00007,0.00000,0.00000
45.22000,1.02193,0.02372,0.00110,0.00013,0.97476,0.00000,0.00000,0.00027,0.00000,0.00000
45.36000,1.02194,0.05439,0.00220,0.00025,0.94235,0.00001,0.00000,0.00078,0.00000,0.00001
45.50000,1.02194,0.13296,0.00352,0.00077,0.85963,0.00004,0.00001,0.00290,0.00001,0.00016
45.64000,1.02194,0.15279,0.00276,0.00057,0.84090,0.00004,0.00001,0.00278,0.00000,0.00015
45.78000,1.02194,0.15366,0.00308,0.00062,0.84017,0.00005,0.00001,0.00224,0.00001,0.00017
45.92000,1.02194,0.13939,0.00498,0.00138,0.85313,0.00008,0.00002,0.00090,0.00001,0.00012
46.06000,1.02193,0.05472,0.00506,0.00213,0.93791,0.00003,0.00003,0.00011,0.00001,0.00001
46.20000,1.02194,0.02611,0.00251,0.00065,0.97068,0.00001,0.00001,0.00003,0.00000,0.00000
46.34000,1.02194,0.01101,0.00106,0.00010,0.98781,0.00000,0.00000,0.00001,0.00000,0.00000
46.48000,1.02194,0.00490,0.00062,0.00002,0.99445,0.00000,0.00000,0.00001,0.00000,0.00000
46.62000,1.02194,0.00564,0.00050,0.00002,0.99383,0.00000,0.00000,0.00001,0.00000,0.00000
46.76000,1.02194,0.00532,0.00068,0.00003,0.99397,0.00000,0.00000,0.00001,0.00000,0.00000
46.90000,1.02193,0.00540,0.00064,0.00002,0.99393,0.00000,0.00000,0.00001,0.00000,0.00000
47.04000,1.02194,0.00588,0.00089,0.00005,0.99317,0.00000,0.00000,0.00001,0.00000,0.00000
47.18000,1.02194,0.00685,0.00089,0.00005,0.99221,0.00000,0.00000,0.00001,0.00000,0.00000
47.32000,1.02194,0.00751,0.00060,0.00004,0.99184,0.00000,0.00000,0.00001,0.00000,0.00000
47.46000,1.02194,0.00822,0.00052,0.00004,0.99121,0.00000,0.00000,0.00001,0.00000,0.00000
47.60000,1.02194,0.01572,0.00053,0.00002,0.98370,0.00000,0.00000,0.00003,0.00000,0.00000
47.74000,1.02193,0.02394,0.00034,0.00000,0.97561,0.00000,0.00000,0.00011,0.00000,0.00000
47.88000,1.02194,0.02025,0.00008,0.00000,0.97949,0.00000,0.00000,0.00017,0.00000,0.00001
48.02000,1.02194,0.02095,0.00018,0.00000,0.97870,0.00000,0.00000,0.00017,0.00000,0.00001
48.16000,1.02194,0.01329,0.00017,0.00000,0.98642,0.00000,0.00000,0.00011,0.00000,0.00000
48.30000,1.02194,0.00939,0.00019,0.00000,0.99034,0.00000,0.00000,0.00007,0.00000,0.00000
48.44000,1.02194,0.00821,0.00249,0.00000,0.98927,0.00000,0.00000,0.00002,0.00000,0.00000
48.58000,1.02193,0.00213,0.00017,0.00000,0.99770,0.00000,0.00000,0.00001,0.00000,0.00000
48.72000,1.02193,0.00234,0.00014,0.00000,0.99751,0.00000,0.00000,0.00000,0.00000,0.00000
48.86000,1.02194,0.00350,0.00024,0.00000,0.99625,0.00000,0.00000,0.00001,0.00000,0.00000
49.00000,1.02194,0.00317,0.00108,0.00001,0.99573,0.00000,0.00000,0.00001,0.00000,0.00000
49.14000,1.02194,0.00307,0.00027,0.00000,0.99665,0.00000,0.00000,0.00001,0.00000,0.00000
49.28000,1.02194,0.00771,0.00042,0.00000,0.99184,0.00000,0.00000,0.00002,0.00000,0.00000
49.42000,1.02194,0.00589,0.00061,0.00001,0.99347,0.00000,0.00000,0.00001,0.00000,0.00000
49.56000,1.02193,0.00586,0.00026,0.00000,0.99385,0.00000,0.00000,0.00003,0.00000,0.00000
49.70000,1.02194,0.01173,0.00007,0.00000,0.98813,0.00000,0.00000,0.00007,0.00000,0.00000
49.84000,1.02194,0.00791,0.00017,0.00000,0.99187,0.00000,0.00000,0.00005,0.00000,0.00000
49.98000,1.02194,0.00716,0.00014,0.00000,0.99266,0.00000,0.00000,0.00004,0.00000,0.00000
50.12000,1.02194,0.01323,0.00011,0.00000,0.98655,0.00000,0.00000,0.00010,0.00000,0.00000
50.26000,1.02194,0.01223,0.00012,0.00000,0.98757,0.00000,0.00000,0.00007,0.00000,0.00000
50.40000,1.02193,0.01741,0.00039,0.00001,0.98212,0.00000,0.00000,0.00007,0.00000,0.00000
50.54000,1.02194,0.01347,0.00017,0.00000,0.98623,0.00000,0.00000,0.00012,0.00000,0.00000
50.68000,1.02194,0.03446,0.00022,0.00000,0.96466,0.00000,0.00000,0.00065,0.00000,0.00001
50.82000,1.02194,0.06022,0.00013,0.00000,0.93848,0.00000,0.00000,0.00115,0.00000,0.00003
50.96000,1.02194,0.01787,0.00045,0.00001,0.98140,0.00000,0.00000,0.00026,0.00000,0.00000
51.10000,1.02194,0.01121,0.00096,0.00003,0.98771,0.00000,0.00000,0.00009,0.00000,0.00000
51.24000,1.02193,0.02245,0.00332,0.00018,0.97391,0.00000,0.00001,0.00012,0.00000,0.00000
51.38000,1.02194,0.02887,0.00331,0.00037,0.96726,0.00001,0.00001,0.00016,0.00000,0.00001
51.52000,1.02194,0.05218,0.03415,0.01323,0.89820,0.00020,0.00144,0.00023,0.00036,0.00001
51.66000,1.02194,0.12043,0.03627,0.03904,0.80218,0.00019,0.00122,0.00032,0.00031,0.00004
51.80000,1.02194,0.24612,0.01513,0.03282,0.70465,0.00011,0.00014,0.00070,0.00007,0.00027
51.94000,1.02194,0.37319,0.02816,0.29951,0.29565,0.00033,0.00081,0.00089,0.00031,0.00114
52.08000,1.02193,0.30397,0.01339,0.53006,0.14879,0.00056,0.00137,0.00041,0.00045,0.00101
52.22000,1.02193,0.31420,0.01425,0.50500,0.16285,0.00057,0.00142,0.00034,0.00050,0.00088
52.36000,1.02194,0.21690,0.01373,0.66685,0.09849,0.00052,0.00196,0.00018,0.00060,0.00077
52.50000,1.02194,0.17900,0.01561,0.70735,0.09392,0.00049,0.00214,0.00016,0.00066,0.00067
52.64000,1.02194,0.24882,0.02359,0.58062,0.14089,0.00070,0.00306,0.00034,0.00095,0.00104
52.78000,1.02194,0.42486,0.02596,0.12348,0.42158,0.00055,0.00054,0.00110,0.00025,0.00167
52.92000,1.02194,0.16321,0.04106,0.06970,0.72347,0.00038,0.00121,0.00037,0.00042,0.00017
53.06000,1.02193,0.07795,0.00883,0.00094,0.91200,0.00003,0.00002,0.00020,0.00001,0.00002
53.20000,1.02194,0.01809,0.01374,0.00174,0.96629,0.00002,0.00008,0.00001,0.00003,0.00000
53.34000,1.02194,0.00880,0.00160,0.00002,0.98956,0.00000,0.00000,0.00001,0.00000,0.00000
53.48000,1.02194,0.00336,0.00028,0.00000,0.99634,0.00000,0.00000,0.00001,0.00000,0.00000
53.62000,1.02194,0.00216,0.00026,0.00000,0.99758,0.00000,0.00000,0.00000,0.00000,0.00000
53.76000,1.02194,0.00256,0.00030,0.00000,0.99714,0.00000,0.00000,0.00000,0.00000,0.00000
53.90000,1.02193,0.00447,0.00026,0.00000,0.99527,0.00000,0.00000,0.00001,0.00000,0.00000
54.04000,1.02194,0.00454,0.00098,0.00002,0.99446,0.00000,0.00000,0.00001,0.00000,0.00000
54.18000,1.02194,0.00424,0.00039,0.00002,0.99535,0.00000,0.00000,0.00000,0.00000,0.00000
54.32000,1.02194,0.00498,0.00023,0.00001,0.99478,0.00000,0.00000,0.00001,0.00000,0.00000
54.46000,1.02194,0.00484,0.00063,0.00004,0.99449,0.00000,0.00000,0.00000,0.00000,0.00000
54.60000,1.02194,0.00488,0.00034,0.00001,0.99476,0.00000,0.00000,0.00001,0.00000,0.00000
54.74000,1.02193,0.00328,0.00034,0.00002,0.99636,0.00000,0.00000,0.00000,0.00000,0.00000
54.88000,1.02194,0.00313,0.00014,0.00001,0.99672,0.00000,0.00000,0.00000,0.00000,0.00000
55.02000,1.02194,0.00238,0.00023,0.00003,0.99736,0.00000,0.00000,0.00000,0.00000,0.00000
55.16000,1.02194,0.00201,0.00017,0.00002,0.99780,0.00000,0.00000,0.00000,0.00000,0.00000
55.30000,1.02194,0.00144,0.00016,0.00001,0.99838,0.00000,0.00000,0.00000,0.00000,0.00000
55.44000,1.02194,0.00117,0.00010,0.00001,0.99873,0.00000,0.00000,0.00000,0.00000,0.00000
55.58000,1.02193,0.00133,0.00008,0.00000,0.99858,0.00000,0.00000,0.00000,0.00000,0.00000
55.72000,1.02193,0.00121,0.00007,0.00000,0.99872,0.00000,0.00000,0.00000,0.00000,0.00000
55.86000,1.02194,0.00096,0.00019,0.00001,0.99884,0.00000,0.00000,0.00000,0.00000,0.00000
56.00000,1.02194,0.00103,0.00022,0.00000,0.99874,0.00000,0.00000,0.00000,0.00000,0.00000
56.14000,1.02194,0.00098,0.00018,0.00000,0.99884,0.00000,0.00000,0.00000,0.00000,0.00000
56.28000,1.02194,0.00143,0.00020,0.00001,0.99836,0.00000,0.00000,0.00000,0.00000,0.00000
56.42000,1.02194,0.00251,0.00027,0.00001,0.99721,0.00000,0.00000,0.00000,0.00000,0.00000
56.56000,1.02193,0.00232,0.00030,0.00002,0.99737,0.00000,0.00000,0.00000,0.00000,0.00000
56.70000,1.02194,0.00227,0.00027,0.00001,0.99744,0.00000,0.00000,0.00000,0.00000,0.00000
56.84000,1.02194,0.00292,0.00018,0.00001,0.99688,0.00000,0.00000,0.00000,0.00000,0.00000
56.98000,1.02194,0.00352,0.00017,0.00001,0.99629,0.00000,0.00000,0.00000,0.00000,0.00000
57.12000,1.02194,0.00222,0.00016,0.00000,0.99762,0.00000,0.00000,0.00000,0.00000,0.00000
57.26000,1.02194,0.00163,0.00022,0.00000,0.99815,0.00000,0.00000,0.00000,0.00000,0.00000
57.40000,1.02193,0.00134,0.00017,0.00000,0.99849,0.00000,0.00000,0.00000,0.00000,0.00000
57.54000,1.02194,0.00168,0.00018,0.00000,0.99813,0.00000,0.00000,0.00000,0.00000,0.00000
57.68000,1.02194,0.00165,0.00025,0.00000,0.99810,0.00000,0.00000,0.00000,0.00000,0.00000
57.82000,1.02194,0.00194,0.00056,0.00000,0.99749,0.00000,0.00000,0.00000,0.00000,0.00000
57.96000,1.02194,0.00284,0.00065,0.00001,0.99650,0.00000,0.00000,0.00000,0.00000,0.00000
58.10000,1.02194,0.00414,0.00047,0.00001,0.99537,0.00000,0.00000,0.00001,0.00000,0.00000
58.24000,1.02193,0.00494,0.00064,0.00003,0.99438,0.00000,0.00000,0.00000,0.00000,0.00000
58.38000,1.02194,0.00499,0.00048,0.00002,0.99450,0.00000,0.00000,0.00001,0.00000,0.00000
58.52000,1.02194,0.00502,0.00098,0.00009,0.99390,0.00000,0.00000,0.00000,0.00000,0.00000
58.66000,1.02194,0.00699,0.00073,0.00004,0.99223,0.00000,0.00000,0.00001,0.00000,0.00000
58.80000,1.02194,0.00735,0.00055,0.00003,0.99206,0.00000,0.00000,0.00001,0.00000,0.00000
58.94000,1.02194,0.00666,0.00088,0.00008,0.99237,0.00000,0.00000,0.00001,0.00000,0.00000
59.08000,1.02193,0.00716,0.00041,0.00002,0.99241,0.00000,0.00000,0.00001,0.00000,0.00000
59.22000,1.02193,0.00642,0.00074,0.00006,0.99277,0.00000,0.00000,0.00001,0.00000,0.00000
59.36000,1.02194,0.00728,0.00060,0.00003,0.99208,0.00000,0.00000,0.00001,0.00000,0.00000
59.50000,1.02194,0.00410,0.00039,0.00003,0.99547,0.00000,0.00000,0.00000,0.00000,0.00000
59.64000,1.02194,0.00478,0.00027,0.00000,0.99495,0.00000,0.00000,0.00000,0.00000,0.00000
59.78000,1.02194,0.00290,0.00021,0.00000,0.99689,0.00000,0.00000,0.00000,0.00000,0.00000
59.92000,1.02194,0.00269,0.00011,0.00000,0.99719,0.00000,0.00000,0.00000,0.00000,0.00000
60.06000,1.02193,0.00242,0.00015,0.00000,0.99743,0.00000,0.00000,0.00000,0.00000,0.00000
60.20000,1.02194,0.00205,0.00005,0.00000,0.99789,0.00000,0.00000,0.00000,0.00000,0.00000
60.34000,1.02194,0.00082,0.00029,0.00000,0.99889,0.00000,0.00000,0.00000,0.00000,0.00000
60.48000,1.02194,0.00068,0.00057,0.00000,0.99875,0.00000,0.00000,0.00000,0.00000,0.00000
60.62000,1.02194,0.00076,0.00012,0.00000,0.99912,0.00000,0.00000,0.00000,0.00000,0.00000
60.76000,1.02194,0.00075,0.00008,0.00000,0.99917,0.00000,0.00000,0.00000,0.00000,0.00000
60.90000,1.02193,0.00075,0.00004,0.00000,0.99922,0.00000,0.00000,0.00000,0.00000,0.00000
61.04000,1.02194,0.00151,0.00009,0.00000,0.99839,0.00000,0.00000,0.00000,0.00000,0.00000
61.18000,1.02194,0.00177,0.00011,0.00000,0.99811,0.00000,0.00000,0.00000,0.00000,0.00000
61.32000,1.02194,0.00190,0.00007,0.00000,0.99802,0.00000,0.00000,0.00000,0.00000,0.00000
61.46000,1.02194,0.00211,0.00001,0.00000,0.99787,0.00000,0.00000,0.00000,0.00000,0.00000
61.60000,1.02194,0.00124,0.00005,0.00000,0.99870,0.00000,0.00000,0.00000,0.00000,0.00000
61.74000,1.02193,0.00098,0.00002,0.00000,0.99899,0.00000,0.00000,0.00000,0.00000,0.00000
61.88000,1.02194,0.00073,0.00001,0.00000,0.99925,0.00000,0.00000,0.00000,0.00000,0.00000
62.02000,1.02194,0.00037,0.00001,0.00000,0.99962,0.00000,0.00000,0.00000,0.00000,0.00000
62.16000,1.02194,0.00038,0.00003,0.00000,0.99959,0.00000,0.00000,0.00000,0.00000,0.00000
62.30000,1.02194,0.00040,0.00002,0.00000,0.99958,0.00000,0.00000,0.00000,0.00000,0.00000
62.44000,1.02194,0.00019,0.00005,0.00000,0.99976,0.00000,0.00000,0.00000,0.00000,0.00000
62.58000,1.02193,0.00017,0.00000,0.00000,0.99982,0.00000,0.00000,0.00000,0.00000,0.00000
62.72000,1.02193,0.00011,0.00001,0.00000,0.99987,0.00000,0.00000,0.00000,0.00000,0.00000
62.86000,1.02194,0.00011,0.00003,0.00000,0.99986,0.00000,0.00000,0.00000,0.00000,0.00000
63.00000,1.02193,0.00017,0.00001,0.00000,0.99983,0.00000,0.00000,0.00000,0.00000,0.00000
63.14000,1.02193,0.00030,0.00000,0.00000,0.99970,0.00000,0.00000,0.00000,0.00000,0.00000
63.28000,1.02194,0.00020,0.00005,0.00000,0.99976,0.00000,0.00000,0.00000,0.00000,0.00000
63.42000,1.02194,0.00025,0.00000,0.00000,0.99975,0.00000,0.00000,0.00000,0.00000,0.00000
63.56000,1.02194,0.00028,0.00000,0.00000,0.99971,0.00000,0.00000,0.00000,0.00000,0.00000
63.70000,1.02194,0.00047,0.00003,0.00000,0.99950,0.00000,0.00000,0.00000,0.00000,0.00000
63.84000,1.02194,0.00046,0.00004,0.00000,0.99951,0.00000,0.00000,0.00000,0.00000,0.00000
63.98000,1.02194,0.00082,0.00003,0.00000,0.99914,0.00000,0.00000,0.00000,0.00000,0.00000
64.12000,1.02193,0.00140,0.00018,0.00000,0.99842,0.00000,0.00000,0.00000,0.00000,0.00000
64.26000,1.02193,0.00174,0.00010,0.00000,0.99815,0.00000,0.00000,0.00000,0.00000,0.00000
64.40000,1.02193,0.00152,0.00015,0.00001,0.99832,0.00000,0.00000,0.00000,0.00000,0.00000
64.54000,1.02193,0.00137,0.00022,0.00001,0.99840,0.00000,0.00000,0.00000,0.00000,0.00000
64.68000,1.02193,0.00115,0.00010,0.00000,0.99874,0.00000,0.00000,0.00000,0.00000,0.00000
64.82000,1.02193,0.00059,0.00028,0.00001,0.99911,0.00000,0.00000,0.00000,0.00000,0.00000
64.96000,1.02194,0.00037,0.00014,0.00000,0.99949,0.00000,0.00000,0.00000,0.00000,0.00000
65.10000,1.02194,0.00037,0.00004,0.00000,0.99959,0.00000,0.00000,0.00000,0.00000,0.00000
65.24000,1.02194,0.00045,0.00012,0.00000,0.99943,0.00000,0.00000,0.00000,0.00000,0.00000
65.38000,1.02194,0.00076,0.00008,0.00000,0.99916,0.00000,0.00000,0.00000,0.00000,0.00000
65.52000,1.02194,0.00100,0.00009,0.00000,0.99890,0.00000,0.00000,0.00000,0.00000,0.00000
65.66000,1.02193,0.00139,0.00045,0.00000,0.99816,0.00000,0.00000,0.00000,0.00000,0.00000
65.80000,1.02193,0.00179,0.00053,0.00001,0.99767,0.00000,0.00000,0.00000,0.00000,0.00000
65.94000,1.02193,0.00244,0.00019,0.00001,0.99735,0.00000,0.00000,0.00000,0.00000,0.00000
66.08000,1.02193,0.00180,0.00024,0.00001,0.99795,0.00000,0.00000,0.00000,0.00000,0.00000
66.22000,1.02193,0.00146,0.00015,0.00000,0.99839,0.00000,0.00000,0.00000,0.00000,0.00000
66.36000,1.02193,0.00230,0.00012,0.00000,0.99758,0.00000,0.00000,0.00000,0.00000,0.00000
66.50000,1.02193,0.00171,0.00016,0.00000,0.99812,0.00000,0.00000,0.00000,0.00000,0.00000
66.64000,1.02193,0.00167,0.00015,0.00000,0.99818,0.00000,0.00000,0.00000,0.00000,0.00000
66.78000,1.02194,0.00138,0.00030,0.00001,0.99831,0.00000,0.00000,0.00000,0.00000,0.00000
66.92000,1.02194,0.00181,0.00049,0.00001,0.99768,0.00000,0.00000,0.00000,0.00000,0.00000
67.06000,1.02194,0.00217,0.00034,0.00001,0.99748,0.00000,0.00000,0.00000,0.00000,0.00000
67.20000,1.02194,0.00158,0.00032,0.00001,0.99809,0.00000,0.00000,0.00000,0.00000,0.00000
67.34000,1.02194,0.00111,0.00048,0.00001,0.99841,0.00000,0.00000,0.00000,0.00000,0.00000
67.48000,1.02193,0.00132,0.00026,0.00000,0.99842,0.00000,0.00000,0.00000,0.00000,0.00000
67.62000,1.02193,0.00112,0.00097,0.00001,0.99790,0.00000,0.00000,0.00000,0.00000,0.00000
67.76000,1.02193,0.00101,0.00045,0.00000,0.99853,0.00000,0.00000,0.00000,0.00000,0.00000
67.90000,1.02193,0.00098,0.00024,0.00000,0.99878,0.00000,0.00000,0.00000,0.00000,0.00000
68.04000,1.02193,0.00096,0.00041,0.00000,0.99862,0.00000,0.00000,0.00000,0.00000,0.00000
68.18000,1.02193,0.00055,0.00006,0.00000,0.99939,0.00000,0.00000,0.00000,0.00000,0.00000
68.32000,1.02193,0.00085,0.00001,0.00000,0.99913,0.00000,0.00000,0.00000,0.00000,0.00000
68.46000,1.02194,0.00079,0.00004,0.00000,0.99917,0.00000,0.00000,0.00000,0.00000,0.00000
68.60000,1.02194,0.00049,0.00005,0.00000,0.99947,0.00000,0.00000,0.00000,0.00000,0.00000
68.74000,1.02194,0.00052,0.00003,0.00000,0.99946,0.00000,0.00000,0.00000,0.00000,0.00000
68.88000,1.02194,0.00068,0.00040,0.00000,0.99892,0.00000,0.00000,0.00000,0.00000,0.00000
69.02000,1.02194,0.00089,0.00019,0.00000,0.99892,0.00000,0.00000,0.00000,0.00000,0.00000
69.16000,1.02193,0.00103,0.00013,0.00000,0.99883,0.00000,0.00000,0.00000,0.00000,0.00000
69.30000,1.02193,0.00158,0.00027,0.00000,0.99816,0.00000,0.00000,0.00000,0.00000,0.00000
69.44000,1.02193,0.00282,0.00319,0.00001,0.99397,0.00000,0.00000,0.00000,0.00000,0.00000
69.58000,1.02193,0.00153,0.00151,0.00002,0.99693,0.00000,0.00000,0.00000,0.00000,0.00000
69.72000,1.02193,0.00344,0.00033,0.00000,0.99622,0.00000,0.00000,0.00001,0.00000,0.00000
69.86000,1.02193,0.00255,0.00054,0.00000,0.99691,0.00000,0.00000,0.00000,0.00000,0.00000
70.00000,1.02193,0.00163,0.00035,0.00000,0.99802,0.00000,0.00000,0.00000,0.00000,0.00000
70.14000,1.02193,0.00229,0.00045,0.00000,0.99726,0.00000,0.00000,0.00000,0.00000,0.00000
70.28000,1.02194,0.00328,0.00050,0.00000,0.99622,0.00000,0.00000,0.00000,0.00000,0.00000
70.42000,1.02194,0.00181,0.00028,0.00000,0.99791,0.00000,0.00000,0.00000,0.00000,0.00000
70.56000,1.02194,0.00236,0.00021,0.00000,0.99743,0.00000,0.00000,0.00000,0.00000,0.00000
70.70000,1.02194,0.00342,0.00054,0.00001,0.99602,0.00000,0.00000,0.00000,0.00000,0.00000
70.84000,1.02194,0.00451,0.00043,0.00001,0.99503,0.00000,0.00000,0.00000,0.00000,0.00000
70.98000,1.02193,0.00550,0.00086,0.00003,0.99360,0.00000,0.00000,0.00001,0.00000,0.00000
71.12000,1.02193,0.00620,0.00066,0.00004,0.99309,0.00000,0.00000,0.00001,0.00000,0.00000
71.26000,1.02193,0.00705,0.00052,0.00003,0.99240,0.00000,0.00000,0.00001,0.00000,0.00000
71.40000,1.02193,0.00720,0.00062,0.00004,0.99213,0.00000,0.00000,0.00001,0.00000,0.00000
71.54000,1.02193,0.00753,0.00062,0.00004,0.99180,0.00000,0.00000,0.00001,0.00000,0.00000
71.68000,1.02193,0.00734,0.00061,0.00005,0.99200,0.00000,0.00000,0.00001,0.00000,0.00000
71.82000,1.02193,0.00762,0.00063,0.00004,0.99170,0.00000,0.00000,0.00001,0.00000,0.00000
71.96000,1.02194,0.00627,0.00040,0.00002,0.99330,0.00000,0.00000,0.00001,0.00000,0.00000
72.10000,1.02194,0.00800,0.00063,0.00004,0.99133,0.00000,0.00000,0.00001,0.00000,0.00000
72.24000,1.02194,0.00849,0.00044,0.00002,0.99104,0.00000,0.00000,0.00001,0.00000,0.00000
72.38000,1.02194,0.00983,0.00043,0.00003,0.98971,0.00000,0.00000,0.00001,0.00000,0.00000
72.52000,1.02194,0.00396,0.00079,0.00007,0.99518,0.00000,0.00000,0.00000,0.00000,0.00000
72.66000,1.02193,0.00235,0.00015,0.00000,0.99749,0.00000,0.00000,0.00000,0.00000,0.00000
72.80000,1.02193,0.00100,0.00015,0.00000,0.99884,0.00000,0.00000,0.00000,0.00000,0.00000
72.94000,1.02193,0.00092,0.00009,0.00000,0.99899,0.00000,0.00000,0.00000,0.00000,0.00000
73.08000,1.02193,0.00051,0.00004,0.00000,0.99945,0.00000,0.00000,0.00000,0.00000,0.00000
73.22000,1.02193,0.00027,0.00006,0.00000,0.99966,0.00000,0.00000,0.00000,0.00000,0.00000
73.36000,1.02193,0.00041,0.00010,0.00000,0.99950,0.00000,0.00000,0.00000,0.00000,0.00000
73.50000,1.02193,0.00073,0.00005,0.00000,0.99922,0.00000,0.00000,0.00000,0.00000,0.00000
73.64000,1.02193,0.00118,0.00038,0.00000,0.99844,0.00000,0.00000,0.00000,0.00000,0.00000
73.78000,1.02194,0.00207,0.00032,0.00000,0.99761,0.00000,0.00000,0.00000,0.00000,0.00000
73.92000,1.02194,0.00218,0.00021,0.00000,0.99761,0.00000,0.00000,0.00000,0.00000,0.00000
74.06000,1.02194,0.00301,0.00063,0.00001,0.99634,0.00000,0.00000,0.00000,0.00000,0.00000
74.20000,1.02194,0.00507,0.00068,0.00002,0.99422,0.00000,0.00000,0.00000,0.00000,0.00000
74.34000,1.02194,0.00652,0.00055,0.00003,0.99290,0.00000,0.00000,0.00001,0.00000,0.00000
74.48000,1.02193,0.00717,0.00060,0.00004,0.99219,0.00000,0.00000,0.00001,0.00000,0.00000
74.62000,1.02193,0.00870,0.00061,0.00004,0.99064,0.00000,0.00000,0.00001,0.00000,0.00000
74.76000,1.02193,0.01330,0.00089,0.00007,0.98572,0.00000,0.00000,0.00002,0.00000,0.00000
74.90000,1.02193,0.01021,0.00115,0.00015,0.98847,0.00000,0.00000,0.00001,0.00000,0.00000
75.04000,1.02193,0.01004,0.00071,0.00004,0.98921,0.00000,0.00000,0.00001,0.00000,0.00000
75.18000,1.02193,0.00922,0.00065,0.00005,0.99007,0.00000,0.00000,0.00001,0.00000,0.00000
75.32000,1.02193,0.00622,0.00046,0.00003,0.99328,0.00000,0.00000,0.00000,0.00000,0.00000
75.46000,1.02194,0.00552,0.00048,0.00001,0.99399,0.00000,0.00000,0.00000,0.00000,0.00000
75.60000,1.02194,0.00256,0.00026,0.00000,0.99718,0.00000,0.00000,0.00000,0.00000,0.00000
75.74000,1.02194,0.00178,0.00053,0.00001,0.99768,0.00000,0.00000,0.00000,0.00000,0.00000
75.88000,1.02194,0.00133,0.00007,0.00000,0.99859,0.00000,0.00000,0.00000,0.00000,0.00000
76.02000,1.02194,0.00073,0.00023,0.00000,0.99904,0.00000,0.00000,0.00000,0.00000,0.00000
76.16000,1.02193,0.00048,0.00029,0.00000,0.99922,0.00000,0.00000,0.00000,0.00000,0.00000
76.30000,1.02193,0.00041,0.00022,0.00000,0.99937,0.00000,0.00000,0.00000,0.00000,0.00000
76.44000,1.02193,0.00036,0.00005,0.00000,0.99959,0.00000,0.00000,0.00000,0.00000,0.00000
76.58000,1.02193,0.00034,0.00007,0.00000,0.99959,0.00000,0.00000,0.00000,0.00000,0.00000
76.72000,1.02193,0.00045,0.00009,0.00000,0.99946,0.00000,0.00000,0.00000,0.00000,0.00000
76.86000,1.02193,0.00119,0.00011,0.00000,0.99870,0.00000,0.00000,0.00000,0.00000,0.00000
77.00000,1.02193,0.00110,0.00014,0.00000,0.99875,0.00000,0.00000,0.00000,0.00000,0.00000
77.14000,1.02193,0.00222,0.00017,0.00001,0.99760,0.00000,0.00000,0.00000,0.00000,0.00000
77.28000,1.02194,0.00426,0.00025,0.00001,0.99547,0.00000,0.00000,0.00000,0.00000,0.00000
77.42000,1.02194,0.00619,0.00069,0.00006,0.99305,0.00000,0.00000,0.00001,0.00000,0.00000
77.56000,1.02194,0.00577,0.00042,0.00003,0.99377,0.00000,0.00000,0.00001,0.00000,0.00000
77.70000,1.02194,0.00505,0.00027,0.00002,0.99466,0.00000,0.00000,0.00000,0.00000,0.00000
77.84000,1.02194,0.00537,0.00067,0.00005,0.99391,0.00000,0.00000,0.00000,0.00000,0.00000
77.98000,1.02193,0.00347,0.00033,0.00001,0.99618,0.00000,0.00000,0.00000,0.00000,0.00000
78.12000,1.02193,0.00329,0.00019,0.00000,0.99651,0.00000,0.00000,0.00000,0.00000,0.00000
78.26000,1.02193,0.00317,0.00035,0.00001,0.99648,0.00000,0.00000,0.00000,0.00000,0.00000
78.40000,1.02193,0.00382,0.00041,0.00001,0.99576,0.00000,0.00000,0.00000,0.00000,0.00000
78.54000,1.02193,0.00584,0.00027,0.00001,0.99388,0.00000,0.00000,0.00001,0.00000,0.00000
78.68000,1.02193,0.00766,0.00107,0.00003,0.99123,0.00000,0.00000,0.00001,0.00000,0.00000
78.82000,1.02193,0.00506,0.00058,0.00002,0.99432,0.00000,0.00000,0.00001,0.00000,0.00000
78.96000,1.02194,0.00404,0.00071,0.00007,0.99518,0.00000,0.00000,0.00000,0.00000,0.00000
79.10000,1.02194,0.00345,0.00014,0.00001,0.99640,0.00000,0.00000,0.00000,0.00000,0.00000
79.24000,1.02194,0.00278,0.00010,0.00000,0.99711,0.00000,0.00000,0.00000,0.00000,0.00000
79.38000,1.02194,0.00247,0.00008,0.00000,0.99744,0.00000,0.00000,0.00000,0.00000,0.00000
79.52000,1.02194,0.00169,0.00017,0.00001,0.99813,0.00000,0.00000,0.00000,0.00000,0.00000
79.66000,1.02193,0.00186,0.00017,0.00000,0.99796,0.00000,0.00000,0.00000,0.00000,0.00000
79.80000,1.02193,0.00101,0.00030,0.00000,0.99868,0.00000,0.00000,0.00000,0.00000,0.00000
79.94000,1.02193,0.00068,0.00025,0.00000,0.99907,0.00000,0.00000,0.00000,0.00000,0.00000
80.08000,1.02193,0.00072,0.00012,0.00000,0.99917,0.00000,0.00000,0.00000,0.00000,0.00000
80.22000,1.02193,0.00050,0.00010,0.00000,0.99940,0.00000,0.00000,0.00000,0.00000,0.00000
80.36000,1.02193,0.00043,0.00044,0.00000,0.99912,0.00000,0.00000,0.00000,0.00000,0.00000
80.50000,1.02193,0.00041,0.00010,0.00000,0.99949,0.00000,0.00000,0.00000,0.00000,0.00000
80.64000,1.02193,0.00063,0.00003,0.00000,0.99933,0.00000,0.00000,0.00000,0.00000,0.00000
80.78000,1.02194,0.00076,0.00041,0.00000,0.99882,0.00000,0.00000,0.00000,0.00000,0.00000
80.92000,1.02194,0.00088,0.00008,0.00000,0.99904,0.00000,0.00000,0.00000,0.00000,0.00000
81.06000,1.02194,0.00126,0.00001,0.00000,0.99872,0.00000,0.00000,0.00000,0.00000,0.00000
81.20000,1.02194,0.00073,0.00003,0.00000,0.99924,0.00000,0.00000,0.00000,0.00000,0.00000
81.34000,1.02194,0.00088,0.00002,0.00000,0.99910,0.00000,0.00000,0.00000,0.00000,0.00000
81.48000,1.02193,0.00104,0.00006,0.00000,0.99890,0.00000,0.00000,0.00000,0.00000,0.00000
81.62000,1.02193,0.00169,0.00033,0.00000,0.99798,0.00000,0.00000,0.00000,0.00000,0.00000
81.76000,1.02193,0.00135,0.00008,0.00000,0.99857,0.00000,0.00000,0.00000,0.00000,0.00000
81.90000,1.02193,0.00136,0.00033,0.00001,0.99831,0.00000,0.00000,0.00000,0.00000,0.00000
82.04000,1.02193,0.00138,0.00053,0.00001,0.99807,0.00000,0.00000,0.00000,0.00000,0.00000
82.18000,1.02193,0.00181,0.00017,0.00000,0.99802,0.00000,0.00000,0.00000,0.00000,0.00000
82.32000,1.02193,0.00098,0.00010,0.00000,0.99892,0.00000,0.00000,0.00000,0.00000,0.00000
82.46000,1.02194,0.00044,0.00005,0.00000,0.99951,0.00000,0.00000,0.00000,0.00000,0.00000
82.60000,1.02194,0.00028,0.00004,0.00000,0.99969,0.00000,0.00000,0.00000,0.00000,0.00000
82.74000,1.02194,0.00031,0.00005,0.00000,0.99964,0.00000,0.00000,0.00000,0.00000,0.00000
82.88000,1.02194,0.00024,0.00005,0.00000,0.99971,0.00000,0.00000,0.00000,0.00000,0.00000
83.02000,1.02194,0.00023,0.00004,0.00000,0.99973,0.00000,0.00000,0.00000,0.00000,0.00000
83.16000,1.02193,0.00017,0.00009,0.00000,0.99974,0.00000,0.00000,0.00000,0.00000,0.00000
83.30000,1.02193,0.00038,0.00004,0.00000,0.99957,0.00000,0.00000,0.00000,0.00000,0.00000
83.44000,1.02193,0.00037,0.00042,0.00001,0.99921,0.00000,0.00000,0.00000,0.00000,0.00000
83.58000,1.02193,0.00023,0.00037,0.00000,0.99939,0.00000,0.00000,0.00000,0.00000,0.00000
83.72000,1.02193,0.00018,0.00020,0.00000,0.99961,0.00000,0.00000,0.00000,0.00000,0.00000
83.86000,1.02193,0.00020,0.00084,0.00000,0.99896,0.00000,0.00000,0.00000,0.00000,0.00000
84.00000,1.02193,0.00038,0.00094,0.00000,0.99867,0.00000,0.00000,0.00000,0.00000,0.00000
84.14000,1.02193,0.00049,0.00031,0.00000,0.99919,0.00000,0.00000,0.00000,0.00000,0.00000
84.28000,1.02194,0.00029,0.00074,0.00000,0.99897,0.00000,0.00000,0.00000,0.00000,0.00000
84.42000,1.02194,0.00034,0.00022,0.00000,0.99944,0.00000,0.00000,0.00000,0.00000,0.00000
84.56000,1.02194,0.00033,0.00047,0.00000,0.99919,0.00000,0.00000,0.00000,0.00000,0.00000
84.70000,1.02194,0.00043,0.00003,0.00000,0.99954,0.00000,0.00000,0.00000,0.00000,0.00000
84.84000,1.02194,0.00058,0.00004,0.00000,0.99938,0.00000,0.00000,0.00000,0.00000,0.00000
84.98000,1.02193,0.00081,0.00020,0.00000,0.99899,0.00000,0.00000,0.00000,0.00000,0.00000
85.12000,1.02193,0.00092,0.00015,0.00000,0.99893,0.00000,0.00000,0.00000,0.00000,0.00000
85.26000,1.02193,0.00263,0.00008,0.00000,0.99728,0.00000,0.00000,0.00000,0.00000,0.00000
85.40000,1.02193,0.00282,0.00073,0.00001,0.99644,0.00000,0.00000,0.00001,0.00000,0.00000
85.54000,1.02193,0.00458,0.00047,0.00001,0.99493,0.00000,0.00000,0.00001,0.00000,0.00000
85.68000,1.02193,0.00562,0.00088,0.00004,0.99345,0.00000,0.00000,0.00001,0.00000,0.00000
85.82000,1.02193,0.00736,0.00099,0.00003,0.99160,0.00000,0.00000,0.00002,0.00000,0.00000
85.96000,1.02194,0.01357,0.00090,0.00006,0.98544,0.00000,0.00000,0.00003,0.00000,0.00000
86.10000,1.02194,0.01277,0.00059,0.00006,0.98656,0.00000,0.00000,0.00002,0.00000,0.00000
86.24000,1.02194,0.01448,0.00056,0.00008,0.98486,0.00000,0.00000,0.00002,0.00000,0.00000
86.38000,1.02194,0.01330,0.00032,0.00005,0.98631,0.00000,0.00000,0.00001,0.00000,0.00000
86.52000,1.02194,0.01380,0.00055,0.00011,0.98553,0.00000,0.00000,0.00001,0.00000,0.00000
86.66000,1.02193,0.01101,0.00032,0.00006,0.98860,0.00000,0.00000,0.00001,0.00000,0.00000
86.80000,1.02193,0.00689,0.00050,0.00006,0.99255,0.00000,0.00000,0.00000,0.00000,0.00000
86.94000,1.02193,0.00627,0.00096,0.00002,0.99274,0.00000,0.00000,0.00000,0.00000,0.00000
87.08000,1.02193,0.00399,0.00046,0.00000,0.99555,0.00000,0.00000,0.00000,0.00000,0.00000
87.22000,1.02193,0.00324,0.00088,0.00001,0.99587,0.00000,0.00000,0.00000,0.00000,0.00000
87.36000,1.02193,0.00232,0.00036,0.00000,0.99731,0.00000,0.00000,0.00000,0.00000,0.00000
87.50000,1.02193,0.00207,0.00020,0.00000,0.99772,0.00000,0.00000,0.00000,0.00000,0.00000
87.64000,1.02193,0.00208,0.00136,0.00000,0.99655,0.00000,0.00000,0.00000,0.00000,0.00000
87.78000,1.02194,0.00194,0.00019,0.00000,0.99787,0.00000,0.00000,0.00000,0.00000,0.00000
87.92000,1.02194,0.00395,0.00008,0.00000,0.99596,0.00000,0.00000,0.00001,0.00000,0.00000
88.06000,1.02194,0.00576,0.00031,0.00000,0.99392,0.00000,0.00000,0.00001,0.00000,0.00000
88.20000,1.02194,0.00376,0.00061,0.00001,0.99562,0.00000,0.00000,0.00000,0.00000,0.00000
88.34000,1.02194,0.00274,0.00019,0.00000,0.99706,0.00000,0.00000,0.00000,0.00000,0.00000
88.48000,1.02193,0.00790,0.00129,0.00002,0.99077,0.00000,0.00000,0.00001,0.00000,0.00000
88.62000,1.02193,0.00522,0.00062,0.00002,0.99413,0.00000,0.00000,0.00001,0.00000,0.00000
88.76000,1.02193,0.00423,0.00018,0.00000,0.99558,0.00000,0.00000,0.00001,0.00000,0.00000
88.90000,1.02193,0.00527,0.00004,0.00000,0.99467,0.00000,0.00000,0.00001,0.00000,0.00000
89.04000,1.02193,0.00569,0.00017,0.00000,0.99412,0.00000,0.00000,0.00002,0.00000,0.00000
89.18000,1.02193,0.00493,0.00010,0.00000,0.99496,0.00000,0.00000,0.00001,0.00000,0.00000
89.32000,1.02193,0.00480,0.00004,0.00000,0.99514,0.00000,0.00000,0.00001,0.00000,0.00000
89.46000,1.02194,0.00696,0.00006,0.00000,0.99297,0.00000,0.00000,0.00001,0.00000,0.00000
89.60000,1.02194,0.00490,0.00074,0.00004,0.99432,0.00000,0.00000,0.00001,0.00000,0.00000
89.74000,1.02194,0.00732,0.00058,0.00004,0.99206,0.00000,0.00000,0.00001,0.00000,0.00000
89.88000,1.02194,0.00955,0.00083,0.00007,0.98954,0.00000,0.00000,0.00001,0.00000,0.00000
90.02000,1.02194,0.00826,0.00075,0.00007,0.99090,0.00000,0.00000,0.00001,0.00000,0.00000
90.16000,1.02193,0.01323,0.00042,0.00003,0.98629,0.00000,0.00000,0.00003,0.00000,0.00000
90.30000,1.02193,0.01787,0.00037,0.00004,0.98168,0.00000,0.00000,0.00004,0.00000,0.00000
90.44000,1.02193,0.01098,0.00069,0.00005,0.98828,0.00000,0.00000,0.00001,0.00000,0.00000
90.58000,1.02193,0.00882,0.00025,0.00001,0.99091,0.00000,0.00000,0.00001,0.00000,0.00000
90.72000,1.02193,0.00981,0.00028,0.00001,0.98989,0.00000,0.00000,0.00002,0.00000,0.00000
90.86000,1.02193,0.00982,0.00036,0.00001,0.98979,0.00000,0.00000,0.00001,0.00000,0.00000
91.00000,1.02193,0.00699,0.00021,0.00000,0.99279,0.00000,0.00000,0.00001,0.00000,0.00000
91.14000,1.02193,0.00746,0.00043,0.00001,0.99209,0.00000,0.00000,0.00001,0.00000,0.00000
91.28000,1.02194,0.00935,0.00153,0.00004,0.98906,0.00000,0.00000,0.00001,0.00000,0.00000
91.42000,1.02194,0.00712,0.00052,0.00003,0.99231,0.00000,0.00000,0.00001,0.00000,0.00000
91.56000,1.02194,0.00806,0.00030,0.00003,0.99160,0.00000,0.00000,0.00001,0.00000,0.00000
91.70000,1.02194,0.00645,0.00071,0.00008,0.99276,0.00000,0.00000,0.00000,0.00000,0.00000
91.84000,1.02194,0.00591,0.00020,0.00001,0.99387,0.00000,0.00000,0.00001,0.00000,0.00000
91.98000,1.02193,0.00565,0.00022,0.00002,0.99410,0.00000,0.00000,0.00000,0.00000,0.00000
92.12000,1.02193,0.00475,0.00031,0.00001,0.99493,0.00000,0.00000,0.00000,0.00000,0.00000
92.26000,1.02193,0.00225,0.00083,0.00003,0.99689,0.00000,0.00000,0.00000,0.00000,0.00000
92.40000,1.02193,0.00191,0.00037,0.00000,0.99772,0.00000,0.00000,0.00000,0.00000,0.00000
92.54000,1.02193,0.00177,0.00038,0.00000,0.99785,0.00000,0.00000,0.00000,0.00000,0.00000
92.68000,1.02193,0.00179,0.00018,0.00000,0.99803,0.00000,0.00000,0.00000,0.00000,0.00000
92.82000,1.02193,0.00099,0.00055,0.00000,0.99846,0.00000,0.00000,0.00000,0.00000,0.00000
92.96000,1.02194,0.00081,0.00010,0.00000,0.99909,0.00000,0.00000,0.00000,0.00000,0.00000
93.10000,1.02194,0.00115,0.00019,0.00000,0.99866,0.00000,0.00000,0.00000,0.00000,0.00000
93.24000,1.02194,0.00160,0.00013,0.00000,0.99826,0.00000,0.00000,0.00000,0.00000,0.00000
93.38000,1.02194,0.00278,0.00021,0.00000,0.99701,0.00000,0.00000,0.00000,0.00000,0.00000
93.52000,1.02194,0.00402,0.00068,0.00001,0.99528,0.00000,0.00000,0.00000,0.00000,0.00000
93.66000,1.02193,0.00631,0.00229,0.00006,0.99133,0.00000,0.00000,0.00001,0.00000,0.00000
93.80000,1.02193,0.01413,0.00361,0.00012,0.98212,0.00000,0.00000,0.00001,0.00000,0.00000
93.94000,1.02193,0.01464,0.00274,0.00006,0.98254,0.00000,0.00000,0.00001,0.00000,0.00000
94.08000,1.02193,0.01559,0.00233,0.00006,0.98201,0.00000,0.00000,0.00001,0.00000,0.00000
94.22000,1.02193,0.01809,0.00159,0.00005,0.98025,0.00000,0.00000,0.00002,0.00000,0.00000
94.36000,1.02193,0.01369,0.00124,0.00004,0.98502,0.00000,0.00000,0.00001,0.00000,0.00000
94.50000,1.02193,0.01558,0.00251,0.00007,0.98182,0.00000,0.00000,0.00002,0.00000,0.00000
94.64000,1.02193,0.01275,0.00292,0.00017,0.98413,0.00001,0.00000,0.00002,0.00000,0.00000
94.78000,1.02194,0.00897,0.00074,0.00005,0.99023,0.00000,0.00000,0.00001,0.00000,0.00000
94.92000,1.02194,0.00673,0.00054,0.00005,0.99268,0.00000,0.00000,0.00000,0.00000,0.00000
95.06000,1.02194,0.00458,0.00014,0.00001,0.99527,0.00000,0.00000,0.00000,0.00000,0.00000
95.20000,1.02194,0.00277,0.00019,0.00001,0.99702,0.00000,0.00000,0.00000,0.00000,0.00000
95.34000,1.02194,0.00174,0.00007,0.00000,0.99819,0.00000,0.00000,0.00000,0.00000,0.00000
95.48000,1.02193,0.00074,0.00013,0.00001,0.99913,0.00000,0.00000,0.00000,0.00000,0.00000
95.62000,1.02193,0.00058,0.00009,0.00000,0.99933,0.00000,0.00000,0.00000,0.00000,0.00000
95.76000,1.02193,0.00080,0.00014,0.00000,0.99905,0.00000,0.00000,0.00000,0.00000,0.00000
95.90000,1.02193,0.00094,0.00006,0.00000,0.99900,0.00000,0.00000,0.00000,0.00000,0.00000
96.04000,1.02193,0.00096,0.00069,0.00000,0.99835,0.00000,0.00000,0.00000,0.00000,0.00000
96.18000,1.02193,0.00110,0.00016,0.00000,0.99874,0.00000,0.00000,0.00000,0.00000,0.00000
96.32000,1.02193,0.00175,0.00102,0.00000,0.99722,0.00000,0.00000,0.00001,0.00000,0.00000
96.46000,1.02194,0.00266,0.00077,0.00000,0.99655,0.00000,0.00000,0.00001,0.00000,0.00000
96.60000,1.02194,0.00493,0.00123,0.00000,0.99381,0.00000,0.00000,0.00002,0.00000,0.00000
96.74000,1.02194,0.00500,0.00170,0.00001,0.99326,0.00000,0.00000,0.00002,0.00000,0.00000
96.88000,1.02194,0.03784,0.00073,0.00000,0.96132,0.00000,0.00000,0.00010,0.00000,0.00000
97.02000,1.02194,0.01468,0.00040,0.00001,0.98486,0.00000,0.00000,0.00005,0.00000,0.00000
97.16000,1.02193,0.00984,0.00008,0.00000,0.99003,0.00000,0.00000,0.00005,0.00000,0.00000
97.30000,1.02193,0.01650,0.00008,0.00000,0.98332,0.00000,0.00000,0.00010,0.00000,0.00000
97.44000,1.02193,0.01962,0.00006,0.00000,0.98018,0.00000,0.00000,0.00014,0.00000,0.00000
97.58000,1.02193,0.01135,0.00013,0.00000,0.98848,0.00000,0.00000,0.00004,0.00000,0.00000
97.72000,1.02193,0.00244,0.00055,0.00000,0.99700,0.00000,0.00000,0.00000,0.00000,0.00000
97.86000,1.02193,0.00141,0.00039,0.00000,0.99820,0.00000,0.00000,0.00000,0.00000,0.00000
98.00000,1.02193,0.00170,0.00017,0.00000,0.99813,0.00000,0.00000,0.00000,0.00000,0.00000
98.14000,1.02193,0.00117,0.00018,0.00000,0.99865,0.00000,0.00000,0.00000,0.00000,0.00000
98.28000,1.02194,0.00245,0.00012,0.00000,0.99743,0.00000,0.00000,0.00000,0.00000,0.00000
98.42000,1.02194,0.00199,0.00094,0.00001,0.99706,0.00000,0.00000,0.00000,0.00000,0.00000
98.56000,1.02194,0.00563,0.00024,0.00000,0.99412,0.00000,0.00000,0.00001,0.00000,0.00000
98.70000,1.02194,0.01020,0.00014,0.00000,0.98964,0.00000,0.00000,0.00002,0.00000,0.00000
98.84000,1.02194,0.01691,0.00010,0.00000,0.98294,0.00000,0.00000,0.00004,0.00000,0.00000
98.98000,1.02193,0.01801,0.00536,0.00008,0.97649,0.00000,0.00000,0.00005,0.00000,0.00000
99.12000,1.02193,0.02949,0.00182,0.00009,0.96843,0.00000,0.00000,0.00016,0.00000,0.00001
99.26000,1.02193,0.06700,0.00266,0.00035,0.92932,0.00002,0.00000,0.00059,0.00000,0.00004
99.40000,1.02193,0.10809,0.00217,0.00043,0.88811,0.00003,0.00000,0.00109,0.00000,0.00008
99.54000,1.02193,0.18500,0.00152,0.00063,0.80949,0.00004,0.00000,0.00297,0.00000,0.00033
99.68000,1.02193,0.36486,0.00210,0.00227,0.62336,0.00010,0.00001,0.00635,0.00001,0.00096
99.82000,1.02193,0.28722,0.00285,0.00223,0.70479,0.00008,0.00001,0.00245,0.00001,0.00035
99.96000,1.02194,0.15733,0.00199,0.00038,0.83943,0.00001,0.00000,0.00076,0.00000,0.00009
100.10000,1.02194,0.07157,0.00158,0.00027,0.92638,0.00000,0.00000,0.00018,0.00000,0.00002
100.24000,1.02194,0.03224,0.00328,0.00073,0.96370,0.00001,0.00000,0.00003,0.00000,0.00000
100.38000,1.02194,0.01320,0.00136,0.00008,0.98534,0.00000,0.00000,0.00001,0.00000,0.00000
100.52000,1.02194,0.00494,0.00072,0.00001,0.99432,0.00000,0.00000,0.00000,0.00000,0.00000
100.66000,1.02193,0.00625,0.00117,0.00002,0.99255,0.00000,0.00000,0.00001,0.00000,0.00000
100.80000,1.02193,0.00643,0.00092,0.00003,0.99261,0.00000,0.00000,0.00001,0.00000,0.00000
100.94000,1.02193,0.00619,0.00046,0.00002,0.99333,0.00000,0.00000,0.00001,0.00000,0.00000
101.08000,1.02193,0.00490,0.00057,0.00002,0.99450,0.00000,0.00000,0.00000,0.00000,0.00000
101.22000,1.02193,0.00394,0.00094,0.00005,0.99506,0.00000,0.00000,0.00000,0.00000,0.00000
101.36000,1.02193,0.00329,0.00040,0.00001,0.99630,0.00000,0.00000,0.00000,0.00000,0.00000
101.50000,1.02193,0.00272,0.00031,0.00001,0.99696,0.00000,0.00000,0.00000,0.00000,0.00000
101.64000,1.02193,0.00221,0.00029,0.00000,0.99749,0.00000,0.00000,0.00000,0.00000,0.00000
101.78000,1.02194,0.00197,0.00041,0.00001,0.99761,0.00000,0.00000,0.00000,0.00000,0.00000
101.92000,1.02194,0.00167,0.00016,0.00000,0.99816,0.00000,0.00000,0.00000,0.00000,0.00000
102.06000,1.02194,0.00245,0.00039,0.00001,0.99715,0.00000,0.00000,0.00000,0.00000,0.00000
102.20000,1.02194,0.00296,0.00021,0.00001,0.99682,0.00000,0.00000,0.00000,0.00000,0.00000
102.34000,1.02194,0.00363,0.00027,0.00001,0.99609,0.00000,0.00000,0.00000,0.00000,0.00000
102.48000,1.02193,0.00468,0.00036,0.00002,0.99494,0.00000,0.00000,0.00000,0.00000,0.00000
102.62000,1.02193,0.00531,0.00037,0.00002,0.99430,0.00000,0.00000,0.00000,0.00000,0.00000
102.76000,1.02193,0.00601,0.00058,0.00004,0.99337,0.00000,0.00000,0.00000,0.00000,0.00000
102.90000,1.02193,0.00904,0.00094,0.00005,0.98995,0.00000,0.00000,0.00001,0.00000,0.00000
103.04000,1.02193,0.00930,0.00156,0.00010,0.98902,0.00000,0.00000,0.00001,0.00000,0.00000
103.18000,1.02193,0.00857,0.00119,0.00004,0.99019,0.00000,0.00000,0.00001,0.00000,0.00000
103.32000,1.02193,0.01055,0.00118,0.00003,0.98822,0.00000,0.00000,0.00001,0.00000,0.00000
103.46000,1.02194,0.01084,0.00384,0.00008,0.98523,0.00000,0.00000,0.00001,0.00000,0.00000
103.60000,1.02194,0.01060,0.00167,0.00002,0.98770,0.00000,0.00000,0.00001,0.00000,0.00000
103.74000,1.02194,0.01188,0.00087,0.00001,0.98722,0.00000,0.00000,0.00002,0.00000,0.00000
103.88000,1.02194,0.01147,0.00220,0.00003,0.98629,0.00000,0.00000,0.00001,0.00000,0.00000
104.02000,1.02194,0.00714,0.00093,0.00001,0.99190,0.00000,0.00000,0.00001,0.00000,0.00000
104.16000,1.02193,0.00717,0.00109,0.00002,0.99170,0.00000,0.00000,0.00001,0.00000,0.00000
104.30000,1.02193,0.00877,0.00189,0.00005,0.98928,0.00000,0.00000,0.00001,0.00000,0.00000
104.44000,1.02193,0.00675,0.00061,0.00002,0.99261,0.00000,0.00000,0.00001,0.00000,0.00000
104.58000,1.02193,0.00512,0.00045,0.00002,0.99440,0.00000,0.00000,0.00000,0.00000,0.00000
104.72000,1.02193,0.00542,0.00087,0.00003,0.99368,0.00000,0.00000,0.00000,0.00000,0.00000
104.86000,1.02193,0.00381,0.00067,0.00002,0.99549,0.00000,0.00000,0.00000,0.00000,0.00000
105.00000,1.02193,0.00447,0.00127,0.00004,0.99422,0.00000,0.00000,0.00000,0.00000,0.00000
105.14000,1.02193,0.00352,0.00069,0.00001,0.99577,0.00000,0.00000,0.00000,0.00000,0.00000
105.28000,1.02194,0.00491,0.00046,0.00001,0.99462,0.00000,0.00000,0.00001,0.00000,0.00000
105.42000,1.02194,0.00460,0.00104,0.00003,0.99432,0.00000,0.00000,0.00000,0.00000,0.00000
105.56000,1.02194,0.00641,0.00080,0.00003,0.99276,0.00000,0.00000,0.00001,0.00000,0.00000
105.70000,1.02194,0.00652,0.00072,0.00003,0.99272,0.00000,0.00000,0.00001,0.00000,0.00000
105.84000,1.02194,0.00822,0.00086,0.00002,0.99089,0.00000,0.00000,0.00001,0.00000,0.00000
105.98000,1.02193,0.00661,0.00103,0.00005,0.99230,0.00000,0.00000,0.00001,0.00000,0.00000
106.12000,1.02193,0.00571,0.00099,0.00004,0.99325,0.00000,0.00000,0.00001,0.00000,0.00000
106.26000,1.02193,0.00625,0.00077,0.00003,0.99295,0.00000,0.00000,0.00001,0.00000,0.00000
106.40000,1.02193,0.00711,0.00109,0.00004,0.99176,0.00000,0.00000,0.00001,0.00000,0.00000
106.54000,1.02193,0.00657,0.00141,0.00005,0.99197,0.00000,0.00000,0.00001,0.00000,0.00000
106.68000,1.02193,0.00633,0.00126,0.00005,0.99235,0.00000,0.00000,0.00001,0.00000,0.00000
106.82000,1.02193,0.00632,0.00139,0.00005,0.99222,0.00000,0.00000,0.00001,0.00000,0.00000
106.96000,1.02194,0.00636,0.00098,0.00003,0.99262,0.00000,0.00000,0.00001,0.00000,0.00000
107.10000,1.02194,0.00799,0.00109,0.00004,0.99086,0.00000,0.00000,0.00001,0.00000,0.00000
107.24000,1.02194,0.00807,0.00065,0.00002,0.99124,0.00000,0.00000,0.00001,0.00000,0.00000
107.38000,1.02194,0.00892,0.00073,0.00005,0.99030,0.00000,0.00000,0.00001,0.00000,0.00000
107.52000,1.02194,0.00586,0.00093,0.00008,0.99312,0.00000,0.00000,0.00001,0.00000,0.00000
107.66000,1.02193,0.00519,0.00074,0.00004,0.99403,0.00000,0.00000,0.00001,0.00000,0.00000
107.80000,1.02193,0.00606,0.00021,0.00001,0.99371,0.00000,0.00000,0.00001,0.00000,0.00000
107.94000,1.02193,0.00710,0.00025,0.00002,0.99262,0.00000,0.00000,0.00001,0.00000,0.00000
108.08000,1.02193,0.00593,0.00031,0.00002,0.99373,0.00000,0.00000,0.00001,0.00000,0.00000
108.22000,1.02193,0.00529,0.00025,0.00001,0.99444,0.00000,0.00000,0.00001,0.00000,0.00000
108.36000,1.02193,0.00815,0.00076,0.00003,0.99105,0.00000,0.00000,0.00001,0.00000,0.00000
108.50000,1.02193,0.01019,0.00116,0.00007,0.98857,0.00000,0.00000,0.00001,0.00000,0.00000
108.64000,1.02193,0.01264,0.00108,0.00008,0.98619,0.00000,0.00000,0.00001,0.00000,0.00000
108.78000,1.02194,0.01406,0.00116,0.00009,0.98468,0.00000,0.00000,0.00001,0.00000,0.00000
108.92000,1.02194,0.01797,0.00163,0.00009,0.98029,0.00000,0.00000,0.00002,0.00000,0.00000
109.06000,1.02194,0.01558,0.00205,0.00013,0.98222,0.00000,0.00000,0.00001,0.00000,0.00000
109.20000,1.02194,0.01220,0.00172,0.00012,0.98595,0.00000,0.00000,0.00001,0.00000,0.00000
109.34000,1.02194,0.00991,0.00038,0.00003,0.98968,0.00000,0.00000,0.00001,0.00000,0.00000
109.48000,1.02193,0.00709,0.00027,0.00002,0.99261,0.00000,0.00000,0.00000,0.00000,0.00000
109.62000,1.02193,0.00346,0.00021,0.00001,0.99631,0.00000,0.00000,0.00000,0.00000,0.00000
109.76000,1.02193,0.00221,0.00015,0.00001,0.99764,0.00000,0.00000,0.00000,0.00000,0.00000
109.90000,1.02193,0.00156,0.00008,0.00000,0.99835,0.00000,0.00000,0.00000,0.00000,0.00000
110.04000,1.02193,0.00294,0.00007,0.00000,0.99699,0.00000,0.00000,0.00000,0.00000,0.00000
110.18000,1.02193,0.00313,0.00003,0.00000,0.99684,0.00000,0.00000,0.00000,0.00000,0.00000
110.32000,1.02193,0.00432,0.00022,0.00000,0.99546,0.00000,0.00000,0.00001,0.00000,0.00000
110.46000,1.02194,0.00242,0.00005,0.00000,0.99752,0.00000,0.00000,0.00001,0.00000,0.00000
110.60000,1.02194,0.00328,0.00006,0.00000,0.99665,0.00000,0.00000,0.00001,0.00000,0.00000
110.74000,1.02194,0.00333,0.00009,0.00000,0.99656,0.00000,0.00000,0.00001,0.00000,0.00000
110.88000,1.02194,0.00100,0.00082,0.00000,0.99818,0.00000,0.00000,0.00000,0.00000,0.00000
111.02000,1.02194,0.00064,0.00038,0.00000,0.99898,0.00000,0.00000,0.00000,0.00000,0.00000
111.16000,1.02193,0.00064,0.00059,0.00000,0.99876,0.00000,0.00000,0.00000,0.00000,0.00000
111.30000,1.02193,0.00053,0.00006,0.00000,0.99940,0.00000,0.00000,0.00000,0.00000,0.00000
111.44000,1.02193,0.00051,0.00012,0.00000,0.99937,0.00000,0.00000,0.00000,0.00000,0.00000
111.58000,1.02193,0.00055,0.00003,0.00000,0.99942,0.00000,0.00000,0.00000,0.00000,0.00000
111.72000,1.02193,0.00053,0.00008,0.00000,0.99940,0.00000,0.00000,0.00000,0.00000,0.00000
111.86000,1.02193,0.00060,0.00008,0.00000,0.99932,0.00000,0.00000,0.00000,0.00000,0.00000
112.00000,1.02193,0.00104,0.00007,0.00000,0.99888,0.00000,0.00000,0.00000,0.00000,0.00000
112.14000,1.02193,0.00163,0.00003,0.00000,0.99834,0.00000,0.00000,0.00000,0.00000,0.00000
112.28000,1.02194,0.00173,0.00004,0.00000,0.99823,0.00000,0.00000,0.00000,0.00000,0.00000
112.42000,1.02194,0.00243,0.00004,0.00000,0.99752,0.00000,0.00000,0.00000,0.00000,0.00000
112.56000,1.02194,0.00275,0.00004,0.00000,0.99721,0.00000,0.00000,0.00000,0.00000,0.00000
112.70000,1.02194,0.00289,0.00004,0.00000,0.99706,0.00000,0.00000,0.00000,0.00000,0.00000
112.84000,1.02194,0.00109,0.00007,0.00000,0.99884,0.00000,0.00000,0.00000,0.00000,0.00000
112.98000,1.02193,0.00055,0.00011,0.00000,0.99934,0.00000,0.00000,0.00000,0.00000,0.00000
113.12000,1.02193,0.00052,0.00005,0.00000,0.99943,0.00000,0.00000,0.00000,0.00000,0.00000
113.26000,1.02193,0.00062,0.00006,0.00000,0.99932,0.00000,0.00000,0.00000,0.00000,0.00000
113.40000,1.02193,0.00074,0.00015,0.00000,0.99911,0.00000,0.00000,0.00000,0.00000,0.00000
113.54000,1.02193,0.00070,0.00004,0.00000,0.99926,0.00000,0.00000,0.00000,0.00000,0.00000
113.68000,1.02193,0.00096,0.00016,0.00000,0.99888,0.00000,0.00000,0.00000,0.00000,0.00000
113.82000,1.02193,0.00143,0.00034,0.00001,0.99822,0.00000,0.00000,0.00000,0.00000,0.00000
113.96000,1.02194,0.00170,0.00025,0.00001,0.99805,0.00000,0.00000,0.00000,0.00000,0.00000
114.10000,1.02194,0.00344,0.00027,0.00001,0.99628,0.00000,0.00000,0.00000,0.00000,0.00000
114.24000,1.02194,0.00561,0.00073,0.00003,0.99362,0.00000,0.00000,0.00000,0.00000,0.00000
114.38000,1.02194,0.00672,0.00054,0.00003,0.99271,0.00000,0.00000,0.00001,0.00000,0.00000
114.52000,1.02194,0.00810,0.00056,0.00005,0.99128,0.00000,0.00000,0.00001,0.00000,0.00000
114.66000,1.02193,0.00903,0.00066,0.00008,0.99022,0.00000,0.00000,0.00001,0.00000,0.00000
114.80000,1.02193,0.01167,0.00090,0.00013,0.98729,0.00000,0.00000,0.00001,0.00000,0.00000
114.94000,1.02193,0.01059,0.00065,0.00007,0.98867,0.00000,0.00000,0.00001,0.00000,0.00000
115.08000,1.02193,0.00946,0.00071,0.00006,0.98976,0.00000,0.00000,0.00001,0.00000,0.00000
115.22000,1.02193,0.00812,0.00046,0.00004,0.99137,0.00000,0.00000,0.00001,0.00000,0.00000
115.36000,1.02193,0.00842,0.00043,0.00003,0.99111,0.00000,0.00000,0.00001,0.00000,0.00000
115.50000,1.02193,0.00756,0.00059,0.00004,0.99181,0.00000,0.00000,0.00001,0.00000,0.00000
115.64000,1.02193,0.00833,0.00067,0.00004,0.99094,0.00000,0.00000,0.00001,0.00000,0.00000
115.78000,1.02194,0.00791,0.00068,0.00007,0.99133,0.00000,0.00000,0.00001,0.00000,0.00000
115.92000,1.02194,0.00544,0.00034,0.00002,0.99419,0.00000,0.00000,0.00000,0.00000,0.00000
116.06000,1.02194,0.00386,0.00090,0.00007,0.99516,0.00000,0.00000,0.00000,0.00000,0.00000
116.20000,1.02194,0.00353,0.00025,0.00001,0.99621,0.00000,0.00000,0.00000,0.00000,0.00000
116.34000,1.02194,0.00285,0.00014,0.00001,0.99701,0.00000,0.00000,0.00000,0.00000,0.00000
116.48000,1.02193,0.00173,0.00021,0.00001,0.99805,0.00000,0.00000,0.00000,0.00000,0.00000
116.62000,1.02193,0.00149,0.00010,0.00000,0.99840,0.00000,0.00000,0.00000,0.00000,0.00000
116.76000,1.02193,0.00205,0.00009,0.00000,0.99787,0.00000,0.00000,0.00000,0.00000,0.00000
116.90000,1.02193,0.00222,0.00027,0.00001,0.99751,0.00000,0.00000,0.00000,0.00000,0.00000
117.04000,1.02193,0.00143,0.00024,0.00001,0.99832,0.00000,0.00000,0.00000,0.00000,0.00000
117.18000,1.02193,0.00166,0.00006,0.00000,0.99827,0.00000,0.00000,0.00000,0.00000,0.00000
117.32000,1.02193,0.00161,0.00023,0.00000,0.99815,0.00000,0.00000,0.00000,0.00000,0.00000
117.46000,1.02194,0.00232,0.00010,0.00000,0.99757,0.00000,0.00000,0.00000,0.00000,0.00000
117.60000,1.02194,0.00194,0.00011,0.00000,0.99794,0.00000,0.00000,0.00000,0.00000,0.00000
117.74000,1.02194,0.00182,0.00008,0.00000,0.99809,0.00000,0.00000,0.00000,0.00000,0.00000
117.88000,1.02194,0.00190,0.00035,0.00001,0.99774,0.00000,0.00000,0.00000,0.00000,0.00000
118.02000,1.02194,0.00254,0.00021,0.00001,0.99724,0.00000,0.00000,0.00000,0.00000,0.00000
118.16000,1.02193,0.00314,0.00031,0.00003,0.99651,0.00000,0.00000,0.00000,0.00000,0.00000
118.30000,1.02193,0.00245,0.00035,0.00002,0.99718,0.00000,0.00000,0.00000,0.00000,0.00000
118.44000,1.02193,0.00263,0.00035,0.00001,0.99700,0.00000,0.00000,0.00000,0.00000,0.00000
118.58000,1.02193,0.00336,0.00034,0.00002,0.99628,0.00000,0.00000,0.00000,0.00000,0.00000
118.72000,1.02193,0.00378,0.00056,0.00003,0.99563,0.00000,0.00000,0.00000,0.00000,0.00000
118.86000,1.02193,0.00405,0.00052,0.00001,0.99541,0.00000,0.00000,0.00000,0.00000,0.00000
119.00000,1.02193,0.00391,0.00086,0.00002,0.99521,0.00000,0.00000,0.00000,0.00000,0.00000
119.14000,1.02193,0.00367,0.00101,0.00002,0.99530,0.00000,0.00000,0.00000,0.00000,0.00000
119.28000,1.02194,0.00347,0.00061,0.00001,0.99590,0.00000,0.00000,0.00000,0.00000,0.00000
119.42000,1.02194,0.00363,0.00045,0.00001,0.99590,0.00000,0.00000,0.00000,0.00000,0.00000
119.56000,1.02194,0.00397,0.00120,0.00003,0.99480,0.00000,0.00000,0.00000,0.00000,0.00000
119.70000,1.02194,0.00345,0.00038,0.00001,0.99616,0.00000,0.00000,0.00000,0.00000,0.00000
119.84000,1.02194,0.00476,0.00069,0.00002,0.99452,0.00000,0.00000,0.00000,0.00000,0.00000
119.98000,1.02193,0.00633,0.00082,0.00002,0.99282,0.00000,0.00000,0.00001,0.00000,0.00000
120.12000,1.02193,0.01051,0.00122,0.00004,0.98821,0.00000,0.00000,0.00001,0.00000,0.00000
120.26000,1.02193,0.01355,0.00141,0.00007,0.98495,0.00000,0.00000,0.00002,0.00000,0.00000
120.40000,1.02193,0.01561,0.00217,0.00011,0.98209,0.00000,0.00000,0.00002,0.00000,0.00000
120.54000,1.02193,0.01522,0.00162,0.00012,0.98302,0.00000,0.00000,0.00002,0.00000,0.00000
120.68000,1.02193,0.01502,0.00191,0.00011,0.98293,0.00000,0.00000,0.00002,0.00000,0.00000
120.82000,1.02193,0.01422,0.00136,0.00013,0.98427,0.00000,0.00000,0.00002,0.00000,0.00000
120.96000,1.02194,0.00733,0.00126,0.00008,0.99132,0.00000,0.00000,0.00001,0.00000,0.00000
121.10000,1.02194,0.00669,0.00058,0.00002,0.99271,0.00000,0.00000,0.00001,0.00000,0.00000
121.24000,1.02194,0.00623,0.00059,0.00002,0.99316,0.00000,0.00000,0.00001,0.00000,0.00000
121.38000,1.02194,0.00503,0.00036,0.00001,0.99461,0.00000,0.00000,0.00000,0.00000,0.00000
121.52000,1.02194,0.00476,0.00028,0.00001,0.99495,0.00000,0.00000,0.00000,0.00000,0.00000
121.66000,1.02193,0.00543,0.00041,0.00001,0.99414,0.00000,0.00000,0.00000,0.00000,0.00000
121.80000,1.02193,0.00790,0.00101,0.00004,0.99105,0.00000,0.00000,0.00001,0.00000,0.00000
121.94000,1.02193,0.01209,0.00080,0.00004,0.98705,0.00000,0.00000,0.00001,0.00000,0.00000
122.08000,1.02193,0.01255,0.00195,0.00009,0.98540,0.00000,0.00000,0.00001,0.00000,0.00000
122.22000,1.02193,0.01056,0.00075,0.00003,0.98865,0.00000,0.00000,0.00001,0.00000,0.00000
122.36000,1.02193,0.00852,0.00092,0.00005,0.99050,0.00000,0.00000,0.00001,0.00000,0.00000
122.50000,1.02193,0.00867,0.00061,0.00002,0.99069,0.00000,0.00000,0.00001,0.00000,0.00000
122.64000,1.02193,0.00844,0.00079,0.00003,0.99074,0.00000,0.00000,0.00001,0.00000,0.00000
122.78000,1.02194,0.00813,0.00090,0.00003,0.99093,0.00000,0.00000,0.00001,0.00000,0.00000
122.92000,1.02194,0.01243,0.00178,0.00007,0.98569,0.00000,0.00000,0.00002,0.00000,0.00000
123.06000,1.02194,0.01080,0.00123,0.00007,0.98789,0.00000,0.00000,0.00001,0.00000,0.00000
123.20000,1.02194,0.01427,0.00077,0.00008,0.98486,0.00000,0.00000,0.00002,0.00000,0.00000
123.34000,1.02194,0.01972,0.00057,0.00008,0.97960,0.00000,0.00000,0.00002,0.00000,0.00000
123.48000,1.02193,0.01981,0.00043,0.00005,0.97968,0.00000,0.00000,0.00002,0.00000,0.00000
123.62000,1.02193,0.01778,0.00049,0.00008,0.98163,0.00000,0.00000,0.00002,0.00000,0.00000
123.76000,1.02193,0.01942,0.00053,0.00009,0.97994,0.00000,0.00000,0.00002,0.00000,0.00000
123.90000,1.02193,0.02070,0.00045,0.00007,0.97875,0.00000,0.00000,0.00002,0.00000,0.00000
124.04000,1.02193,0.01825,0.00070,0.00009,0.98094,0.00000,0.00000,0.00002,0.00000,0.00000
124.18000,1.02193,0.01771,0.00200,0.00019,0.98007,0.00000,0.00000,0.00002,0.00000,0.00000
124.32000,1.02193,0.01926,0.00162,0.00011,0.97898,0.00000,0.00000,0.00003,0.00000,0.00000
124.46000,1.02194,0.01813,0.00153,0.00013,0.98018,0.00000,0.00000,0.00002,0.00000,0.00000
124.60000,1.02194,0.01726,0.00133,0.00013,0.98125,0.00000,0.00000,0.00002,0.00000,0.00000
124.74000,1.02194,0.01617,0.00114,0.00010,0.98257,0.00000,0.00000,0.00002,0.00000,0.00000
124.88000,1.02194,0.01383,0.00120,0.00013,0.98482,0.00000,0.00000,0.00001,0.00000,0.00000
125.02000,1.02194,0.01131,0.00089,0.00004,0.98774,0.00000,0.00000,0.00001,0.00000,0.00000
125.16000,1.02193,0.01060,0.00079,0.00007,0.98853,0.00000,0.00000,0.00001,0.00000,0.00000
125.30000,1.02193,0.01740,0.00026,0.00002,0.98227,0.00000,0.00000,0.00005,0.00000,0.00000
125.44000,1.02193,0.01734,0.00035,0.00003,0.98222,0.00000,0.00000,0.00005,0.00000,0.00000
125.58000,1.02193,0.01279,0.00018,0.00001,0.98698,0.00000,0.00000,0.00004,0.00000,0.00000
125.72000,1.02193,0.01573,0.00077,0.00004,0.98339,0.00000,0.00000,0.00006,0.00000,0.00000
125.86000,1.02193,0.02235,0.00039,0.00002,0.97715,0.00000,0.00000,0.00009,0.00000,0.00000
126.00000,1.02193,0.02086,0.00457,0.00054,0.97397,0.00001,0.00001,0.00003,0.00001,0.00000
126.14000,1.02193,0.01099,0.00436,0.00013,0.98449,0.00000,0.00000,0.00001,0.00000,0.00000
126.28000,1.02194,0.00502,0.00242,0.00003,0.99253,0.00000,0.00000,0.00000,0.00000,0.00000
126.42000,1.02194,0.00720,0.00336,0.00007,0.98936,0.00000,0.00000,0.00001,0.00000,0.00000
126.56000,1.02194,0.00519,0.00178,0.00006,0.99296,0.00000,0.00000,0.00000,0.00000,0.00000
126.70000,1.02194,0.00522,0.00052,0.00001,0.99425,0.00000,0.00000,0.00001,0.00000,0.00000
126.84000,1.02194,0.00682,0.00184,0.00003,0.99129,0.00000,0.00000,0.00001,0.00000,0.00000
126.98000,1.02193,0.00394,0.00046,0.00001,0.99558,0.00000,0.00000,0.00001,0.00000,0.00000
127.12000,1.02193,0.00260,0.00033,0.00001,0.99705,0.00000,0.00000,0.00000,0.00000,0.00000
127.26000,1.02193,0.00241,0.00020,0.00001,0.99739,0.00000,0.00000,0.00000,0.00000,0.00000
127.40000,1.02193,0.00222,0.00046,0.00001,0.99730,0.00000,0.00000,0.00000,0.00000,0.00000
127.54000,1.02193,0.00143,0.00030,0.00000,0.99826,0.00000,0.00000,0.00000,0.00000,0.00000
127.68000,1.02193,0.00154,0.00026,0.00000,0.99820,0.00000,0.00000,0.00000,0.00000,0.00000
127.82000,1.02193,0.00212,0.00050,0.00001,0.99737,0.00000,0.00000,0.00000,0.00000,0.00000
127.96000,1.02193,0.00224,0.00029,0.00000,0.99746,0.00000,0.00000,0.00000,0.00000,0.00000
128.10001,1.02193,0.00306,0.00041,0.00001,0.99652,0.00000,0.00000,0.00000,0.00000,0.00000
128.24001,1.02193,0.00375,0.00036,0.00001,0.99588,0.00000,0.00000,0.00000,0.00000,0.00000
128.38000,1.02193,0.00647,0.00035,0.00002,0.99316,0.00000,0.00000,0.00001,0.00000,0.00000
128.52000,1.02193,0.00852,0.00041,0.00003,0.99103,0.00000,0.00000,0.00001,0.00000,0.00000
128.66000,1.02193,0.00849,0.00077,0.00005,0.99069,0.00000,0.00000,0.00001,0.00000,0.00000
128.80000,1.02193,0.00838,0.00066,0.00004,0.99091,0.00000,0.00000,0.00001,0.00000,0.00000
128.94000,1.02194,0.01193,0.00052,0.00003,0.98751,0.00000,0.00000,0.00001,0.00000,0.00000
129.08000,1.02194,0.00961,0.00052,0.00004,0.98983,0.00000,0.00000,0.00001,0.00000,0.00000
129.22000,1.02194,0.01107,0.00078,0.00003,0.98811,0.00000,0.00000,0.00001,0.00000,0.00000
129.36000,1.02194,0.01094,0.00101,0.00004,0.98799,0.00000,0.00000,0.00001,0.00000,0.00000
129.50000,1.02194,0.01188,0.00083,0.00003,0.98723,0.00000,0.00000,0.00002,0.00000,0.00000
129.64000,1.02194,0.01154,0.00064,0.00004,0.98777,0.00000,0.00000,0.00001,0.00000,0.00000
129.78000,1.02194,0.01013,0.00025,0.00001,0.98960,0.00000,0.00000,0.00001,0.00000,0.00000
129.92000,1.02194,0.00703,0.00026,0.00001,0.99270,0.00000,0.00000,0.00001,0.00000,0.00000
130.06000,1.02194,0.00850,0.00053,0.00003,0.99094,0.00000,0.00000,0.00001,0.00000,0.00000
130.20000,1.02194,0.00691,0.00033,0.00002,0.99273,0.00000,0.00000,0.00001,0.00000,0.00000
130.34000,1.02194,0.00820,0.00011,0.00001,0.99167,0.00000,0.00000,0.00001,0.00000,0.00000
130.48000,1.02194,0.00844,0.00023,0.00002,0.99131,0.00000,0.00000,0.00001,0.00000,0.00000
130.62000,1.02194,0.01257,0.00069,0.00006,0.98666,0.00000,0.00000,0.00001,0.00000,0.00000
130.75999,1.02194,0.01950,0.00088,0.00010,0.97950,0.00000,0.00000,0.00002,0.00000,0.00000
130.89999,1.02194,0.02540,0.00096,0.00015,0.97345,0.00000,0.00000,0.00003,0.00000,0.00000
131.03999,1.02194,0.02793,0.00099,0.00016,0.97087,0.00000,0.00000,0.00003,0.00000,0.00000
131.17999,1.02194,0.02900,0.00079,0.00015,0.97002,0.00000,0.00000,0.00003,0.00000,0.00000
131.32001,1.02193,0.02875,0.00182,0.00037,0.96903,0.00001,0.00000,0.00002,0.00000,0.00000
131.46001,1.02193,0.02403,0.00138,0.00018,0.97438,0.00000,0.00000,0.00002,0.00000,0.00000
131.60001,1.02193,0.02584,0.00177,0.00018,0.97218,0.00000,0.00000,0.00002,0.00000,0.00000
131.74001,1.02193,0.02134,0.00234,0.00020,0.97610,0.00000,0.00000,0.00002,0.00000,0.00000
131.88000,1.02193,0.01960,0.00262,0.00019,0.97756,0.00000,0.00000,0.00002,0.00000,0.00000
132.02000,1.02193,0.02130,0.00198,0.00009,0.97660,0.00000,0.00000,0.00002,0.00000,0.00000
132.16000,1.02193,0.02226,0.00318,0.00017,0.97435,0.00000,0.00000,0.00002,0.00000,0.00000
132.30000,1.02193,0.02253,0.00407,0.00020,0.97316,0.00001,0.00000,0.00002,0.00000,0.00000
132.44000,1.02194,0.02328,0.00397,0.00014,0.97257,0.00000,0.00000,0.00002,0.00000,0.00000
132.58000,1.02194,0.01886,0.00487,0.00022,0.97602,0.00001,0.00000,0.00001,0.00000,0.00000
132.72000,1.02194,0.02514,0.02343,0.00048,0.95093,0.00001,0.00001,0.00001,0.00000,0.00000
132.86000,1.02194,0.01821,0.00202,0.00002,0.97973,0.00000,0.00000,0.00001,0.00000,0.00000
133.00000,1.02194,0.01328,0.00079,0.00001,0.98591,0.00000,0.00000,0.00001,0.00000,0.00000
133.14000,1.02194,0.01115,0.00428,0.00004,0.98453,0.00000,0.00000,0.00000,0.00000,0.00000
133.28000,1.02194,0.02007,0.00085,0.00000,0.97906,0.00000,0.00000,0.00002,0.00000,0.00000
133.42000,1.02194,0.01594,0.00120,0.00000,0.98284,0.00000,0.00000,0.00002,0.00000,0.00000
133.56000,1.02194,0.00981,0.00071,0.00001,0.98947,0.00000,0.00000,0.00001,0.00000,0.00000
133.70000,1.02194,0.00877,0.00087,0.00002,0.99034,0.00000,0.00000,0.00001,0.00000,0.00000
133.84000,1.02194,0.01233,0.00087,0.00001,0.98678,0.00000,0.00000,0.00001,0.00000,0.00000
133.98000,1.02194,0.02732,0.00470,0.00005,0.96788,0.00001,0.00000,0.00004,0.00000,0.00000
134.12000,1.02194,0.00954,0.00072,0.00003,0.98970,0.00000,0.00000,0.00001,0.00000,0.00000
134.25999,1.02194,0.00397,0.00055,0.00003,0.99545,0.00000,0.00000,0.00000,0.00000,0.00000
134.39999,1.02194,0.00339,0.00013,0.00000,0.99648,0.00000,0.00000,0.00000,0.00000,0.00000
134.53999,1.02194,0.00358,0.00017,0.00000,0.99625,0.00000,0.00000,0.00000,0.00000,0.00000
134.67999,1.02194,0.00268,0.00012,0.00000,0.99719,0.00000,0.00000,0.00000,0.00000,0.00000
134.82001,1.02193,0.00337,0.00020,0.00000,0.99643,0.00000,0.00000,0.00000,0.00000,0.00000
134.96001,1.02193,0.00438,0.00019,0.00000,0.99542,0.00000,0.00000,0.00000,0.00000,0.00000
135.10001,1.02193,0.00471,0.00050,0.00001,0.99477,0.00000,0.00000,0.00000,0.00000,0.00000
135.24001,1.02193,0.00545,0.00015,0.00000,0.99440,0.00000,0.00000,0.00000,0.00000,0.00000
135.38000,1.02193,0.00298,0.00046,0.00002,0.99655,0.00000,0.00000,0.00000,0.00000,0.00000
135.52000,1.02193,0.00377,0.00015,0.00000,0.99608,0.00000,0.00000,0.00000,0.00000,0.00000
135.66000,1.02193,0.00462,0.00024,0.00000,0.99513,0.00000,0.00000,0.00000,0.00000,0.00000
135.80000,1.02193,0.00316,0.00012,0.00000,0.99671,0.00000,0.00000,0.00000,0.00000,0.00000
135.94000,1.02194,0.00306,0.00010,0.00000,0.99684,0.00000,0.00000,0.00000,0.00000,0.00000
136.08000,1.02194,0.00458,0.00009,0.00000,0.99532,0.00000,0.00000,0.00000,0.00000,0.00000
136.22000,1.02194,0.00595,0.00076,0.00002,0.99326,0.00000,0.00000,0.00001,0.00000,0.00000
136.36000,1.02194,0.00571,0.00028,0.00002,0.99398,0.00000,0.00000,0.00000,0.00000,0.00000
136.50000,1.02194,0.00681,0.00025,0.00001,0.99292,0.00000,0.00000,0.00001,0.00000,0.00000
136.64000,1.02194,0.00641,0.00049,0.00004,0.99305,0.00000,0.00000,0.00000,0.00000,0.00000
136.78000,1.02194,0.00965,0.00056,0.00003,0.98974,0.00000,0.00000,0.00001,0.00000,0.00000
136.92000,1.02194,0.00966,0.00100,0.00006,0.98926,0.00000,0.00000,0.00001,0.00000,0.00000
137.06000,1.02194,0.00977,0.00079,0.00003,0.98940,0.00000,0.00000,0.00001,0.00000,0.00000
137.20000,1.02194,0.01129,0.00184,0.00009,0.98676,0.00000,0.00000,0.00001,0.00000,0.00000
137.34000,1.02194,0.01311,0.00187,0.00007,0.98493,0.00000,0.00000,0.00002,0.00000,0.00000
137.48000,1.02194,0.00957,0.00174,0.00008,0.98860,0.00000,0.00000,0.00001,0.00000,0.00000
137.62000,1.02194,0.01168,0.00237,0.00010,0.98583,0.00000,0.00000,0.00001,0.00000,0.00000
137.75999,1.02194,0.01110,0.00190,0.00006,0.98692,0.00000,0.00000,0.00002,0.00000,0.00000
137.89999,1.02194,0.00790,0.00212,0.00014,0.98982,0.00000,0.00000,0.00001,0.00000,0.00000
138.03999,1.02194,0.00518,0.00111,0.00003,0.99366,0.00000,0.00000,0.00001,0.00000,0.00000
138.17999,1.02194,0.00365,0.00054,0.00001,0.99579,0.00000,0.00000,0.00000,0.00000,0.00000
138.32001,1.02193,0.00597,0.00069,0.00002,0.99331,0.00000,0.00000,0.00001,0.00000,0.00000
138.46001,1.02193,0.01482,0.00082,0.00003,0.98427,0.00000,0.00000,0.00006,0.00000,0.00000
138.60001,1.02193,0.02235,0.00050,0.00004,0.97699,0.00000,0.00000,0.00010,0.00000,0.00000
138.74001,1.02193,0.05214,0.00122,0.00012,0.94629,0.00000,0.00000,0.00022,0.00000,0.00001
138.88000,1.02193,0.08100,0.00824,0.00107,0.90903,0.00003,0.00001,0.00057,0.00001,0.00003
139.02000,1.02193,0.15914,0.00227,0.00021,0.83668,0.00001,0.00000,0.00154,0.00000,0.00014
139.16000,1.02193,0.19541,0.00125,0.00016,0.80177,0.00001,0.00000,0.00121,0.00000,0.00019
139.30000,1.02193,0.07952,0.00081,0.00010,0.91914,0.00001,0.00000,0.00038,0.00000,0.00005
139.44000,1.02194,0.02888,0.00162,0.00006,0.96932,0.00000,0.00000,0.00011,0.00000,0.00001
139.58000,1.02194,0.01496,0.00266,0.00020,0.98215,0.00000,0.00000,0.00002,0.00000,0.00000
139.72000,1.02194,0.00628,0.00180,0.00005,0.99186,0.00000,0.00000,0.00001,0.00000,0.00000
139.86000,1.02194,0.00445,0.00122,0.00004,0.99428,0.00000,0.00000,0.00000,0.00000,0.00000
140.00000,1.02194,0.00671,0.00147,0.00005,0.99176,0.00000,0.00000,0.00001,0.00000,0.00000
140.14000,1.02194,0.00995,0.00094,0.00001,0.98907,0.00000,0.00000,0.00002,0.00000,0.00000
140.28000,1.02194,0.01882,0.00062,0.00000,0.98046,0.00000,0.00000,0.00010,0.00000,0.00001
140.42000,1.02194,0.03547,0.00489,0.00003,0.95946,0.00000,0.00000,0.00015,0.00000,0.00001
140.56000,1.02194,0.04045,0.00300,0.00002,0.95626,0.00000,0.00000,0.00023,0.00000,0.00003
140.70000,1.02194,0.05700,0.00706,0.00014,0.93553,0.00001,0.00000,0.00023,0.00000,0.00003
140.84000,1.02194,0.05949,0.02273,0.00082,0.91680,0.00002,0.00001,0.00009,0.00001,0.00002
140.98000,1.02194,0.03908,0.01013,0.00020,0.95051,0.00001,0.00000,0.00005,0.00000,0.00001
141.12000,1.02194,0.02136,0.00771,0.00026,0.97063,0.00001,0.00000,0.00002,0.00000,0.00000
141.25999,1.02194,0.01571,0.00303,0.00012,0.98112,0.00000,0.00000,0.00002,0.00000,0.00000
141.39999,1.02194,0.02178,0.00300,0.00012,0.97508,0.00000,0.00000,0.00001,0.00000,0.00000
141.53999,1.02194,0.01260,0.00169,0.00004,0.98565,0.00000,0.00000,0.00001,0.00000,0.00000
141.67999,1.02194,0.01089,0.00165,0.00004,0.98740,0.00000,0.00000,0.00001,0.00000,0.00000
141.82001,1.02193,0.02865,0.00210,0.00005,0.96913,0.00001,0.00000,0.00006,0.00000,0.00000
141.96001,1.02193,0.03842,0.00579,0.00010,0.95560,0.00001,0.00000,0.00007,0.00000,0.00001
142.10001,1.02193,0.03220,0.01117,0.00014,0.95632,0.00002,0.00001,0.00012,0.00001,0.00001
142.24001,1.02193,0.03968,0.01457,0.00005,0.94498,0.00002,0.00000,0.00064,0.00001,0.00004
142.38000,1.02193,0.04242,0.00811,0.00007,0.94875,0.00003,0.00000,0.00057,0.00001,0.00003
142.52000,1.02193,0.03726,0.01328,0.00004,0.94901,0.00002,0.00000,0.00035,0.00001,0.00003
142.66000,1.02193,0.01734,0.01306,0.00006,0.96940,0.00002,0.00001,0.00012,0.00001,0.00000
142.80000,1.02193,0.00616,0.00731,0.00004,0.98645,0.00000,0.00000,0.00003,0.00000,0.00000
142.94000,1.02194,0.01801,0.00104,0.00001,0.98083,0.00000,0.00000,0.00010,0.00000,0.00000
143.08000,1.02194,0.01481,0.00070,0.00001,0.98443,0.00000,0.00000,0.00005,0.00000,0.00000
143.22000,1.02194,0.01606,0.00212,0.00007,0.98173,0.00000,0.00000,0.00002,0.00000,0.00000
143.36000,1.02194,0.00643,0.00099,0.00005,0.99252,0.00000,0.00000,0.00001,0.00000,0.00000
143.50000,1.02194,0.00696,0.00070,0.00003,0.99231,0.00000,0.00000,0.00001,0.00000,0.00000
143.64000,1.02194,0.00639,0.00042,0.00002,0.99317,0.00000,0.00000,0.00001,0.00000,0.00000
143.78000,1.02194,0.00217,0.00034,0.00000,0.99749,0.00000,0.00000,0.00000,0.00000,0.00000
143.92000,1.02194,0.00260,0.00112,0.00002,0.99626,0.00000,0.00000,0.00000,0.00000,0.00000
144.06000,1.02194,0.00409,0.00118,0.00002,0.99471,0.00000,0.00000,0.00001,0.00000,0.00000
144.20000,1.02194,0.00396,0.00104,0.00003,0.99497,0.00000,0.00000,0.00000,0.00000,0.00000
144.34000,1.02194,0.00477,0.00126,0.00004,0.99393,0.00000,0.00000,0.00000,0.00000,0.00000
144.48000,1.02194,0.00527,0.00106,0.00003,0.99364,0.00000,0.00000,0.00001,0.00000,0.00000
144.62000,1.02194,0.00553,0.00225,0.00007,0.99215,0.00000,0.00000,0.00000,0.00000,0.00000
144.75999,1.02194,0.00478,0.00078,0.00001,0.99442,0.00000,0.00000,0.00000,0.00000,0.00000
144.89999,1.02194,0.00539,0.00084,0.00001,0.99375,0.00000,0.00000,0.00001,0.00000,0.00000
145.03999,1.02194,0.00526,0.00122,0.00002,0.99349,0.00000,0.00000,0.00001,0.00000,0.00000
145.17999,1.02194,0.00305,0.00126,0.00002,0.99567,0.00000,0.00000,0.00000,0.00000,0.00000
145.32001,1.02193,0.00298,0.00092,0.00002,0.99608,0.00000,0.00000,0.00000,0.00000,0.00000
145.46001,1.02193,0.00350,0.00053,0.00001,0.99596,0.00000,0.00000,0.00000,0.00000,0.00000
145.60001,1.02193,0.00163,0.00042,0.00001,0.99794,0.00000,0.00000,0.00000,0.00000,0.00000
145.74001,1.02193,0.00123,0.00009,0.00000,0.99868,0.00000,0.00000,0.00000,0.00000,0.00000
145.88000,1.02193,0.00145,0.00008,0.00000,0.99847,0.00000,0.00000,0.00000,0.00000,0.00000
146.02000,1.02193,0.00145,0.00007,0.00000,0.99847,0.00000,0.00000,0.00000,0.00000,0.00000
146.16000,1.02193,0.00126,0.00033,0.00001,0.99840,0.00000,0.00000,0.00000,0.00000,0.00000
146.30000,1.02193,0.00259,0.00052,0.00001,0.99688,0.00000,0.00000,0.00000,0.00000,0.00000
146.44000,1.02194,0.00457,0.00145,0.00002,0.99395,0.00000,0.00000,0.00001,0.00000,0.00000
146.58000,1.02194,0.00619,0.00037,0.00000,0.99341,0.00000,0.00000,0.00002,0.00000,0.00000
146.72000,1.02194,0.00673,0.00053,0.00001,0.99271,0.00000,0.00000,0.00002,0.00000,0.00000
146.86000,1.02194,0.01077,0.00043,0.00001,0.98875,0.00000,0.00000,0.00004,0.00000,0.00000
147.00000,1.02194,0.02198,0.00180,0.00004,0.97613,0.00000,0.00000,0.00005,0.00000,0.00000
147.14000,1.02194,0.01656,0.00316,0.00008,0.98017,0.00000,0.00000,0.00002,0.00000,0.00000
147.28000,1.02194,0.00913,0.00106,0.00002,0.98977,0.00000,0.00000,0.00001,0.00000,0.00000
147.42000,1.02194,0.01255,0.00151,0.00006,0.98587,0.00000,0.00000,0.00001,0.00000,0.00000
147.56000,1.02194,0.01465,0.00117,0.00004,0.98412,0.00000,0.00000,0.00001,0.00000,0.00000
147.70000,1.02194,0.01637,0.00200,0.00008,0.98152,0.00000,0.00000,0.00001,0.00000,0.00000
147.84000,1.02194,0.01783,0.00549,0.00022,0.97643,0.00001,0.00000,0.00002,0.00000,0.00000
