Time (seconds), Duration (seconds),pred_unlabelled,pred_Air,pred_Floor,pred_Carpet
0.00000,1.05394,0.00307,0.99197,0.00356,0.00140
0.10000,1.05394,0.00254,0.99152,0.00440,0.00155
0.20000,1.05394,0.00387,0.99016,0.00420,0.00177
0.30000,1.05394,0.00456,0.98842,0.00522,0.00180
0.40000,1.05394,0.00683,0.98586,0.00487,0.00244
0.50000,1.05394,0.00534,0.98842,0.00430,0.00194
0.60000,1.05394,0.00391,0.99174,0.00288,0.00147
0.70000,1.05394,0.00399,0.99172,0.00288,0.00141
0.80000,1.05394,0.00488,0.99127,0.00232,0.00153
0.90000,1.05394,0.00412,0.99220,0.00237,0.00132
1.00000,1.05394,0.00282,0.99448,0.00179,0.00092
1.10000,1.05394,0.00300,0.99419,0.00187,0.00095
1.20000,1.05394,0.00204,0.99576,0.00150,0.00070
1.30000,1.05394,0.00129,0.99724,0.00101,0.00047
1.40000,1.05394,0.00115,0.99765,0.00083,0.00037
1.50000,1.05394,0.00129,0.99745,0.00085,0.00042
1.60000,1.05394,0.00113,0.99767,0.00081,0.00039
1.70000,1.05394,0.00077,0.99837,0.00058,0.00028
1.80000,1.05394,0.00070,0.99857,0.00051,0.00022
1.90000,1.05394,0.00069,0.99853,0.00055,0.00022
2.00000,1.05394,0.00115,0.99760,0.00084,0.00041
2.10000,1.05394,0.00118,0.99766,0.00079,0.00038
2.20000,1.05394,0.00171,0.99625,0.00134,0.00069
2.30000,1.05394,0.00220,0.99529,0.00165,0.00086
2.40000,1.05394,0.00176,0.99610,0.00143,0.00071
2.50000,1.05394,0.00205,0.99575,0.00144,0.00076
2.60000,1.05394,0.00288,0.99324,0.00279,0.00109
2.70000,1.05394,0.00395,0.99020,0.00423,0.00162
2.80000,1.05394,0.00406,0.99024,0.00429,0.00140
2.90000,1.05394,0.00518,0.98995,0.00350,0.00137
3.00000,1.05394,0.00379,0.99198,0.00312,0.00111
3.10000,1.05394,0.00455,0.98953,0.00408,0.00184
3.20000,1.05394,0.00552,0.98837,0.00432,0.00178
3.30000,1.05394,0.00667,0.98727,0.00404,0.00202
3.40000,1.05394,0.00671,0.98613,0.00515,0.00201
3.50000,1.05394,0.00382,0.99228,0.00255,0.00135
3.60000,1.05394,0.00253,0.99510,0.00150,0.00087
3.70000,1.05394,0.00217,0.99572,0.00128,0.00083
3.80000,1.05394,0.00203,0.99569,0.00141,0.00086
3.90000,1.05394,0.00240,0.99493,0.00166,0.00101
4.00000,1.05394,0.00244,0.99487,0.00172,0.00097
4.10000,1.05394,0.00302,0.99416,0.00172,0.00109
4.20000,1.05394,0.00238,0.99544,0.00143,0.00076
4.30000,1.05394,0.00208,0.99588,0.00130,0.00074
4.40000,1.05394,0.00240,0.99549,0.00131,0.00080
4.50000,1.05394,0.00439,0.99156,0.00252,0.00153
4.60000,1.05394,0.00573,0.98847,0.00396,0.00184
4.70000,1.05394,0.00421,0.99111,0.00325,0.00142
4.80000,1.05394,0.00413,0.99169,0.00264,0.00154
4.90000,1.05394,0.00332,0.99332,0.00231,0.00105
5.00000,1.05394,0.00378,0.99325,0.00188,0.00109
5.10000,1.05394,0.00263,0.99446,0.00205,0.00087
5.20000,1.05394,0.00334,0.99345,0.00201,0.00119
5.30000,1.05394,0.00407,0.99177,0.00284,0.00132
5.40000,1.05394,0.00399,0.99253,0.00223,0.00125
5.50000,1.05394,0.00339,0.99362,0.00188,0.00111
5.60000,1.05394,0.00408,0.99269,0.00178,0.00145
5.70000,1.05394,0.00489,0.99112,0.00241,0.00158
5.80000,1.05394,0.00410,0.99211,0.00217,0.00162
5.90000,1.05394,0.00382,0.99239,0.00225,0.00155
6.00000,1.05394,0.00282,0.99459,0.00141,0.00118
6.10000,1.05394,0.00282,0.99428,0.00169,0.00122
6.20000,1.05394,0.00317,0.99407,0.00160,0.00116
6.30000,1.05394,0.00228,0.99566,0.00131,0.00075
6.40000,1.05394,0.00216,0.99574,0.00130,0.00080
6.50000,1.05394,0.00257,0.99505,0.00149,0.00090
6.60000,1.05394,0.00263,0.99505,0.00141,0.00091
6.70000,1.05394,0.00198,0.99601,0.00126,0.00074
6.80000,1.05394,0.00279,0.99439,0.00176,0.00106
6.90000,1.05394,0.00408,0.99211,0.00234,0.00147
7.00000,1.05394,0.00319,0.99327,0.00225,0.00130
7.10000,1.05394,0.00301,0.99390,0.00199,0.00110
7.20000,1.05394,0.00441,0.99083,0.00318,0.00158
7.30000,1.05394,0.00484,0.99019,0.00304,0.00192
7.40000,1.05394,0.00486,0.99055,0.00309,0.00150
7.50000,1.05394,0.00513,0.98977,0.00355,0.00155
7.60000,1.05394,0.00414,0.99102,0.00343,0.00140
7.70000,1.05394,0.00463,0.99004,0.00362,0.00171
7.80000,1.05394,0.00313,0.99334,0.00255,0.00098
7.90000,1.05394,0.00313,0.99367,0.00228,0.00093
8.00000,1.05394,0.00238,0.99405,0.00265,0.00092
8.10000,1.05394,0.00331,0.99244,0.00307,0.00118
8.20000,1.05394,0.00399,0.98983,0.00439,0.00179
8.30000,1.05394,0.00298,0.99193,0.00372,0.00137
8.40000,1.05394,0.00300,0.99307,0.00278,0.00116
8.50000,1.05394,0.00313,0.99306,0.00263,0.00118
8.60000,1.05394,0.00400,0.99125,0.00326,0.00149
8.70000,1.05394,0.00275,0.99379,0.00232,0.00115
8.80000,1.05394,0.00298,0.99266,0.00293,0.00142
8.90000,1.05394,0.00347,0.99243,0.00261,0.00150
9.00000,1.05394,0.00349,0.99249,0.00255,0.00148
9.10000,1.05394,0.00241,0.99502,0.00151,0.00106
9.20000,1.05394,0.00178,0.99627,0.00122,0.00073
9.30000,1.05394,0.00249,0.99512,0.00144,0.00095
9.40000,1.05394,0.00219,0.99518,0.00164,0.00099
9.50000,1.05394,0.00264,0.99469,0.00160,0.00106
9.60000,1.05394,0.00165,0.99622,0.00136,0.00077
9.70000,1.05394,0.00285,0.99403,0.00190,0.00122
9.80000,1.05394,0.00292,0.99411,0.00182,0.00115
9.90000,1.05394,0.00296,0.99469,0.00147,0.00088
10.00000,1.05394,0.00274,0.99469,0.00162,0.00095
10.10000,1.05394,0.00250,0.99514,0.00152,0.00084
10.20000,1.05394,0.00334,0.99336,0.00217,0.00113
10.30000,1.05394,0.00205,0.99573,0.00145,0.00077
10.40000,1.05394,0.00217,0.99513,0.00188,0.00082
10.50000,1.05394,0.00258,0.99383,0.00248,0.00111
10.60000,1.05394,0.00305,0.99285,0.00288,0.00123
10.70000,1.05394,0.00307,0.99291,0.00289,0.00113
10.80000,1.05394,0.00387,0.99007,0.00439,0.00167
10.90000,1.05394,0.00258,0.99347,0.00285,0.00109
11.00000,1.05394,0.00227,0.99449,0.00237,0.00087
11.10000,1.05394,0.00285,0.99251,0.00343,0.00122
11.20000,1.05394,0.00317,0.99163,0.00395,0.00125
11.30000,1.05394,0.00361,0.99064,0.00424,0.00151
11.40000,1.05394,0.00430,0.98991,0.00460,0.00120
11.50000,1.05394,0.00580,0.98560,0.00666,0.00193
11.60000,1.05394,0.00427,0.98866,0.00578,0.00130
11.70000,1.05394,0.00373,0.99158,0.00377,0.00092
11.80000,1.05394,0.00428,0.99051,0.00409,0.00112
11.90000,1.05394,0.00524,0.98919,0.00432,0.00125
12.00000,1.05394,0.00323,0.99306,0.00287,0.00084
12.10000,1.05394,0.00334,0.99380,0.00220,0.00066
12.20000,1.05394,0.00402,0.99279,0.00235,0.00084
12.30000,1.05394,0.00406,0.99283,0.00218,0.00094
12.40000,1.05394,0.00333,0.99416,0.00169,0.00083
12.50000,1.05394,0.00271,0.99531,0.00132,0.00066
12.60000,1.05394,0.00325,0.99436,0.00157,0.00083
12.70000,1.05394,0.00192,0.99659,0.00100,0.00050
12.80000,1.05394,0.00251,0.99567,0.00116,0.00065
12.90000,1.05394,0.00247,0.99533,0.00155,0.00064
13.00000,1.05394,0.00228,0.99551,0.00153,0.00069
13.10000,1.05394,0.00172,0.99630,0.00144,0.00054
13.20000,1.05394,0.00117,0.99741,0.00103,0.00039
13.30000,1.05394,0.00148,0.99715,0.00103,0.00034
13.40000,1.05394,0.00179,0.99652,0.00130,0.00040
13.50000,1.05394,0.00350,0.99303,0.00286,0.00060
13.60000,1.05394,0.00281,0.99393,0.00261,0.00065
13.70000,1.05394,0.00563,0.98747,0.00566,0.00124
13.80000,1.05394,0.00468,0.98920,0.00492,0.00120
13.90000,1.05394,0.00824,0.98237,0.00788,0.00151
14.00000,1.05394,0.00706,0.98454,0.00666,0.00174
14.10000,1.05394,0.01138,0.97204,0.01380,0.00278
14.20000,1.05394,0.01473,0.96644,0.01511,0.00372
14.30000,1.05394,0.01394,0.96336,0.01829,0.00441
14.40000,1.05394,0.01153,0.97298,0.01231,0.00318
14.50000,1.05394,0.01157,0.96649,0.01789,0.00404
14.60000,1.05394,0.01241,0.97104,0.01276,0.00379
14.70000,1.05394,0.00994,0.97386,0.01225,0.00395
14.80000,1.05394,0.00967,0.97793,0.00935,0.00304
14.90000,1.05394,0.00730,0.98145,0.00833,0.00292
15.00000,1.05394,0.00724,0.98379,0.00669,0.00229
15.10000,1.05394,0.00582,0.98752,0.00480,0.00185
15.20000,1.05394,0.00546,0.98782,0.00512,0.00160
15.30000,1.05394,0.00375,0.99172,0.00335,0.00118
15.40000,1.05394,0.00365,0.99300,0.00248,0.00086
15.50000,1.05394,0.00245,0.99504,0.00177,0.00073
15.60000,1.05394,0.00367,0.99323,0.00222,0.00088
15.70000,1.05394,0.00330,0.99394,0.00203,0.00072
15.80000,1.05394,0.00330,0.99396,0.00213,0.00061
15.90000,1.05394,0.00254,0.99494,0.00188,0.00064
16.00000,1.05394,0.00321,0.99387,0.00227,0.00066
16.10000,1.05394,0.00320,0.99439,0.00174,0.00067
16.20000,1.05394,0.00377,0.99343,0.00213,0.00067
16.30000,1.05394,0.00433,0.99228,0.00238,0.00101
16.40000,1.05394,0.00518,0.99040,0.00332,0.00109
16.50000,1.05394,0.00535,0.98934,0.00371,0.00159
16.60000,1.05394,0.00551,0.98933,0.00374,0.00143
16.70000,1.05394,0.00656,0.98733,0.00412,0.00200
16.80000,1.05394,0.00729,0.98601,0.00424,0.00246
16.90000,1.05394,0.00803,0.98317,0.00562,0.00318
17.00000,1.05394,0.01130,0.97534,0.00906,0.00429
17.10000,1.05394,0.00979,0.97686,0.00970,0.00365
17.20000,1.05394,0.01102,0.97671,0.00815,0.00412
17.30000,1.05394,0.00744,0.98296,0.00660,0.00301
17.40000,1.05394,0.01148,0.97709,0.00742,0.00401
17.50000,1.05394,0.00855,0.98148,0.00712,0.00284
17.60000,1.05394,0.01048,0.97967,0.00690,0.00295
17.70000,1.05394,0.01097,0.97815,0.00754,0.00335
17.80000,1.05394,0.01196,0.97472,0.00956,0.00377
17.90000,1.05394,0.00840,0.98374,0.00529,0.00257
18.00000,1.05394,0.00963,0.98213,0.00548,0.00276
18.10000,1.05394,0.00765,0.98509,0.00468,0.00257
18.20000,1.05394,0.00665,0.98608,0.00499,0.00228
18.30000,1.05394,0.00869,0.98140,0.00617,0.00373
18.40000,1.05394,0.00869,0.97947,0.00761,0.00423
18.50000,1.05394,0.00662,0.98479,0.00547,0.00312
18.60000,1.05394,0.00489,0.98807,0.00480,0.00224
18.70000,1.05394,0.00593,0.98675,0.00468,0.00263
18.80000,1.05394,0.00656,0.98470,0.00609,0.00265
18.90000,1.05394,0.00672,0.98391,0.00634,0.00302
19.00000,1.05394,0.00720,0.98321,0.00682,0.00277
19.10000,1.05394,0.01018,0.97961,0.00715,0.00305
19.20000,1.05394,0.00649,0.98741,0.00432,0.00179
19.30000,1.05394,0.00644,0.98793,0.00403,0.00160
19.40000,1.05394,0.00683,0.98799,0.00371,0.00147
19.50000,1.05394,0.00535,0.99061,0.00295,0.00109
19.60000,1.05394,0.00483,0.99138,0.00274,0.00105
19.70000,1.05394,0.00832,0.98503,0.00489,0.00176
19.80000,1.05394,0.01030,0.98062,0.00674,0.00235
19.90000,1.05394,0.00774,0.98464,0.00567,0.00195
20.00000,1.05394,0.01075,0.97649,0.00959,0.00317
20.10000,1.05394,0.00985,0.98052,0.00669,0.00293
20.20000,1.05394,0.01163,0.97526,0.00949,0.00362
20.30000,1.05394,0.00936,0.98199,0.00581,0.00284
20.40000,1.05394,0.00968,0.97898,0.00817,0.00317
20.50000,1.05394,0.00481,0.98965,0.00406,0.00147
20.60000,1.05394,0.00278,0.99415,0.00198,0.00110
20.70000,1.05394,0.00113,0.99747,0.00097,0.00043
20.80000,1.05394,0.00123,0.99760,0.00082,0.00035
20.90000,1.05394,0.00073,0.99864,0.00044,0.00019
21.00000,1.05394,0.00098,0.99820,0.00053,0.00029
21.10000,1.05394,0.00051,0.99893,0.00038,0.00018
21.20000,1.05394,0.00083,0.99830,0.00056,0.00031
21.30000,1.05394,0.00080,0.99843,0.00051,0.00026
21.40000,1.05394,0.00143,0.99715,0.00084,0.00057
21.50000,1.05394,0.00184,0.99670,0.00084,0.00063
21.60000,1.05394,0.00281,0.99473,0.00130,0.00116
21.70000,1.05394,0.00322,0.99420,0.00136,0.00121
21.80000,1.05394,0.00285,0.99433,0.00149,0.00133
21.90000,1.05394,0.00264,0.99507,0.00125,0.00105
22.00000,1.05394,0.00215,0.99625,0.00088,0.00072
22.10000,1.05394,0.00227,0.99612,0.00088,0.00073
22.20000,1.05394,0.00189,0.99658,0.00091,0.00062
22.30000,1.05394,0.00188,0.99666,0.00087,0.00058
22.40000,1.05394,0.00178,0.99698,0.00073,0.00051
22.50000,1.05394,0.00156,0.99748,0.00058,0.00038
22.60000,1.05394,0.00100,0.99819,0.00052,0.00028
22.70000,1.05394,0.00117,0.99796,0.00056,0.00031
22.80000,1.05394,0.00102,0.99825,0.00048,0.00024
22.90000,1.05394,0.00109,0.99819,0.00047,0.00025
23.00000,1.05394,0.00129,0.99784,0.00055,0.00031
23.10000,1.05394,0.00120,0.99809,0.00047,0.00025
23.20000,1.05394,0.00127,0.99782,0.00062,0.00029
23.30000,1.05394,0.00139,0.99721,0.00102,0.00038
23.40000,1.05394,0.00129,0.99752,0.00088,0.00031
23.50000,1.05394,0.00157,0.99678,0.00121,0.00044
23.60000,1.05394,0.00111,0.99739,0.00110,0.00040
23.70000,1.05394,0.00145,0.99656,0.00143,0.00056
23.80000,1.05394,0.00120,0.99719,0.00119,0.00042
23.90000,1.05394,0.00135,0.99660,0.00152,0.00054
24.00000,1.05394,0.00118,0.99680,0.00151,0.00051
24.10000,1.05394,0.00161,0.99635,0.00144,0.00060
24.20000,1.05394,0.00098,0.99792,0.00077,0.00034
24.30000,1.05394,0.00106,0.99795,0.00068,0.00031
24.40000,1.05394,0.00090,0.99826,0.00057,0.00026
24.50000,1.05394,0.00110,0.99787,0.00072,0.00031
24.60000,1.05394,0.00107,0.99794,0.00070,0.00030
24.70000,1.05394,0.00103,0.99801,0.00067,0.00029
24.80000,1.05394,0.00090,0.99827,0.00054,0.00028
24.90000,1.05394,0.00101,0.99814,0.00057,0.00028
25.00000,1.05394,0.00141,0.99731,0.00085,0.00043
25.10000,1.05394,0.00145,0.99720,0.00098,0.00038
25.20000,1.05394,0.00190,0.99613,0.00129,0.00069
25.30000,1.05394,0.00387,0.99147,0.00321,0.00145
25.40000,1.05394,0.00961,0.97736,0.00878,0.00425
25.50000,1.05394,0.00845,0.97869,0.00943,0.00342
25.60000,1.05394,0.00784,0.97961,0.00842,0.00412
25.70000,1.05394,0.00743,0.98156,0.00777,0.00325
25.80000,1.05394,0.00940,0.97791,0.00793,0.00475
25.90000,1.05394,0.00701,0.98557,0.00499,0.00243
26.00000,1.05394,0.00356,0.99253,0.00247,0.00145
26.10000,1.05394,0.00174,0.99665,0.00109,0.00052
26.20000,1.05394,0.00074,0.99875,0.00032,0.00019
26.30000,1.05394,0.00030,0.99954,0.00010,0.00007
26.40000,1.05394,0.00013,0.99980,0.00004,0.00003
26.50000,1.05394,0.00011,0.99984,0.00003,0.00002
26.60000,1.05394,0.00011,0.99984,0.00003,0.00002
26.70000,1.05394,0.00009,0.99988,0.00002,0.00001
26.80000,1.05394,0.00006,0.99991,0.00002,0.00001
26.90000,1.05394,0.00006,0.99991,0.00002,0.00001
27.00000,1.05394,0.00014,0.99981,0.00003,0.00002
27.10000,1.05394,0.00019,0.99973,0.00005,0.00003
27.20000,1.05394,0.00034,0.99952,0.00009,0.00005
27.30000,1.05394,0.00028,0.99961,0.00007,0.00005
27.40000,1.05394,0.00045,0.99937,0.00011,0.00007
27.50000,1.05394,0.00039,0.99938,0.00012,0.00010
27.60000,1.05394,0.00051,0.99922,0.00015,0.00012
27.70000,1.05394,0.00050,0.99922,0.00017,0.00011
27.80000,1.05394,0.00069,0.99892,0.00023,0.00016
27.90000,1.05394,0.00046,0.99911,0.00029,0.00014
28.00000,1.05394,0.00032,0.99940,0.00018,0.00009
28.10000,1.05394,0.00031,0.99948,0.00015,0.00006
28.20000,1.05394,0.00035,0.99940,0.00017,0.00009
28.30000,1.05394,0.00031,0.99948,0.00014,0.00007
28.40000,1.05394,0.00028,0.99949,0.00016,0.00007
28.50000,1.05394,0.00032,0.99944,0.00017,0.00007
28.60000,1.05394,0.00026,0.99955,0.00013,0.00006
28.70000,1.05394,0.00025,0.99958,0.00012,0.00005
28.80000,1.05394,0.00020,0.99969,0.00008,0.00003
28.90000,1.05394,0.00042,0.99938,0.00012,0.00008
29.00000,1.05394,0.00038,0.99938,0.00015,0.00009
29.10000,1.05394,0.00038,0.99938,0.00015,0.00009
29.20000,1.05394,0.00029,0.99952,0.00013,0.00006
29.30000,1.05394,0.00041,0.99934,0.00016,0.00009
29.40000,1.05394,0.00042,0.99934,0.00016,0.00008
29.50000,1.05394,0.00058,0.99912,0.00019,0.00011
29.60000,1.05394,0.00085,0.99869,0.00028,0.00018
29.70000,1.05394,0.00136,0.99784,0.00052,0.00029
29.80000,1.05394,0.00103,0.99847,0.00033,0.00017
29.90000,1.05394,0.00103,0.99851,0.00030,0.00016
30.00000,1.05394,0.00182,0.99752,0.00041,0.00024
30.10000,1.05394,0.00287,0.99615,0.00064,0.00034
30.20000,1.05394,0.00320,0.99568,0.00070,0.00041
30.30000,1.05394,0.00329,0.99542,0.00086,0.00044
30.40000,1.05394,0.00336,0.99557,0.00072,0.00035
30.50000,1.05394,0.00273,0.99645,0.00054,0.00028
30.60000,1.05394,0.00399,0.99495,0.00068,0.00037
30.70000,1.05394,0.00322,0.99596,0.00053,0.00029
30.80000,1.05394,0.00208,0.99730,0.00038,0.00025
30.90000,1.05394,0.00202,0.99748,0.00032,0.00018
31.00000,1.05394,0.00200,0.99750,0.00030,0.00019
31.10000,1.05394,0.00121,0.99851,0.00017,0.00010
31.20000,1.05394,0.00154,0.99813,0.00019,0.00014
31.30000,1.05394,0.00109,0.99868,0.00015,0.00009
31.40000,1.05394,0.00145,0.99823,0.00019,0.00013
31.50000,1.05394,0.00110,0.99859,0.00019,0.00012
31.60000,1.05394,0.00172,0.99788,0.00024,0.00015
31.70000,1.05394,0.00109,0.99865,0.00015,0.00011
31.80000,1.05394,0.00138,0.99831,0.00018,0.00012
31.90000,1.05394,0.00073,0.99912,0.00009,0.00007
32.00000,1.05394,0.00095,0.99886,0.00011,0.00008
32.10000,1.05394,0.00081,0.99902,0.00010,0.00008
32.20000,1.05394,0.00116,0.99863,0.00012,0.00009
32.30000,1.05394,0.00156,0.99817,0.00015,0.00012
32.40000,1.05394,0.00173,0.99795,0.00019,0.00014
32.50000,1.05394,0.00159,0.99816,0.00015,0.00010
32.60000,1.05394,0.00115,0.99870,0.00010,0.00006
32.70000,1.05394,0.00217,0.99762,0.00012,0.00009
32.80000,1.05394,0.00212,0.99758,0.00019,0.00011
32.90000,1.05394,0.00219,0.99751,0.00017,0.00013
33.00000,1.05394,0.00291,0.99666,0.00027,0.00017
33.10000,1.05394,0.00140,0.99837,0.00013,0.00011
33.20000,1.05394,0.00150,0.99822,0.00016,0.00012
33.30000,1.05394,0.00090,0.99893,0.00010,0.00008
33.40000,1.05394,0.00076,0.99908,0.00009,0.00007
33.50000,1.05394,0.00071,0.99913,0.00008,0.00007
33.60000,1.05394,0.00071,0.99912,0.00010,0.00008
33.70000,1.05394,0.00056,0.99933,0.00006,0.00005
33.80000,1.05394,0.00057,0.99928,0.00009,0.00007
33.90000,1.05394,0.00047,0.99940,0.00007,0.00006
34.00000,1.05394,0.00030,0.99959,0.00006,0.00005
34.10000,1.05394,0.00026,0.99966,0.00005,0.00003
34.20000,1.05394,0.00018,0.99976,0.00004,0.00003
34.30000,1.05394,0.00015,0.99979,0.00004,0.00002
34.40000,1.05394,0.00039,0.99944,0.00011,0.00006
34.50000,1.05394,0.00034,0.99951,0.00011,0.00005
34.60000,1.05394,0.00022,0.99967,0.00008,0.00004
34.70000,1.05394,0.00010,0.99983,0.00005,0.00002
34.80000,1.05394,0.00014,0.99978,0.00005,0.00002
34.90000,1.05394,0.00016,0.99979,0.00004,0.00002
35.00000,1.05394,0.00024,0.99968,0.00005,0.00003
35.10000,1.05394,0.00049,0.99939,0.00008,0.00005
35.20000,1.05394,0.00081,0.99904,0.00009,0.00006
35.30000,1.05394,0.00039,0.99953,0.00005,0.00003
35.40000,1.05394,0.00075,0.99910,0.00009,0.00006
35.50000,1.05394,0.00114,0.99858,0.00018,0.00010
35.60000,1.05394,0.00210,0.99748,0.00023,0.00019
35.70000,1.05394,0.00253,0.99678,0.00044,0.00025
35.80000,1.05394,0.00349,0.99571,0.00052,0.00028
35.90000,1.05394,0.00343,0.99549,0.00072,0.00035
36.00000,1.05394,0.00362,0.99525,0.00074,0.00038
36.10000,1.05394,0.00390,0.99445,0.00118,0.00047
36.20000,1.05394,0.00512,0.99238,0.00187,0.00063
36.30000,1.05394,0.00223,0.99674,0.00067,0.00036
36.40000,1.05394,0.00234,0.99683,0.00055,0.00028
36.50000,1.05394,0.00253,0.99656,0.00057,0.00034
36.60000,1.05394,0.00225,0.99712,0.00041,0.00022
36.70000,1.05394,0.00176,0.99775,0.00030,0.00019
36.80000,1.05394,0.00172,0.99783,0.00028,0.00017
36.90000,1.05394,0.00173,0.99784,0.00025,0.00019
37.00000,1.05394,0.00104,0.99867,0.00018,0.00012
37.10000,1.05394,0.00103,0.99870,0.00016,0.00011
37.20000,1.05394,0.00107,0.99865,0.00017,0.00012
37.30000,1.05394,0.00121,0.99852,0.00015,0.00013
37.40000,1.05394,0.00067,0.99916,0.00010,0.00007
37.50000,1.05394,0.00094,0.99882,0.00014,0.00011
37.60000,1.05394,0.00085,0.99889,0.00015,0.00011
37.70000,1.05394,0.00184,0.99758,0.00037,0.00021
37.80000,1.05394,0.00134,0.99815,0.00036,0.00015
37.90000,1.05394,0.00183,0.99739,0.00057,0.00021
38.00000,1.05394,0.00143,0.99790,0.00045,0.00022
38.10000,1.05394,0.00287,0.99615,0.00070,0.00029
38.20000,1.05394,0.00245,0.99664,0.00064,0.00028
38.30000,1.05394,0.00313,0.99554,0.00095,0.00038
38.40000,1.05394,0.00274,0.99615,0.00074,0.00037
38.50000,1.05394,0.00274,0.99614,0.00078,0.00033
38.60000,1.05394,0.00274,0.99633,0.00060,0.00033
38.70000,1.05394,0.00152,0.99805,0.00024,0.00019
38.80000,1.05394,0.00169,0.99790,0.00024,0.00017
38.90000,1.05394,0.00174,0.99781,0.00028,0.00018
39.00000,1.05394,0.00201,0.99746,0.00033,0.00020
39.10000,1.05394,0.00264,0.99663,0.00050,0.00024
39.20000,1.05394,0.00340,0.99562,0.00066,0.00031
39.30000,1.05394,0.00264,0.99637,0.00071,0.00029
39.40000,1.05394,0.00282,0.99620,0.00072,0.00026
39.50000,1.05394,0.00377,0.99423,0.00159,0.00041
39.60000,1.05394,0.01580,0.97703,0.00571,0.00146
39.70000,1.05394,0.01466,0.97159,0.01170,0.00205
39.80000,1.05394,0.02698,0.95166,0.01813,0.00323
39.90000,1.05394,0.02098,0.94504,0.03093,0.00304
40.00000,1.05394,0.01644,0.95815,0.02245,0.00297
40.10000,1.05394,0.01484,0.95954,0.02296,0.00267
40.20000,1.05394,0.02322,0.95728,0.01680,0.00270
40.30000,1.05394,0.00957,0.97825,0.01082,0.00137
40.40000,1.05394,0.00769,0.98657,0.00474,0.00100
40.50000,1.05394,0.00274,0.99472,0.00218,0.00036
40.60000,1.05394,0.00185,0.99707,0.00083,0.00026
40.70000,1.05394,0.00117,0.99808,0.00058,0.00017
40.80000,1.05394,0.00067,0.99908,0.00017,0.00008
40.90000,1.05394,0.00043,0.99943,0.00008,0.00005
41.00000,1.05394,0.00038,0.99950,0.00007,0.00004
41.10000,1.05394,0.00049,0.99941,0.00006,0.00004
41.20000,1.05394,0.00044,0.99946,0.00006,0.00004
41.30000,1.05394,0.00091,0.99886,0.00014,0.00008
41.40000,1.05394,0.00093,0.99880,0.00017,0.00010
41.50000,1.05394,0.00111,0.99855,0.00024,0.00010
41.60000,1.05394,0.00110,0.99842,0.00032,0.00016
41.70000,1.05394,0.00191,0.99722,0.00063,0.00025
41.80000,1.05394,0.00269,0.99582,0.00105,0.00044
41.90000,1.05394,0.00292,0.99524,0.00138,0.00046
42.00000,1.05394,0.00395,0.99360,0.00179,0.00066
42.10000,1.05394,0.00856,0.98446,0.00540,0.00158
42.20000,1.05394,0.00527,0.99067,0.00310,0.00096
42.30000,1.05394,0.00604,0.98870,0.00414,0.00112
42.40000,1.05394,0.01087,0.98026,0.00724,0.00163
42.50000,1.05394,0.01183,0.97947,0.00729,0.00141
42.60000,1.05394,0.00804,0.98734,0.00341,0.00120
42.70000,1.05394,0.00640,0.99001,0.00277,0.00081
42.80000,1.05394,0.00655,0.98995,0.00264,0.00085
42.90000,1.05394,0.00806,0.98667,0.00434,0.00093
43.00000,1.05394,0.00526,0.99191,0.00229,0.00055
43.10000,1.05394,0.00285,0.99480,0.00196,0.00040
43.20000,1.05394,0.00311,0.99519,0.00141,0.00029
43.30000,1.05394,0.00226,0.99618,0.00130,0.00027
43.40000,1.05394,0.00190,0.99721,0.00070,0.00019
43.50000,1.05394,0.00148,0.99743,0.00089,0.00019
43.60000,1.05394,0.00165,0.99718,0.00098,0.00019
43.70000,1.05394,0.00129,0.99739,0.00113,0.00020
43.80000,1.05394,0.00147,0.99762,0.00074,0.00017
43.90000,1.05394,0.00106,0.99839,0.00044,0.00011
44.00000,1.05394,0.00121,0.99823,0.00040,0.00016
44.10000,1.05394,0.00137,0.99782,0.00060,0.00021
44.20000,1.05394,0.00108,0.99835,0.00038,0.00018
44.30000,1.05394,0.00072,0.99891,0.00025,0.00011
44.40000,1.05394,0.00090,0.99866,0.00027,0.00016
44.50000,1.05394,0.00075,0.99888,0.00024,0.00013
44.60000,1.05394,0.00125,0.99817,0.00037,0.00021
44.70000,1.05394,0.00127,0.99821,0.00036,0.00016
44.80000,1.05394,0.00110,0.99850,0.00027,0.00013
44.90000,1.05394,0.00093,0.99869,0.00028,0.00010
45.00000,1.05394,0.00102,0.99860,0.00026,0.00012
45.10000,1.05394,0.00068,0.99899,0.00024,0.00009
45.20000,1.05394,0.00107,0.99842,0.00034,0.00017
45.30000,1.05394,0.00104,0.99856,0.00028,0.00012
45.40000,1.05394,0.00089,0.99875,0.00026,0.00010
45.50000,1.05394,0.00074,0.99899,0.00019,0.00008
45.60000,1.05394,0.00068,0.99913,0.00012,0.00007
45.70000,1.05394,0.00090,0.99881,0.00019,0.00011
45.80000,1.05394,0.00084,0.99890,0.00017,0.00009
45.90000,1.05394,0.00080,0.99895,0.00015,0.00009
46.00000,1.05394,0.00102,0.99865,0.00019,0.00013
46.10000,1.05394,0.00085,0.99890,0.00015,0.00010
46.20000,1.05394,0.00126,0.99831,0.00024,0.00018
46.30000,1.05394,0.00085,0.99887,0.00016,0.00012
46.40000,1.05394,0.00089,0.99871,0.00021,0.00018
46.50000,1.05394,0.00089,0.99876,0.00019,0.00016
46.60000,1.05394,0.00103,0.99858,0.00021,0.00018
46.70000,1.05394,0.00095,0.99867,0.00020,0.00018
46.80000,1.05394,0.00076,0.99890,0.00018,0.00016
46.90000,1.05394,0.00106,0.99859,0.00017,0.00018
47.00000,1.05394,0.00080,0.99890,0.00015,0.00016
47.10000,1.05394,0.00062,0.99918,0.00010,0.00010
47.20000,1.05394,0.00081,0.99891,0.00014,0.00014
47.30000,1.05394,0.00077,0.99902,0.00010,0.00011
47.40000,1.05394,0.00064,0.99915,0.00010,0.00011
47.50000,1.05394,0.00065,0.99918,0.00008,0.00008
47.60000,1.05394,0.00059,0.99923,0.00010,0.00009
47.70000,1.05394,0.00055,0.99931,0.00007,0.00008
47.80000,1.05394,0.00072,0.99906,0.00010,0.00013
47.90000,1.05394,0.00057,0.99927,0.00008,0.00008
48.00000,1.05394,0.00074,0.99903,0.00011,0.00012
48.10000,1.05394,0.00045,0.99942,0.00007,0.00006
48.20000,1.05394,0.00041,0.99946,0.00007,0.00005
48.30000,1.05394,0.00036,0.99953,0.00006,0.00005
48.40000,1.05394,0.00054,0.99928,0.00010,0.00008
48.50000,1.05394,0.00071,0.99906,0.00013,0.00010
48.60000,1.05394,0.00063,0.99909,0.00019,0.00009
48.70000,1.05394,0.00050,0.99930,0.00013,0.00007
48.80000,1.05394,0.00044,0.99934,0.00015,0.00007
48.90000,1.05394,0.00057,0.99919,0.00015,0.00009
49.00000,1.05394,0.00075,0.99892,0.00023,0.00010
49.10000,1.05394,0.00097,0.99866,0.00025,0.00013
49.20000,1.05394,0.00107,0.99851,0.00028,0.00015
49.30000,1.05394,0.00148,0.99784,0.00047,0.00020
49.40000,1.05394,0.00212,0.99698,0.00066,0.00024
49.50000,1.05394,0.00141,0.99808,0.00034,0.00016
49.60000,1.05394,0.00196,0.99735,0.00048,0.00022
49.70000,1.05394,0.00223,0.99696,0.00057,0.00024
49.80000,1.05394,0.00251,0.99663,0.00064,0.00023
49.90000,1.05394,0.00295,0.99587,0.00086,0.00032
50.00000,1.05394,0.00275,0.99581,0.00107,0.00037
50.10000,1.05394,0.00312,0.99504,0.00137,0.00047
50.20000,1.05394,0.00130,0.99802,0.00052,0.00016
50.30000,1.05394,0.00109,0.99842,0.00034,0.00015
50.40000,1.05394,0.00162,0.99763,0.00053,0.00022
50.50000,1.05394,0.00109,0.99841,0.00034,0.00015
50.60000,1.05394,0.00091,0.99873,0.00024,0.00011
50.70000,1.05394,0.00048,0.99926,0.00019,0.00007
50.80000,1.05394,0.00046,0.99932,0.00015,0.00006
50.90000,1.05394,0.00046,0.99929,0.00018,0.00007
51.00000,1.05394,0.00050,0.99927,0.00017,0.00007
51.10000,1.05394,0.00099,0.99853,0.00034,0.00014
51.20000,1.05394,0.00131,0.99797,0.00054,0.00017
51.30000,1.05394,0.00136,0.99789,0.00058,0.00018
51.40000,1.05394,0.00125,0.99805,0.00053,0.00017
51.50000,1.05394,0.00239,0.99627,0.00105,0.00028
51.60000,1.05394,0.00492,0.99125,0.00322,0.00061
51.70000,1.05394,0.00468,0.99170,0.00305,0.00057
51.80000,1.05394,0.00567,0.98970,0.00397,0.00066
51.90000,1.05394,0.00625,0.98899,0.00412,0.00064
52.00000,1.05394,0.00444,0.99160,0.00341,0.00055
52.10000,1.05394,0.00505,0.99173,0.00277,0.00045
52.20000,1.05394,0.00545,0.99071,0.00318,0.00067
52.30000,1.05394,0.00485,0.99223,0.00244,0.00048
52.40000,1.05394,0.00580,0.99038,0.00320,0.00062
52.50000,1.05394,0.00206,0.99680,0.00093,0.00022
52.60000,1.05394,0.00240,0.99642,0.00096,0.00023
52.70000,1.05394,0.00217,0.99682,0.00077,0.00024
52.80000,1.05394,0.00172,0.99761,0.00051,0.00016
52.90000,1.05394,0.00093,0.99871,0.00025,0.00010
53.00000,1.05394,0.00073,0.99898,0.00020,0.00009
53.10000,1.05394,0.00065,0.99909,0.00019,0.00008
53.20000,1.05394,0.00087,0.99872,0.00032,0.00010
53.30000,1.05394,0.00062,0.99910,0.00021,0.00007
53.40000,1.05394,0.00066,0.99911,0.00015,0.00008
53.50000,1.05394,0.00056,0.99923,0.00014,0.00007
53.60000,1.05394,0.00068,0.99913,0.00012,0.00007
53.70000,1.05394,0.00058,0.99920,0.00014,0.00007
53.80000,1.05394,0.00145,0.99817,0.00024,0.00014
53.90000,1.05394,0.00165,0.99792,0.00026,0.00017
54.00000,1.05394,0.00144,0.99826,0.00019,0.00012
54.10000,1.05394,0.00093,0.99887,0.00012,0.00008
54.20000,1.05394,0.00095,0.99887,0.00009,0.00008
54.30000,1.05394,0.00105,0.99878,0.00009,0.00008
54.40000,1.05394,0.00132,0.99846,0.00012,0.00009
54.50000,1.05394,0.00120,0.99856,0.00014,0.00010
54.60000,1.05394,0.00166,0.99801,0.00020,0.00013
54.70000,1.05394,0.00129,0.99839,0.00018,0.00014
54.80000,1.05394,0.00119,0.99854,0.00016,0.00011
54.90000,1.05394,0.00128,0.99840,0.00018,0.00013
55.00000,1.05394,0.00132,0.99821,0.00031,0.00016
55.10000,1.05394,0.00138,0.99814,0.00031,0.00017
55.20000,1.05394,0.00132,0.99820,0.00033,0.00015
55.30000,1.05394,0.00097,0.99870,0.00021,0.00012
55.40000,1.05394,0.00092,0.99870,0.00027,0.00011
55.50000,1.05394,0.00062,0.99919,0.00013,0.00006
55.60000,1.05394,0.00095,0.99877,0.00020,0.00008
55.70000,1.05394,0.00061,0.99914,0.00019,0.00006
55.80000,1.05394,0.00104,0.99862,0.00025,0.00009
55.90000,1.05394,0.00065,0.99914,0.00015,0.00005
56.00000,1.05394,0.00085,0.99893,0.00015,0.00007
56.10000,1.05394,0.00066,0.99914,0.00014,0.00006
56.20000,1.05394,0.00052,0.99934,0.00009,0.00005
56.30000,1.05394,0.00034,0.99958,0.00005,0.00003
56.40000,1.05394,0.00043,0.99946,0.00007,0.00004
56.50000,1.05394,0.00030,0.99961,0.00006,0.00003
56.60000,1.05394,0.00027,0.99963,0.00006,0.00003
56.70000,1.05394,0.00020,0.99975,0.00003,0.00002
56.80000,1.05394,0.00026,0.99965,0.00006,0.00003
56.90000,1.05394,0.00021,0.99972,0.00005,0.00002
57.00000,1.05394,0.00021,0.99971,0.00005,0.00003
57.10000,1.05394,0.00024,0.99969,0.00005,0.00002
57.20000,1.05394,0.00029,0.99962,0.00006,0.00003
57.30000,1.05394,0.00028,0.99961,0.00008,0.00003
57.40000,1.05394,0.00029,0.99959,0.00008,0.00004
57.50000,1.05394,0.00037,0.99951,0.00009,0.00003
57.60000,1.05394,0.00039,0.99948,0.00009,0.00004
57.70000,1.05394,0.00035,0.99951,0.00010,0.00004
57.80000,1.05394,0.00034,0.99956,0.00007,0.00003
57.90000,1.05394,0.00023,0.99968,0.00006,0.00002
58.00000,1.05394,0.00020,0.99971,0.00007,0.00002
58.10000,1.05394,0.00023,0.99966,0.00009,0.00003
58.20000,1.05394,0.00019,0.99974,0.00005,0.00002
58.30000,1.05394,0.00017,0.99974,0.00007,0.00002
58.40000,1.05394,0.00018,0.99973,0.00007,0.00002
58.50000,1.05394,0.00020,0.99972,0.00006,0.00003
58.60000,1.05394,0.00014,0.99980,0.00004,0.00002
58.70000,1.05394,0.00019,0.99970,0.00008,0.00002
58.80000,1.05394,0.00020,0.99969,0.00008,0.00003
58.90000,1.05394,0.00029,0.99957,0.00010,0.00004
59.00000,1.05394,0.00023,0.99968,0.00007,0.00003
59.10000,1.05394,0.00034,0.99953,0.00009,0.00004
59.20000,1.05394,0.00038,0.99950,0.00008,0.00003
59.30000,1.05394,0.00030,0.99962,0.00005,0.00003
59.40000,1.05394,0.00027,0.99965,0.00005,0.00002
59.50000,1.05394,0.00048,0.99940,0.00009,0.00004
59.60000,1.05394,0.00075,0.99912,0.00009,0.00005
59.70000,1.05394,0.00060,0.99929,0.00008,0.00004
59.80000,1.05394,0.00084,0.99898,0.00012,0.00007
59.90000,1.05394,0.00093,0.99887,0.00013,0.00007
60.00000,1.05394,0.00073,0.99910,0.00011,0.00006
60.10000,1.05394,0.00101,0.99878,0.00013,0.00008
60.20000,1.05394,0.00080,0.99901,0.00013,0.00006
60.30000,1.05394,0.00131,0.99846,0.00014,0.00009
60.40000,1.05394,0.00073,0.99909,0.00011,0.00007
60.50000,1.05394,0.00086,0.99896,0.00010,0.00009
60.60000,1.05394,0.00055,0.99932,0.00007,0.00005
60.70000,1.05394,0.00076,0.99901,0.00011,0.00011
60.80000,1.05394,0.00049,0.99933,0.00010,0.00007
60.90000,1.05394,0.00048,0.99933,0.00010,0.00009
61.00000,1.05394,0.00055,0.99926,0.00011,0.00008
61.10000,1.05394,0.00051,0.99926,0.00011,0.00011
61.20000,1.05394,0.00054,0.99925,0.00012,0.00009
61.30000,1.05394,0.00032,0.99953,0.00008,0.00006
61.40000,1.05394,0.00038,0.99946,0.00009,0.00006
61.50000,1.05394,0.00047,0.99933,0.00011,0.00008
61.60000,1.05394,0.00063,0.99909,0.00019,0.00009
61.70000,1.05394,0.00052,0.99919,0.00020,0.00008
61.80000,1.05394,0.00068,0.99899,0.00023,0.00010
61.90000,1.05394,0.00093,0.99855,0.00036,0.00016
62.00000,1.05394,0.00077,0.99866,0.00041,0.00016
62.10000,1.05394,0.00059,0.99873,0.00053,0.00015
62.20000,1.05394,0.00052,0.99889,0.00045,0.00015
62.30000,1.05394,0.00053,0.99880,0.00052,0.00015
62.40000,1.05394,0.00047,0.99912,0.00031,0.00010
62.50000,1.05394,0.00016,0.99972,0.00009,0.00003
62.60000,1.05394,0.00018,0.99968,0.00010,0.00004
62.70000,1.05394,0.00009,0.99986,0.00004,0.00002
62.80000,1.05394,0.00008,0.99987,0.00003,0.00001
62.90000,1.05394,0.00004,0.99994,0.00001,0.00001
63.00000,1.05394,0.00003,0.99995,0.00001,0.00000
63.10000,1.05394,0.00003,0.99996,0.00001,0.00000
63.20000,1.05394,0.00003,0.99996,0.00001,0.00000
63.30000,1.05394,0.00002,0.99997,0.00001,0.00000
63.40000,1.05393,0.00003,0.99997,0.00001,0.00000
63.50000,1.05394,0.00004,0.99995,0.00001,0.00000
63.60000,1.05394,0.00003,0.99996,0.00001,0.00000
63.70000,1.05394,0.00004,0.99995,0.00001,0.00000
63.80000,1.05394,0.00005,0.99993,0.00001,0.00000
63.90000,1.05393,0.00007,0.99991,0.00001,0.00000
64.00000,1.05394,0.00004,0.99994,0.00001,0.00000
64.10000,1.05394,0.00006,0.99992,0.00002,0.00001
64.20000,1.05394,0.00006,0.99991,0.00002,0.00001
64.30000,1.05393,0.00005,0.99993,0.00002,0.00000
64.40000,1.05393,0.00007,0.99991,0.00002,0.00001
64.50000,1.05394,0.00006,0.99992,0.00002,0.00001
64.60000,1.05394,0.00006,0.99992,0.00002,0.00001
64.70000,1.05394,0.00006,0.99991,0.00002,0.00001
64.80000,1.05393,0.00008,0.99988,0.00002,0.00001
64.90000,1.05393,0.00012,0.99983,0.00004,0.00001
65.00000,1.05394,0.00028,0.99960,0.00010,0.00002
65.10000,1.05394,0.00105,0.99851,0.00038,0.00005
65.20000,1.05394,0.00078,0.99885,0.00033,0.00005
65.30000,1.05393,0.00119,0.99833,0.00040,0.00007
65.40000,1.05393,0.00169,0.99756,0.00063,0.00011
65.50000,1.05394,0.00298,0.99552,0.00132,0.00019
65.60000,1.05394,0.00240,0.99623,0.00119,0.00017
65.70000,1.05394,0.00410,0.99364,0.00196,0.00030
65.80000,1.05393,0.00239,0.99617,0.00116,0.00028
65.90000,1.05393,0.00152,0.99767,0.00061,0.00020
66.00000,1.05394,0.00078,0.99891,0.00020,0.00011
66.10000,1.05394,0.00101,0.99867,0.00020,0.00012
66.20000,1.05394,0.00083,0.99885,0.00021,0.00010
66.30000,1.05393,0.00044,0.99937,0.00011,0.00008
66.40000,1.05393,0.00040,0.99947,0.00008,0.00006
66.50000,1.05394,0.00057,0.99926,0.00009,0.00008
66.60000,1.05394,0.00052,0.99932,0.00009,0.00007
66.70000,1.05394,0.00060,0.99918,0.00011,0.00010
66.80000,1.05393,0.00049,0.99933,0.00010,0.00009
66.90000,1.05393,0.00051,0.99929,0.00010,0.00010
67.00000,1.05394,0.00053,0.99930,0.00009,0.00007
67.10000,1.05394,0.00042,0.99941,0.00008,0.00009
67.20000,1.05394,0.00038,0.99950,0.00007,0.00005
67.30000,1.05393,0.00044,0.99943,0.00007,0.00006
67.40000,1.05393,0.00030,0.99962,0.00005,0.00004
67.50000,1.05394,0.00018,0.99976,0.00004,0.00003
67.60000,1.05394,0.00020,0.99974,0.00003,0.00002
67.70000,1.05394,0.00018,0.99978,0.00002,0.00002
67.80000,1.05393,0.00023,0.99972,0.00003,0.00002
67.90000,1.05393,0.00019,0.99977,0.00002,0.00002
68.00000,1.05394,0.00038,0.99953,0.00006,0.00004
68.10000,1.05394,0.00050,0.99938,0.00007,0.00005
68.20000,1.05394,0.00049,0.99938,0.00008,0.00006
68.30000,1.05393,0.00040,0.99949,0.00006,0.00004
68.40000,1.05393,0.00067,0.99912,0.00011,0.00009
68.50000,1.05394,0.00063,0.99915,0.00011,0.00011
68.60000,1.05394,0.00078,0.99891,0.00016,0.00015
68.70000,1.05394,0.00058,0.99914,0.00015,0.00014
68.80000,1.05393,0.00076,0.99891,0.00018,0.00015
68.90000,1.05393,0.00036,0.99943,0.00011,0.00010
69.00000,1.05394,0.00056,0.99919,0.00013,0.00013
69.10000,1.05394,0.00047,0.99928,0.00014,0.00012
69.20000,1.05394,0.00077,0.99885,0.00020,0.00018
69.30000,1.05393,0.00080,0.99883,0.00020,0.00018
69.40000,1.05393,0.00113,0.99819,0.00043,0.00026
69.50000,1.05394,0.00087,0.99836,0.00054,0.00023
69.60000,1.05394,0.00083,0.99837,0.00054,0.00026
69.70000,1.05394,0.00086,0.99834,0.00061,0.00019
69.80000,1.05393,0.00072,0.99841,0.00067,0.00020
69.90000,1.05393,0.00077,0.99813,0.00088,0.00022
70.00000,1.05394,0.00106,0.99751,0.00108,0.00034
70.10000,1.05394,0.00085,0.99768,0.00119,0.00027
70.20000,1.05394,0.00098,0.99724,0.00145,0.00033
70.30000,1.05393,0.00047,0.99876,0.00064,0.00012
70.40000,1.05393,0.00116,0.99757,0.00104,0.00024
70.50000,1.05394,0.00154,0.99705,0.00120,0.00021
70.60000,1.05394,0.00302,0.99432,0.00229,0.00036
70.70000,1.05394,0.00385,0.99311,0.00267,0.00037
70.80000,1.05393,0.00349,0.99433,0.00182,0.00037
70.90000,1.05393,0.00267,0.99544,0.00168,0.00021
71.00000,1.05394,0.00236,0.99608,0.00136,0.00019
71.10000,1.05394,0.00247,0.99571,0.00162,0.00020
71.20000,1.05394,0.00251,0.99594,0.00130,0.00026
71.30000,1.05393,0.00197,0.99658,0.00128,0.00017
71.40000,1.05393,0.00273,0.99556,0.00145,0.00025
71.50000,1.05394,0.00125,0.99799,0.00062,0.00015
71.60000,1.05394,0.00159,0.99771,0.00053,0.00017
71.70000,1.05394,0.00187,0.99710,0.00077,0.00026
71.80000,1.05393,0.00364,0.99467,0.00129,0.00040
71.90000,1.05393,0.00538,0.99123,0.00263,0.00076
72.00000,1.05394,0.00753,0.98817,0.00353,0.00076
72.10000,1.05394,0.01396,0.98013,0.00464,0.00127
72.20000,1.05394,0.01468,0.97543,0.00853,0.00136
72.30000,1.05393,0.01840,0.96985,0.00946,0.00230
72.40000,1.05393,0.01730,0.96852,0.01235,0.00183
72.50000,1.05394,0.02443,0.95880,0.01433,0.00244
72.60000,1.05394,0.01424,0.97575,0.00839,0.00163
72.70000,1.05394,0.01334,0.97638,0.00874,0.00154
72.80000,1.05393,0.00578,0.99071,0.00283,0.00068
72.90000,1.05393,0.00931,0.98508,0.00456,0.00105
73.00000,1.05394,0.00558,0.99104,0.00261,0.00077
73.10000,1.05394,0.00304,0.99524,0.00123,0.00049
73.20000,1.05394,0.00338,0.99460,0.00154,0.00048
73.30000,1.05393,0.00341,0.99479,0.00129,0.00051
73.40000,1.05393,0.00304,0.99490,0.00151,0.00055
73.50000,1.05394,0.00382,0.99337,0.00208,0.00073
73.60000,1.05394,0.00451,0.99238,0.00235,0.00076
73.70000,1.05394,0.00366,0.99406,0.00163,0.00065
73.80000,1.05393,0.00393,0.99334,0.00211,0.00062
73.90000,1.05393,0.00291,0.99511,0.00144,0.00054
74.00000,1.05394,0.00362,0.99429,0.00162,0.00046
74.10000,1.05394,0.00324,0.99463,0.00154,0.00059
74.20000,1.05394,0.00263,0.99603,0.00097,0.00037
74.30000,1.05393,0.00234,0.99609,0.00115,0.00042
74.40000,1.05393,0.00226,0.99610,0.00118,0.00046
74.50000,1.05394,0.00249,0.99536,0.00151,0.00065
74.60000,1.05394,0.00234,0.99603,0.00110,0.00052
74.70000,1.05394,0.00181,0.99690,0.00086,0.00043
74.80000,1.05393,0.00153,0.99736,0.00073,0.00038
74.90000,1.05393,0.00239,0.99598,0.00115,0.00048
75.00000,1.05394,0.00150,0.99740,0.00074,0.00036
75.10000,1.05394,0.00201,0.99686,0.00077,0.00036
75.20000,1.05394,0.00097,0.99854,0.00033,0.00016
75.30000,1.05393,0.00108,0.99849,0.00030,0.00013
75.40000,1.05393,0.00077,0.99898,0.00017,0.00008
75.50000,1.05394,0.00082,0.99888,0.00022,0.00008
75.60000,1.05394,0.00070,0.99906,0.00017,0.00006
75.70000,1.05394,0.00072,0.99902,0.00019,0.00007
75.80000,1.05393,0.00089,0.99883,0.00020,0.00008
75.90000,1.05393,0.00066,0.99916,0.00013,0.00006
76.00000,1.05394,0.00075,0.99903,0.00016,0.00007
76.10000,1.05394,0.00081,0.99899,0.00013,0.00006
76.20000,1.05394,0.00079,0.99893,0.00020,0.00008
76.30000,1.05393,0.00119,0.99840,0.00030,0.00011
76.40000,1.05393,0.00250,0.99639,0.00084,0.00027
76.50000,1.05394,0.00448,0.99223,0.00295,0.00034
76.60000,1.05394,0.00518,0.99024,0.00407,0.00051
76.70000,1.05394,0.00917,0.97869,0.01140,0.00073
76.80000,1.05393,0.02512,0.93414,0.03850,0.00224
76.90000,1.05393,0.07426,0.77292,0.14701,0.00581
77.00000,1.05394,0.11513,0.49687,0.37747,0.01053
77.10000,1.05394,0.10596,0.30858,0.57170,0.01376
77.20000,1.05394,0.10765,0.18473,0.69156,0.01606
77.30000,1.05393,0.12826,0.14059,0.70891,0.02224
77.40000,1.05393,0.12445,0.37584,0.47139,0.02832
77.50000,1.05394,0.13785,0.39319,0.44061,0.02834
77.60000,1.05394,0.12525,0.54279,0.30483,0.02714
77.70000,1.05394,0.17648,0.48499,0.29844,0.04009
77.80000,1.05393,0.12726,0.53620,0.30792,0.02862
77.90000,1.05393,0.07636,0.79621,0.10821,0.01922
78.00000,1.05394,0.05641,0.85089,0.08061,0.01209
78.10000,1.05394,0.07788,0.79929,0.11165,0.01118
78.20000,1.05394,0.06830,0.84095,0.08144,0.00930
78.30000,1.05393,0.10278,0.75248,0.13242,0.01232
78.40000,1.05393,0.18093,0.53632,0.26741,0.01534
78.50000,1.05394,0.18528,0.40657,0.38943,0.01872
78.60000,1.05394,0.13093,0.41084,0.44241,0.01582
78.70000,1.05394,0.11498,0.50836,0.36461,0.01206
78.80000,1.05393,0.08105,0.43189,0.47736,0.00969
78.90000,1.05393,0.08138,0.46022,0.45038,0.00802
79.00000,1.05394,0.03774,0.63125,0.32494,0.00607
79.10000,1.05394,0.02225,0.82611,0.14867,0.00296
79.20000,1.05394,0.00894,0.93151,0.05751,0.00204
79.30000,1.05393,0.00780,0.94995,0.04111,0.00114
79.40000,1.05393,0.00471,0.97391,0.02057,0.00081
79.50000,1.05394,0.00242,0.99094,0.00620,0.00044
79.60000,1.05394,0.00101,0.99736,0.00134,0.00030
79.70000,1.05394,0.00097,0.99802,0.00079,0.00021
79.80000,1.05393,0.00066,0.99880,0.00037,0.00016
79.90000,1.05393,0.00102,0.99831,0.00047,0.00020
80.00000,1.05394,0.00105,0.99845,0.00030,0.00020
80.10000,1.05394,0.00177,0.99746,0.00050,0.00027
80.20000,1.05394,0.00200,0.99726,0.00045,0.00030
80.30000,1.05393,0.00297,0.99596,0.00056,0.00051
80.40000,1.05393,0.00285,0.99615,0.00059,0.00041
80.50000,1.05394,0.00217,0.99701,0.00046,0.00035
80.60000,1.05394,0.00205,0.99722,0.00044,0.00029
80.70000,1.05394,0.00139,0.99804,0.00034,0.00023
80.80000,1.05393,0.00260,0.99617,0.00087,0.00036
80.90000,1.05393,0.00208,0.99683,0.00077,0.00032
81.00000,1.05394,0.00147,0.99720,0.00106,0.00028
81.10000,1.05394,0.00204,0.99603,0.00140,0.00053
81.20000,1.05394,0.00175,0.99568,0.00200,0.00058
81.30000,1.05393,0.00234,0.99536,0.00172,0.00059
81.40000,1.05393,0.00504,0.98397,0.00960,0.00138
81.50000,1.05394,0.01078,0.95552,0.02976,0.00394
81.60000,1.05394,0.02328,0.88794,0.08081,0.00798
81.70000,1.05394,0.01800,0.93608,0.03927,0.00665
81.80000,1.05393,0.02224,0.92099,0.04848,0.00830
81.90000,1.05393,0.04465,0.83094,0.10708,0.01734
82.00000,1.05394,0.03570,0.90485,0.04684,0.01260
82.10000,1.05394,0.07284,0.76081,0.14960,0.01675
82.20000,1.05394,0.09584,0.68057,0.20628,0.01732
82.30000,1.05393,0.09274,0.63328,0.25670,0.01728
