Time (seconds), Duration (seconds),pred_(unlabeled),pred_brushing_teeth,pred_hair_drying,pred_showering
0.00000,1.02194,1.00000,0.00000,0.00000,0.00000
0.14000,1.02194,1.00000,0.00000,0.00000,0.00000
0.28000,1.02194,1.00000,0.00000,0.00000,0.00000
0.42000,1.02194,1.00000,0.00000,0.00000,0.00000
0.56000,1.02194,0.99998,0.00000,0.00000,0.00002
0.70000,1.02194,0.99998,0.00000,0.00000,0.00001
0.84000,1.02194,0.99998,0.00000,0.00001,0.00001
0.98000,1.02194,0.99997,0.00000,0.00002,0.00002
1.12000,1.02194,0.99941,0.00000,0.00009,0.00050
1.26000,1.02194,0.99345,0.00000,0.00034,0.00620
1.40000,1.02194,0.97125,0.00000,0.00028,0.02848
1.54000,1.02194,0.93185,0.00000,0.00030,0.06785
1.68000,1.02194,0.93057,0.00001,0.00055,0.06888
1.82000,1.02194,0.47509,0.00013,0.00124,0.52354
1.96000,1.02194,0.90202,0.00000,0.00058,0.09740
2.10000,1.02194,0.99538,0.00000,0.00007,0.00455
2.24000,1.02194,0.99922,0.00000,0.00002,0.00076
2.38000,1.02194,0.99985,0.00000,0.00001,0.00015
2.52000,1.02194,0.99993,0.00000,0.00000,0.00007
2.66000,1.02194,0.99986,0.00000,0.00001,0.00013
2.80000,1.02194,0.99990,0.00000,0.00002,0.00009
2.94000,1.02194,0.99999,0.00000,0.00000,0.00000
3.08000,1.02194,1.00000,0.00000,0.00000,0.00000
3.22000,1.02194,1.00000,0.00000,0.00000,0.00000
3.36000,1.02194,1.00000,0.00000,0.00000,0.00000
3.50000,1.02194,1.00000,0.00000,0.00000,0.00000
3.64000,1.02194,0.99999,0.00000,0.00000,0.00000
3.78000,1.02194,0.99976,0.00000,0.00001,0.00023
3.92000,1.02194,0.99896,0.00000,0.00004,0.00100
4.06000,1.02194,0.99948,0.00000,0.00002,0.00050
4.20000,1.02194,0.99976,0.00000,0.00002,0.00022
4.34000,1.02194,0.99982,0.00000,0.00001,0.00017
4.48000,1.02194,0.99995,0.00000,0.00000,0.00005
4.62000,1.02194,0.99998,0.00000,0.00000,0.00002
4.76000,1.02194,1.00000,0.00000,0.00000,0.00000
4.90000,1.02194,1.00000,0.00000,0.00000,0.00000
5.04000,1.02194,1.00000,0.00000,0.00000,0.00000
5.18000,1.02194,1.00000,0.00000,0.00000,0.00000
5.32000,1.02194,1.00000,0.00000,0.00000,0.00000
5.46000,1.02194,1.00000,0.00000,0.00000,0.00000
5.60000,1.02194,1.00000,0.00000,0.00000,0.00000
5.74000,1.02194,1.00000,0.00000,0.00000,0.00000
5.88000,1.02194,1.00000,0.00000,0.00000,0.00000
6.02000,1.02194,1.00000,0.00000,0.00000,0.00000
6.16000,1.02194,1.00000,0.00000,0.00000,0.00000
6.30000,1.02194,1.00000,0.00000,0.00000,0.00000
6.44000,1.02194,1.00000,0.00000,0.00000,0.00000
6.58000,1.02194,1.00000,0.00000,0.00000,0.00000
6.72000,1.02194,1.00000,0.00000,0.00000,0.00000
6.86000,1.02194,1.00000,0.00000,0.00000,0.00000
7.00000,1.02194,1.00000,0.00000,0.00000,0.00000
7.14000,1.02194,0.99995,0.00000,0.00001,0.00005
7.28000,1.02194,0.99945,0.00000,0.00003,0.00051
7.42000,1.02194,0.99849,0.00001,0.00012,0.00138
7.56000,1.02194,0.99925,0.00000,0.00012,0.00062
7.70000,1.02194,0.99979,0.00000,0.00008,0.00013
7.84000,1.02194,0.99992,0.00000,0.00006,0.00002
7.98000,1.02194,0.99999,0.00000,0.00001,0.00001
8.12000,1.02194,0.99996,0.00000,0.00001,0.00003
8.26000,1.02194,0.99993,0.00000,0.00001,0.00007
8.40000,1.02194,0.99977,0.00000,0.00001,0.00023
8.54000,1.02194,0.99773,0.00000,0.00002,0.00224
8.68000,1.02194,0.99785,0.00000,0.00002,0.00213
8.82000,1.02194,0.99485,0.00000,0.00004,0.00511
8.96000,1.02194,0.99779,0.00000,0.00002,0.00218
9.10000,1.02194,0.99875,0.00000,0.00002,0.00124
9.24000,1.02194,0.99968,0.00000,0.00001,0.00031
9.38000,1.02194,0.99981,0.00000,0.00001,0.00018
9.52000,1.02194,0.99988,0.00000,0.00000,0.00012
9.66000,1.02194,0.99977,0.00000,0.00001,0.00022
9.80000,1.02194,0.99994,0.00000,0.00000,0.00005
9.94000,1.02194,0.99997,0.00000,0.00000,0.00003
10.08000,1.02194,0.99994,0.00000,0.00000,0.00006
10.22000,1.02194,0.99887,0.00000,0.00002,0.00111
10.36000,1.02194,0.98799,0.00000,0.00009,0.01192
10.50000,1.02194,0.92173,0.00000,0.00028,0.07799
10.64000,1.02194,0.74424,0.00001,0.00045,0.25530
10.78000,1.02194,0.66125,0.00007,0.00111,0.33758
10.92000,1.02194,0.44724,0.00069,0.00163,0.55045
11.06000,1.02194,0.51513,0.00021,0.00130,0.48336
11.20000,1.02194,0.73911,0.00007,0.00122,0.25960
11.34000,1.02194,0.57445,0.00044,0.00187,0.42325
11.48000,1.02194,0.53613,0.00025,0.00164,0.46198
11.62000,1.02194,0.45103,0.00023,0.00135,0.54739
11.76000,1.02194,0.49820,0.00018,0.00128,0.50034
11.90000,1.02194,0.53877,0.00023,0.00119,0.45981
12.04000,1.02194,0.60273,0.00016,0.00122,0.39588
12.18000,1.02194,0.71997,0.00010,0.00100,0.27893
12.32000,1.02194,0.73376,0.00015,0.00120,0.26489
12.46000,1.02194,0.74474,0.00015,0.00131,0.25380
12.60000,1.02194,0.62521,0.00018,0.00183,0.37278
12.74000,1.02194,0.44890,0.00018,0.00172,0.54921
12.88000,1.02194,0.46156,0.00014,0.00101,0.53729
13.02000,1.02194,0.64057,0.00003,0.00053,0.35886
13.16000,1.02194,0.96635,0.00000,0.00017,0.03348
13.30000,1.02194,0.99761,0.00000,0.00002,0.00237
13.44000,1.02194,0.99982,0.00000,0.00001,0.00017
13.58000,1.02194,0.99996,0.00000,0.00000,0.00004
13.72000,1.02194,0.99998,0.00000,0.00000,0.00002
13.86000,1.02194,0.99995,0.00000,0.00000,0.00004
14.00000,1.02194,0.99992,0.00000,0.00000,0.00008
14.14000,1.02194,0.99990,0.00000,0.00000,0.00010
14.28000,1.02194,0.99987,0.00000,0.00000,0.00013
14.42000,1.02194,0.99990,0.00000,0.00000,0.00010
14.56000,1.02194,0.99996,0.00000,0.00000,0.00004
14.70000,1.02194,0.99998,0.00000,0.00000,0.00002
14.84000,1.02194,0.99997,0.00000,0.00000,0.00003
14.98000,1.02194,0.99998,0.00000,0.00000,0.00002
15.12000,1.02194,0.99996,0.00000,0.00000,0.00003
15.26000,1.02194,0.99995,0.00000,0.00000,0.00005
15.40000,1.02194,0.99991,0.00000,0.00000,0.00009
15.54000,1.02194,0.99980,0.00000,0.00000,0.00020
15.68000,1.02194,0.99975,0.00000,0.00000,0.00025
15.82000,1.02194,0.99974,0.00000,0.00001,0.00026
15.96000,1.02194,0.99868,0.00000,0.00002,0.00130
16.10000,1.02194,0.99460,0.00000,0.00007,0.00532
16.24000,1.02194,0.99664,0.00000,0.00003,0.00333
16.38000,1.02194,0.99948,0.00000,0.00001,0.00050
16.52000,1.02194,0.99984,0.00000,0.00001,0.00015
16.66000,1.02194,0.99994,0.00000,0.00000,0.00005
16.80000,1.02194,0.99999,0.00000,0.00000,0.00000
16.94000,1.02194,1.00000,0.00000,0.00000,0.00000
17.08000,1.02194,1.00000,0.00000,0.00000,0.00000
17.22000,1.02194,1.00000,0.00000,0.00000,0.00000
17.36000,1.02194,1.00000,0.00000,0.00000,0.00000
17.50000,1.02194,1.00000,0.00000,0.00000,0.00000
17.64000,1.02194,1.00000,0.00000,0.00000,0.00000
17.78000,1.02194,1.00000,0.00000,0.00000,0.00000
17.92000,1.02194,1.00000,0.00000,0.00000,0.00000
18.06000,1.02194,1.00000,0.00000,0.00000,0.00000
18.20000,1.02194,0.99999,0.00000,0.00000,0.00000
18.34000,1.02194,0.99999,0.00000,0.00000,0.00001
18.48000,1.02194,0.99997,0.00000,0.00000,0.00003
18.62000,1.02194,0.99995,0.00000,0.00000,0.00005
18.76000,1.02194,0.99993,0.00000,0.00000,0.00007
18.90000,1.02194,0.99984,0.00000,0.00000,0.00016
19.04000,1.02194,0.99943,0.00000,0.00001,0.00056
19.18000,1.02194,0.99895,0.00000,0.00001,0.00104
19.32000,1.02194,0.99919,0.00000,0.00001,0.00080
19.46000,1.02194,0.99900,0.00000,0.00001,0.00099
19.60000,1.02194,0.99713,0.00000,0.00002,0.00285
19.74000,1.02194,0.98003,0.00000,0.00016,0.01981
19.88000,1.02194,0.98571,0.00000,0.00009,0.01420
20.02000,1.02194,0.99617,0.00000,0.00004,0.00379
20.16000,1.02194,0.99936,0.00000,0.00002,0.00062
20.30000,1.02194,0.99995,0.00000,0.00000,0.00005
20.44000,1.02194,0.99999,0.00000,0.00000,0.00001
20.58000,1.02194,0.99999,0.00000,0.00000,0.00001
20.72000,1.02194,0.99999,0.00000,0.00000,0.00001
20.86000,1.02194,0.99998,0.00000,0.00000,0.00001
21.00000,1.02194,0.99999,0.00000,0.00000,0.00001
21.14000,1.02194,0.99999,0.00000,0.00000,0.00001
21.28000,1.02194,0.99999,0.00000,0.00000,0.00001
21.42000,1.02194,1.00000,0.00000,0.00000,0.00000
21.56000,1.02194,1.00000,0.00000,0.00000,0.00000
21.70000,1.02194,0.99998,0.00000,0.00000,0.00002
21.84000,1.02194,0.99991,0.00000,0.00000,0.00008
21.98000,1.02194,0.99976,0.00000,0.00001,0.00023
22.12000,1.02194,0.99951,0.00000,0.00001,0.00048
22.26000,1.02194,0.99961,0.00000,0.00001,0.00038
22.40000,1.02194,0.99982,0.00000,0.00001,0.00017
22.54000,1.02194,0.99990,0.00000,0.00001,0.00009
22.68000,1.02194,0.99987,0.00000,0.00001,0.00012
22.82000,1.02194,0.99968,0.00000,0.00001,0.00031
22.96000,1.02194,0.99813,0.00000,0.00004,0.00183
23.10000,1.02194,0.97589,0.00000,0.00017,0.02394
23.24000,1.02194,0.87025,0.00000,0.00064,0.12910
23.38000,1.02194,0.83342,0.00001,0.00054,0.16603
23.52000,1.02194,0.92067,0.00001,0.00037,0.07895
23.66000,1.02194,0.97849,0.00001,0.00021,0.02130
23.80000,1.02194,0.97943,0.00001,0.00019,0.02037
23.94000,1.02194,0.98910,0.00000,0.00021,0.01068
24.08000,1.02194,0.99740,0.00000,0.00008,0.00252
24.22000,1.02194,0.99418,0.00000,0.00012,0.00569
24.36000,1.02194,0.99581,0.00000,0.00008,0.00411
24.50000,1.02194,0.99921,0.00000,0.00001,0.00077
24.64000,1.02194,0.97861,0.00000,0.00013,0.02126
24.78000,1.02194,0.95448,0.00000,0.00026,0.04526
24.92000,1.02194,0.89939,0.00002,0.00068,0.09991
25.06000,1.02194,0.80108,0.00002,0.00115,0.19775
25.20000,1.02194,0.75793,0.00006,0.00126,0.24075
25.34000,1.02194,0.84599,0.00001,0.00090,0.15309
25.48000,1.02194,0.89674,0.00001,0.00040,0.10285
25.62000,1.02194,0.89858,0.00002,0.00052,0.10089
25.76000,1.02194,0.89172,0.00001,0.00040,0.10787
25.90000,1.02194,0.77323,0.00001,0.00064,0.22612
26.04000,1.02194,0.83900,0.00000,0.00048,0.16051
26.18000,1.02194,0.87872,0.00001,0.00042,0.12085
26.32000,1.02194,0.82685,0.00002,0.00084,0.17229
26.46000,1.02194,0.88403,0.00000,0.00050,0.11547
26.60000,1.02194,0.94490,0.00000,0.00022,0.05488
26.74000,1.02194,0.99096,0.00000,0.00011,0.00893
26.88000,1.02194,0.99448,0.00000,0.00009,0.00543
27.02000,1.02194,0.99497,0.00000,0.00010,0.00493
27.16000,1.02194,0.99807,0.00000,0.00005,0.00188
27.30000,1.02194,0.99810,0.00000,0.00006,0.00184
27.44000,1.02194,0.99912,0.00000,0.00003,0.00084
27.58000,1.02194,0.99933,0.00000,0.00002,0.00065
27.72000,1.02194,0.99986,0.00000,0.00001,0.00013
27.86000,1.02194,0.99994,0.00000,0.00000,0.00006
28.00000,1.02194,0.99996,0.00000,0.00000,0.00003
28.14000,1.02194,0.99998,0.00000,0.00000,0.00001
28.28000,1.02194,0.99999,0.00000,0.00000,0.00001
28.42000,1.02194,0.99999,0.00000,0.00000,0.00001
28.56000,1.02194,0.99999,0.00000,0.00000,0.00001
28.70000,1.02194,0.99998,0.00000,0.00000,0.00002
28.84000,1.02194,0.99992,0.00000,0.00000,0.00008
28.98000,1.02194,0.99780,0.00000,0.00006,0.00213
29.12000,1.02194,0.98546,0.00000,0.00020,0.01433
29.26000,1.02194,0.96092,0.00000,0.00039,0.03869
29.40000,1.02194,0.99115,0.00000,0.00038,0.00847
29.54000,1.02194,0.99708,0.00000,0.00014,0.00277
29.68000,1.02194,0.99952,0.00000,0.00002,0.00046
29.82000,1.02194,0.99978,0.00000,0.00001,0.00021
29.96000,1.02194,0.99980,0.00000,0.00001,0.00019
30.10000,1.02194,0.99990,0.00000,0.00000,0.00010
30.24000,1.02194,0.99991,0.00000,0.00000,0.00008
30.38000,1.02194,0.99982,0.00000,0.00001,0.00018
30.52000,1.02194,0.99989,0.00000,0.00000,0.00010
30.66000,1.02194,0.99995,0.00000,0.00000,0.00004
30.80000,1.02194,0.99998,0.00000,0.00000,0.00002
30.94000,1.02194,0.99995,0.00000,0.00000,0.00004
31.08000,1.02194,0.99996,0.00000,0.00001,0.00003
31.22000,1.02194,0.99989,0.00000,0.00001,0.00010
31.36000,1.02194,0.99971,0.00000,0.00002,0.00027
31.50000,1.02194,0.99963,0.00000,0.00001,0.00035
31.64000,1.02194,0.99987,0.00000,0.00001,0.00012
31.78000,1.02194,0.99990,0.00000,0.00000,0.00010
31.92000,1.02194,0.99992,0.00000,0.00000,0.00007
32.06000,1.02193,0.99995,0.00000,0.00000,0.00005
32.20000,1.02194,0.99997,0.00000,0.00000,0.00003
32.34000,1.02194,0.99998,0.00000,0.00000,0.00002
32.48000,1.02194,0.99998,0.00000,0.00000,0.00002
32.62000,1.02194,0.99996,0.00000,0.00000,0.00004
32.76000,1.02194,0.99994,0.00000,0.00000,0.00005
32.90000,1.02193,0.99985,0.00000,0.00001,0.00015
33.04000,1.02194,0.99990,0.00000,0.00001,0.00010
33.18000,1.02194,0.99994,0.00000,0.00000,0.00006
33.32000,1.02194,0.99989,0.00000,0.00001,0.00010
33.46000,1.02194,0.99989,0.00000,0.00001,0.00010
33.60000,1.02194,0.99989,0.00000,0.00001,0.00010
33.74000,1.02193,0.99973,0.00000,0.00001,0.00026
33.88000,1.02194,0.99984,0.00000,0.00001,0.00015
34.02000,1.02194,0.99997,0.00000,0.00000,0.00003
34.16000,1.02194,0.99990,0.00000,0.00001,0.00009
34.30000,1.02194,0.99994,0.00000,0.00001,0.00005
34.44000,1.02194,0.99986,0.00000,0.00001,0.00013
34.58000,1.02193,0.99972,0.00000,0.00002,0.00025
34.72000,1.02193,0.99936,0.00000,0.00004,0.00060
34.86000,1.02194,0.99960,0.00000,0.00002,0.00038
35.00000,1.02194,0.99993,0.00000,0.00001,0.00006
35.14000,1.02194,0.99999,0.00000,0.00000,0.00001
35.28000,1.02194,0.99997,0.00000,0.00000,0.00002
35.42000,1.02194,0.99999,0.00000,0.00000,0.00001
35.56000,1.02193,0.99998,0.00000,0.00000,0.00001
35.70000,1.02194,0.99999,0.00000,0.00000,0.00001
35.84000,1.02194,0.99992,0.00000,0.00000,0.00008
35.98000,1.02194,0.99792,0.00000,0.00006,0.00202
36.12000,1.02194,0.98545,0.00000,0.00012,0.01443
36.26000,1.02194,0.95355,0.00000,0.00020,0.04625
36.40000,1.02193,0.99232,0.00000,0.00015,0.00753
36.54000,1.02194,0.99871,0.00000,0.00002,0.00127
36.68000,1.02194,0.99957,0.00000,0.00001,0.00041
36.82000,1.02194,0.99990,0.00000,0.00001,0.00009
36.96000,1.02194,0.99997,0.00000,0.00000,0.00003
37.10000,1.02194,0.99998,0.00000,0.00000,0.00002
37.24000,1.02193,0.99993,0.00000,0.00000,0.00007
37.38000,1.02194,0.99957,0.00000,0.00002,0.00041
37.52000,1.02194,0.99664,0.00000,0.00005,0.00331
37.66000,1.02194,0.99689,0.00000,0.00003,0.00308
37.80000,1.02194,0.99851,0.00000,0.00003,0.00146
37.94000,1.02194,0.99983,0.00000,0.00001,0.00017
38.08000,1.02193,0.99996,0.00000,0.00000,0.00003
38.22000,1.02193,0.99999,0.00000,0.00000,0.00001
38.36000,1.02194,1.00000,0.00000,0.00000,0.00000
38.50000,1.02194,1.00000,0.00000,0.00000,0.00000
38.64000,1.02194,1.00000,0.00000,0.00000,0.00000
38.78000,1.02194,1.00000,0.00000,0.00000,0.00000
38.92000,1.02194,1.00000,0.00000,0.00000,0.00000
39.06000,1.02193,1.00000,0.00000,0.00000,0.00000
39.20000,1.02194,1.00000,0.00000,0.00000,0.00000
39.34000,1.02194,0.99997,0.00000,0.00000,0.00003
39.48000,1.02194,0.99995,0.00000,0.00001,0.00004
39.62000,1.02194,0.99996,0.00000,0.00001,0.00002
39.76000,1.02194,0.99999,0.00000,0.00000,0.00001
39.90000,1.02193,1.00000,0.00000,0.00000,0.00000
40.04000,1.02194,1.00000,0.00000,0.00000,0.00000
40.18000,1.02194,0.99997,0.00000,0.00000,0.00003
40.32000,1.02194,0.99989,0.00000,0.00001,0.00010
40.46000,1.02194,0.99971,0.00000,0.00001,0.00027
40.60000,1.02194,0.99960,0.00000,0.00001,0.00039
40.74000,1.02193,0.99594,0.00000,0.00008,0.00398
40.88000,1.02194,0.99248,0.00000,0.00017,0.00734
41.02000,1.02194,0.99887,0.00000,0.00006,0.00106
41.16000,1.02194,0.99986,0.00000,0.00002,0.00011
41.30000,1.02194,0.99999,0.00000,0.00000,0.00001
41.44000,1.02194,1.00000,0.00000,0.00000,0.00000
41.58000,1.02193,0.99999,0.00000,0.00000,0.00001
41.72000,1.02193,0.99999,0.00000,0.00000,0.00001
41.86000,1.02194,0.99999,0.00000,0.00000,0.00001
42.00000,1.02194,0.99999,0.00000,0.00000,0.00000
42.14000,1.02194,1.00000,0.00000,0.00000,0.00000
42.28000,1.02194,1.00000,0.00000,0.00000,0.00000
42.42000,1.02194,0.99999,0.00000,0.00000,0.00001
42.56000,1.02193,0.99987,0.00000,0.00001,0.00012
42.70000,1.02194,0.99777,0.00000,0.00006,0.00217
42.84000,1.02194,0.99240,0.00000,0.00019,0.00741
42.98000,1.02194,0.99736,0.00000,0.00010,0.00254
43.12000,1.02194,0.99965,0.00000,0.00002,0.00033
43.26000,1.02194,0.99992,0.00000,0.00001,0.00007
43.40000,1.02193,0.99998,0.00000,0.00000,0.00002
43.54000,1.02194,0.99999,0.00000,0.00000,0.00001
43.68000,1.02194,0.99999,0.00000,0.00000,0.00001
43.82000,1.02194,0.99996,0.00000,0.00000,0.00003
43.96000,1.02194,0.99991,0.00000,0.00000,0.00008
44.10000,1.02194,0.99985,0.00000,0.00001,0.00014
44.24000,1.02193,0.99955,0.00000,0.00001,0.00044
44.38000,1.02194,0.99983,0.00000,0.00001,0.00016
44.52000,1.02194,0.99980,0.00000,0.00001,0.00019
44.66000,1.02194,0.99994,0.00000,0.00000,0.00006
44.80000,1.02194,0.99995,0.00000,0.00000,0.00005
44.94000,1.02194,0.99991,0.00000,0.00000,0.00009
45.08000,1.02193,0.99978,0.00000,0.00000,0.00022
45.22000,1.02193,0.99970,0.00000,0.00000,0.00029
45.36000,1.02194,0.99962,0.00000,0.00001,0.00037
45.50000,1.02194,0.99963,0.00000,0.00001,0.00037
45.64000,1.02194,0.99968,0.00000,0.00001,0.00031
45.78000,1.02194,0.99989,0.00000,0.00000,0.00010
45.92000,1.02194,0.99997,0.00000,0.00000,0.00003
46.06000,1.02193,0.99998,0.00000,0.00000,0.00002
46.20000,1.02194,1.00000,0.00000,0.00000,0.00000
46.34000,1.02194,1.00000,0.00000,0.00000,0.00000
46.48000,1.02194,1.00000,0.00000,0.00000,0.00000
46.62000,1.02194,1.00000,0.00000,0.00000,0.00000
46.76000,1.02194,1.00000,0.00000,0.00000,0.00000
46.90000,1.02193,1.00000,0.00000,0.00000,0.00000
47.04000,1.02194,0.99998,0.00000,0.00000,0.00001
47.18000,1.02194,0.99980,0.00000,0.00001,0.00019
47.32000,1.02194,0.99864,0.00000,0.00003,0.00134
47.46000,1.02194,0.99698,0.00000,0.00003,0.00299
47.60000,1.02194,0.99724,0.00000,0.00004,0.00272
47.74000,1.02193,0.99549,0.00000,0.00005,0.00446
47.88000,1.02194,0.98798,0.00000,0.00009,0.01193
48.02000,1.02194,0.98816,0.00000,0.00016,0.01169
48.16000,1.02194,0.98989,0.00000,0.00020,0.00991
48.30000,1.02194,0.98376,0.00000,0.00023,0.01600
48.44000,1.02194,0.98814,0.00000,0.00012,0.01173
48.58000,1.02193,0.99946,0.00000,0.00002,0.00052
48.72000,1.02193,0.99955,0.00000,0.00001,0.00044
48.86000,1.02194,0.99938,0.00000,0.00001,0.00060
49.00000,1.02194,0.99249,0.00000,0.00010,0.00742
49.14000,1.02194,0.95438,0.00000,0.00057,0.04505
49.28000,1.02194,0.88195,0.00000,0.00021,0.11784
49.42000,1.02194,0.67827,0.00000,0.00023,0.32150
49.56000,1.02193,0.95308,0.00000,0.00023,0.04669
49.70000,1.02194,0.84136,0.00004,0.00020,0.15841
49.84000,1.02194,0.98704,0.00000,0.00012,0.01283
49.98000,1.02194,0.99770,0.00000,0.00007,0.00224
50.12000,1.02194,0.99979,0.00000,0.00001,0.00019
50.26000,1.02194,0.99997,0.00000,0.00000,0.00002
50.40000,1.02193,0.99998,0.00000,0.00000,0.00002
50.54000,1.02194,0.99998,0.00000,0.00000,0.00002
50.68000,1.02194,0.99997,0.00000,0.00000,0.00003
50.82000,1.02194,0.99995,0.00000,0.00000,0.00005
50.96000,1.02194,0.99995,0.00000,0.00000,0.00005
51.10000,1.02194,0.99995,0.00000,0.00000,0.00004
51.24000,1.02193,0.99996,0.00000,0.00000,0.00003
51.38000,1.02194,0.99997,0.00000,0.00000,0.00003
51.52000,1.02194,0.99998,0.00000,0.00000,0.00002
51.66000,1.02194,0.99995,0.00000,0.00000,0.00005
51.80000,1.02194,0.99994,0.00000,0.00001,0.00005
51.94000,1.02194,0.99985,0.00000,0.00001,0.00014
52.08000,1.02193,0.99995,0.00000,0.00000,0.00005
52.22000,1.02193,0.99997,0.00000,0.00000,0.00002
52.36000,1.02194,0.99999,0.00000,0.00000,0.00001
52.50000,1.02194,1.00000,0.00000,0.00000,0.00000
52.64000,1.02194,1.00000,0.00000,0.00000,0.00000
52.78000,1.02194,1.00000,0.00000,0.00000,0.00000
52.92000,1.02194,0.99999,0.00000,0.00000,0.00001
53.06000,1.02193,0.99998,0.00000,0.00000,0.00002
53.20000,1.02194,0.99984,0.00000,0.00001,0.00015
53.34000,1.02194,0.99981,0.00000,0.00001,0.00018
53.48000,1.02194,0.99979,0.00000,0.00001,0.00020
53.62000,1.02194,0.99967,0.00000,0.00002,0.00031
53.76000,1.02194,0.99991,0.00000,0.00000,0.00009
53.90000,1.02193,0.99995,0.00000,0.00000,0.00005
54.04000,1.02194,0.99977,0.00000,0.00000,0.00022
54.18000,1.02194,0.99965,0.00000,0.00001,0.00034
54.32000,1.02194,0.99855,0.00000,0.00002,0.00143
54.46000,1.02194,0.99524,0.00000,0.00004,0.00472
54.60000,1.02194,0.99670,0.00000,0.00002,0.00327
54.74000,1.02193,0.99821,0.00000,0.00002,0.00177
54.88000,1.02194,0.99960,0.00000,0.00001,0.00039
55.02000,1.02194,0.99977,0.00000,0.00001,0.00022
55.16000,1.02194,0.99993,0.00000,0.00000,0.00007
55.30000,1.02194,0.99989,0.00000,0.00000,0.00010
55.44000,1.02194,0.99989,0.00000,0.00001,0.00010
55.58000,1.02193,0.99959,0.00000,0.00001,0.00039
55.72000,1.02193,0.99161,0.00000,0.00018,0.00821
55.86000,1.02194,0.92408,0.00000,0.00069,0.07523
56.00000,1.02194,0.91014,0.00002,0.00046,0.08939
56.14000,1.02194,0.97218,0.00000,0.00023,0.02759
56.28000,1.02194,0.99404,0.00000,0.00006,0.00590
56.42000,1.02194,0.99616,0.00000,0.00003,0.00381
56.56000,1.02193,0.99910,0.00000,0.00001,0.00089
56.70000,1.02194,0.99985,0.00000,0.00000,0.00015
56.84000,1.02194,0.99989,0.00000,0.00000,0.00011
56.98000,1.02194,0.99988,0.00000,0.00000,0.00012
57.12000,1.02194,0.99985,0.00000,0.00000,0.00015
57.26000,1.02194,0.99947,0.00000,0.00001,0.00052
57.40000,1.02193,0.99650,0.00000,0.00004,0.00346
57.54000,1.02194,0.99257,0.00000,0.00005,0.00739
57.68000,1.02194,0.99557,0.00000,0.00003,0.00440
57.82000,1.02194,0.99872,0.00000,0.00001,0.00126
57.96000,1.02194,0.99945,0.00000,0.00001,0.00054
58.10000,1.02194,0.99955,0.00000,0.00001,0.00044
58.24000,1.02193,0.99980,0.00000,0.00000,0.00020
58.38000,1.02194,0.99992,0.00000,0.00000,0.00008
58.52000,1.02194,0.99989,0.00000,0.00001,0.00010
58.66000,1.02194,0.99967,0.00000,0.00001,0.00032
58.80000,1.02194,0.99886,0.00000,0.00002,0.00112
58.94000,1.02194,0.99814,0.00000,0.00002,0.00184
59.08000,1.02193,0.99931,0.00000,0.00001,0.00068
59.22000,1.02193,0.99984,0.00000,0.00000,0.00015
59.36000,1.02194,0.99991,0.00000,0.00000,0.00009
59.50000,1.02194,0.99998,0.00000,0.00000,0.00002
59.64000,1.02194,1.00000,0.00000,0.00000,0.00000
59.78000,1.02194,1.00000,0.00000,0.00000,0.00000
59.92000,1.02194,1.00000,0.00000,0.00000,0.00000
60.06000,1.02193,0.99999,0.00000,0.00000,0.00000
60.20000,1.02194,0.99999,0.00000,0.00000,0.00001
60.34000,1.02194,0.99999,0.00000,0.00000,0.00001
60.48000,1.02194,0.99998,0.00000,0.00000,0.00002
60.62000,1.02194,0.99996,0.00000,0.00000,0.00003
60.76000,1.02194,0.99997,0.00000,0.00000,0.00003
60.90000,1.02193,0.99998,0.00000,0.00000,0.00002
61.04000,1.02194,0.99999,0.00000,0.00000,0.00001
61.18000,1.02194,0.99999,0.00000,0.00000,0.00001
61.32000,1.02194,1.00000,0.00000,0.00000,0.00000
61.46000,1.02194,1.00000,0.00000,0.00000,0.00000
61.60000,1.02194,1.00000,0.00000,0.00000,0.00000
61.74000,1.02193,1.00000,0.00000,0.00000,0.00000
61.88000,1.02194,1.00000,0.00000,0.00000,0.00000
62.02000,1.02194,1.00000,0.00000,0.00000,0.00000
62.16000,1.02194,0.99999,0.00000,0.00000,0.00001
62.30000,1.02194,0.99998,0.00000,0.00000,0.00001
62.44000,1.02194,0.99998,0.00000,0.00000,0.00002
62.58000,1.02193,0.99994,0.00000,0.00000,0.00006
62.72000,1.02193,0.99971,0.00000,0.00001,0.00028
62.86000,1.02194,0.99911,0.00000,0.00002,0.00086
63.00000,1.02193,0.99904,0.00000,0.00004,0.00092
63.14000,1.02193,0.97605,0.00000,0.00060,0.02335
63.28000,1.02194,0.95188,0.00000,0.00057,0.04755
63.42000,1.02194,0.78052,0.00000,0.00342,0.21606
63.56000,1.02194,0.74477,0.00000,0.00675,0.24848
63.70000,1.02194,0.24670,0.00023,0.00261,0.75046
63.84000,1.02194,0.27380,0.00024,0.00852,0.71745
63.98000,1.02194,0.69618,0.00003,0.00075,0.30304
64.12000,1.02193,0.90153,0.00000,0.00025,0.09822
64.26000,1.02193,0.98884,0.00000,0.00005,0.01111
64.40000,1.02193,0.99842,0.00000,0.00003,0.00155
64.54000,1.02193,0.99980,0.00000,0.00001,0.00019
64.68000,1.02193,0.99988,0.00000,0.00001,0.00012
64.82000,1.02193,0.99965,0.00000,0.00001,0.00034
64.96000,1.02194,0.99948,0.00000,0.00002,0.00050
65.10000,1.02194,0.99990,0.00000,0.00000,0.00010
65.24000,1.02194,0.99984,0.00000,0.00001,0.00015
65.38000,1.02194,0.99974,0.00000,0.00001,0.00025
65.52000,1.02194,0.99982,0.00000,0.00001,0.00017
65.66000,1.02193,0.99992,0.00000,0.00000,0.00008
65.80000,1.02193,0.99997,0.00000,0.00000,0.00003
65.94000,1.02193,0.99998,0.00000,0.00000,0.00002
66.08000,1.02193,0.99998,0.00000,0.00000,0.00002
66.22000,1.02193,0.99998,0.00000,0.00000,0.00002
66.36000,1.02193,0.99999,0.00000,0.00000,0.00001
66.50000,1.02193,0.99999,0.00000,0.00000,0.00001
66.64000,1.02193,0.99999,0.00000,0.00000,0.00001
66.78000,1.02194,0.99999,0.00000,0.00000,0.00001
66.92000,1.02194,0.99999,0.00000,0.00000,0.00001
67.06000,1.02194,0.99999,0.00000,0.00000,0.00001
67.20000,1.02194,0.99999,0.00000,0.00000,0.00001
67.34000,1.02194,0.99999,0.00000,0.00000,0.00001
67.48000,1.02193,0.99995,0.00000,0.00000,0.00005
67.62000,1.02193,0.99994,0.00000,0.00000,0.00006
67.76000,1.02193,0.99994,0.00000,0.00000,0.00006
67.90000,1.02193,0.99990,0.00000,0.00001,0.00009
68.04000,1.02193,0.99991,0.00000,0.00001,0.00008
68.18000,1.02193,0.99999,0.00000,0.00000,0.00001
68.32000,1.02193,0.99997,0.00000,0.00000,0.00002
68.46000,1.02194,0.99999,0.00000,0.00000,0.00001
68.60000,1.02194,0.99999,0.00000,0.00000,0.00001
68.74000,1.02194,0.99999,0.00000,0.00000,0.00001
68.88000,1.02194,0.99999,0.00000,0.00000,0.00001
69.02000,1.02194,0.99999,0.00000,0.00000,0.00001
69.16000,1.02193,0.99999,0.00000,0.00000,0.00001
69.30000,1.02193,0.99999,0.00000,0.00000,0.00000
69.44000,1.02193,1.00000,0.00000,0.00000,0.00000
69.58000,1.02193,0.99999,0.00000,0.00000,0.00000
69.72000,1.02193,0.99999,0.00000,0.00000,0.00000
69.86000,1.02193,0.99999,0.00000,0.00000,0.00001
70.00000,1.02193,0.99995,0.00000,0.00000,0.00004
70.14000,1.02193,0.99985,0.00000,0.00001,0.00014
70.28000,1.02194,0.99955,0.00000,0.00001,0.00044
70.42000,1.02194,0.99631,0.00000,0.00006,0.00363
70.56000,1.02194,0.99249,0.00000,0.00008,0.00743
70.70000,1.02194,0.97467,0.00000,0.00017,0.02516
70.84000,1.02194,0.98914,0.00000,0.00006,0.01080
70.98000,1.02193,0.99747,0.00000,0.00003,0.00249
71.12000,1.02193,0.99808,0.00000,0.00002,0.00190
71.26000,1.02193,0.99212,0.00000,0.00011,0.00777
71.40000,1.02193,0.98826,0.00000,0.00013,0.01161
71.54000,1.02193,0.98042,0.00000,0.00008,0.01950
71.68000,1.02193,0.99852,0.00000,0.00003,0.00146
71.82000,1.02193,0.99974,0.00000,0.00001,0.00025
71.96000,1.02194,0.99927,0.00000,0.00002,0.00072
72.10000,1.02194,0.99993,0.00000,0.00000,0.00006
72.24000,1.02194,0.99995,0.00000,0.00000,0.00004
72.38000,1.02194,0.99990,0.00000,0.00000,0.00010
72.52000,1.02194,0.99965,0.00000,0.00001,0.00034
72.66000,1.02193,0.99895,0.00000,0.00002,0.00104
72.80000,1.02193,0.99716,0.00000,0.00003,0.00281
72.94000,1.02193,0.99342,0.00000,0.00007,0.00651
73.08000,1.02193,0.99533,0.00000,0.00005,0.00463
73.22000,1.02193,0.92931,0.00000,0.00037,0.07032
73.36000,1.02193,0.96619,0.00000,0.00018,0.03363
73.50000,1.02193,0.99401,0.00000,0.00003,0.00596
73.64000,1.02193,0.99746,0.00000,0.00003,0.00251
73.78000,1.02194,0.99902,0.00000,0.00001,0.00096
73.92000,1.02194,0.99887,0.00000,0.00001,0.00112
74.06000,1.02194,0.99970,0.00000,0.00001,0.00030
74.20000,1.02194,0.99561,0.00000,0.00006,0.00433
74.34000,1.02194,0.98389,0.00000,0.00016,0.01594
74.48000,1.02193,0.97802,0.00000,0.00009,0.02189
74.62000,1.02193,0.97598,0.00000,0.00011,0.02390
74.76000,1.02193,0.98543,0.00000,0.00013,0.01445
74.90000,1.02193,0.99345,0.00000,0.00006,0.00649
75.04000,1.02193,0.99706,0.00000,0.00004,0.00289
75.18000,1.02193,0.99569,0.00000,0.00005,0.00426
75.32000,1.02193,0.99659,0.00000,0.00004,0.00337
75.46000,1.02194,0.99955,0.00000,0.00001,0.00044
75.60000,1.02194,0.99972,0.00000,0.00001,0.00027
75.74000,1.02194,0.99976,0.00000,0.00001,0.00023
75.88000,1.02194,0.99992,0.00000,0.00000,0.00008
76.02000,1.02194,0.99996,0.00000,0.00000,0.00004
76.16000,1.02193,0.99997,0.00000,0.00000,0.00003
76.30000,1.02193,0.99993,0.00000,0.00000,0.00006
76.44000,1.02193,0.99981,0.00000,0.00001,0.00018
76.58000,1.02193,0.99969,0.00000,0.00002,0.00029
76.72000,1.02193,0.99977,0.00000,0.00002,0.00022
76.86000,1.02193,0.99989,0.00000,0.00001,0.00010
77.00000,1.02193,0.99997,0.00000,0.00000,0.00003
77.14000,1.02193,0.99999,0.00000,0.00000,0.00001
77.28000,1.02194,1.00000,0.00000,0.00000,0.00000
77.42000,1.02194,1.00000,0.00000,0.00000,0.00000
77.56000,1.02194,1.00000,0.00000,0.00000,0.00000
77.70000,1.02194,1.00000,0.00000,0.00000,0.00000
77.84000,1.02194,0.99999,0.00000,0.00000,0.00001
77.98000,1.02193,0.99995,0.00000,0.00000,0.00005
78.12000,1.02193,0.99916,0.00000,0.00002,0.00082
78.26000,1.02193,0.99430,0.00000,0.00006,0.00564
78.40000,1.02193,0.99837,0.00000,0.00003,0.00161
78.54000,1.02193,0.99981,0.00000,0.00001,0.00018
78.68000,1.02193,0.99992,0.00000,0.00001,0.00007
78.82000,1.02193,0.99996,0.00000,0.00001,0.00004
78.96000,1.02194,0.99981,0.00000,0.00002,0.00017
79.10000,1.02194,0.99972,0.00000,0.00001,0.00027
79.24000,1.02194,0.99917,0.00000,0.00003,0.00080
79.38000,1.02194,0.99682,0.00000,0.00009,0.00309
79.52000,1.02194,0.99770,0.00000,0.00009,0.00222
79.66000,1.02193,0.99965,0.00000,0.00003,0.00032
79.80000,1.02193,0.99993,0.00000,0.00001,0.00006
79.94000,1.02193,0.99999,0.00000,0.00000,0.00001
80.08000,1.02193,1.00000,0.00000,0.00000,0.00000
80.22000,1.02193,1.00000,0.00000,0.00000,0.00000
80.36000,1.02193,1.00000,0.00000,0.00000,0.00000
80.50000,1.02193,1.00000,0.00000,0.00000,0.00000
80.64000,1.02193,1.00000,0.00000,0.00000,0.00000
80.78000,1.02194,0.99999,0.00000,0.00000,0.00000
80.92000,1.02194,0.99999,0.00000,0.00000,0.00001
81.06000,1.02194,0.99999,0.00000,0.00000,0.00001
81.20000,1.02194,0.99999,0.00000,0.00000,0.00001
81.34000,1.02194,1.00000,0.00000,0.00000,0.00000
81.48000,1.02193,1.00000,0.00000,0.00000,0.00000
81.62000,1.02193,1.00000,0.00000,0.00000,0.00000
81.76000,1.02193,1.00000,0.00000,0.00000,0.00000
81.90000,1.02193,1.00000,0.00000,0.00000,0.00000
82.04000,1.02193,1.00000,0.00000,0.00000,0.00000
82.18000,1.02193,1.00000,0.00000,0.00000,0.00000
82.32000,1.02193,1.00000,0.00000,0.00000,0.00000
82.46000,1.02194,0.99999,0.00000,0.00000,0.00000
82.60000,1.02194,0.99999,0.00000,0.00000,0.00000
82.74000,1.02194,0.99999,0.00000,0.00000,0.00001
82.88000,1.02194,1.00000,0.00000,0.00000,0.00000
83.02000,1.02194,1.00000,0.00000,0.00000,0.00000
83.16000,1.02193,1.00000,0.00000,0.00000,0.00000
83.30000,1.02193,1.00000,0.00000,0.00000,0.00000
83.44000,1.02193,1.00000,0.00000,0.00000,0.00000
83.58000,1.02193,0.99999,0.00000,0.00000,0.00001
83.72000,1.02193,0.99998,0.00000,0.00000,0.00002
83.86000,1.02193,0.99991,0.00000,0.00001,0.00008
84.00000,1.02193,0.99939,0.00000,0.00002,0.00060
84.14000,1.02193,0.99281,0.00000,0.00007,0.00712
84.28000,1.02194,0.99078,0.00000,0.00006,0.00917
84.42000,1.02194,0.97822,0.00000,0.00009,0.02169
84.56000,1.02194,0.97816,0.00000,0.00009,0.02175
84.70000,1.02194,0.98608,0.00000,0.00004,0.01388
84.84000,1.02194,0.98791,0.00000,0.00005,0.01204
84.98000,1.02193,0.99325,0.00000,0.00004,0.00671
85.12000,1.02193,0.95079,0.00000,0.00012,0.04909
85.26000,1.02193,0.87596,0.00000,0.00027,0.12377
85.40000,1.02193,0.76655,0.00001,0.00043,0.23301
85.54000,1.02193,0.47326,0.00005,0.00086,0.52582
85.68000,1.02193,0.37989,0.00010,0.00094,0.61906
85.82000,1.02193,0.28309,0.00020,0.00085,0.71586
85.96000,1.02194,0.30097,0.00028,0.00094,0.69780
86.10000,1.02194,0.28635,0.00031,0.00110,0.71224
86.24000,1.02194,0.24977,0.00044,0.00098,0.74881
86.38000,1.02194,0.31074,0.00030,0.00099,0.68797
86.52000,1.02194,0.28854,0.00044,0.00112,0.70990
86.66000,1.02193,0.24128,0.00037,0.00097,0.75737
86.80000,1.02193,0.24682,0.00045,0.00086,0.75187
86.94000,1.02193,0.29983,0.00044,0.00106,0.69868
87.08000,1.02193,0.32916,0.00070,0.00139,0.66875
87.22000,1.02193,0.25343,0.00103,0.00139,0.74415
87.36000,1.02193,0.24790,0.00051,0.00100,0.75060
87.50000,1.02193,0.26369,0.00068,0.00107,0.73455
87.64000,1.02193,0.38509,0.00100,0.00187,0.61203
87.78000,1.02194,0.32871,0.00161,0.00161,0.66806
87.92000,1.02194,0.27612,0.00342,0.00209,0.71836
88.06000,1.02194,0.31727,0.00058,0.00116,0.68100
88.20000,1.02194,0.36543,0.00106,0.00160,0.63192
88.34000,1.02194,0.59429,0.00089,0.00226,0.40256
88.48000,1.02193,0.37967,0.00264,0.00262,0.61507
88.62000,1.02193,0.35406,0.00107,0.00226,0.64261
88.76000,1.02193,0.32802,0.00051,0.00130,0.67017
88.90000,1.02193,0.36209,0.00063,0.00132,0.63596
89.04000,1.02193,0.41344,0.00079,0.00163,0.58414
89.18000,1.02193,0.35512,0.00419,0.00242,0.63827
89.32000,1.02193,0.36881,0.00126,0.00173,0.62820
89.46000,1.02194,0.46510,0.00039,0.00146,0.53304
89.60000,1.02194,0.43495,0.00094,0.00208,0.56203
89.74000,1.02194,0.40037,0.00058,0.00176,0.59729
89.88000,1.02194,0.45209,0.00047,0.00148,0.54597
90.02000,1.02194,0.63536,0.00041,0.00153,0.36269
90.16000,1.02193,0.59525,0.00051,0.00212,0.40212
90.30000,1.02193,0.30938,0.00050,0.00217,0.68795
90.44000,1.02193,0.29016,0.00016,0.00076,0.70892
90.58000,1.02193,0.31979,0.00036,0.00097,0.67887
90.72000,1.02193,0.39057,0.00036,0.00143,0.60763
90.86000,1.02193,0.18377,0.00322,0.00188,0.81113
91.00000,1.02193,0.18611,0.00026,0.00160,0.81203
91.14000,1.02193,0.26800,0.00005,0.00105,0.73090
91.28000,1.02194,0.24055,0.00003,0.00036,0.75906
91.42000,1.02194,0.40574,0.00006,0.00048,0.59372
91.56000,1.02194,0.19156,0.00058,0.00153,0.80632
91.70000,1.02194,0.20869,0.00091,0.00158,0.78882
91.84000,1.02194,0.12573,0.00104,0.00146,0.87177
91.98000,1.02193,0.44990,0.03401,0.01253,0.50356
92.12000,1.02193,0.53793,0.20542,0.00286,0.25379
92.26000,1.02193,0.66042,0.19706,0.00332,0.13920
92.40000,1.02193,0.84288,0.02595,0.00166,0.12951
92.54000,1.02193,0.75437,0.16984,0.00271,0.07308
92.68000,1.02193,0.73315,0.22606,0.00202,0.03877
92.82000,1.02193,0.41243,0.52732,0.00415,0.05610
92.96000,1.02194,0.88079,0.00906,0.00358,0.10658
93.10000,1.02194,0.83184,0.00290,0.00352,0.16174
93.24000,1.02194,0.84065,0.00199,0.00270,0.15466
93.38000,1.02194,0.86327,0.00259,0.00224,0.13191
93.52000,1.02194,0.90353,0.00313,0.00108,0.09227
93.66000,1.02193,0.80469,0.00297,0.00273,0.18961
93.80000,1.02193,0.80572,0.00188,0.00337,0.18903
93.94000,1.02193,0.81967,0.00209,0.00296,0.17528
94.08000,1.02193,0.80616,0.00248,0.00368,0.18767
94.22000,1.02193,0.75628,0.00241,0.00373,0.23758
94.36000,1.02193,0.66788,0.00254,0.00325,0.32632
94.50000,1.02193,0.79476,0.00070,0.00258,0.20196
94.64000,1.02193,0.81034,0.00106,0.00232,0.18628
94.78000,1.02194,0.81355,0.00153,0.00259,0.18233
94.92000,1.02194,0.87641,0.00156,0.00193,0.12010
95.06000,1.02194,0.88494,0.00356,0.00226,0.10924
95.20000,1.02194,0.88580,0.00346,0.00253,0.10821
95.34000,1.02194,0.88648,0.00485,0.00268,0.10599
95.48000,1.02193,0.88416,0.00467,0.00304,0.10813
95.62000,1.02193,0.87313,0.00432,0.00347,0.11908
95.76000,1.02193,0.88855,0.00440,0.00287,0.10417
95.90000,1.02193,0.88348,0.00362,0.00253,0.11036
96.04000,1.02193,0.90851,0.00638,0.00149,0.08362
96.18000,1.02193,0.73435,0.00420,0.00459,0.25686
96.32000,1.02193,0.64967,0.00241,0.00348,0.34444
96.46000,1.02194,0.72362,0.00131,0.00214,0.27293
96.60000,1.02194,0.84023,0.00314,0.00268,0.15395
96.74000,1.02194,0.84143,0.00916,0.00211,0.14729
96.88000,1.02194,0.83604,0.04155,0.00156,0.12086
97.02000,1.02194,0.91525,0.03074,0.00073,0.05329
97.16000,1.02193,0.92479,0.01914,0.00102,0.05506
97.30000,1.02193,0.93770,0.02113,0.00082,0.04035
97.44000,1.02193,0.94612,0.02116,0.00088,0.03184
97.58000,1.02193,0.93804,0.02565,0.00122,0.03509
97.72000,1.02193,0.87493,0.05458,0.00256,0.06794
97.86000,1.02193,0.62704,0.28496,0.00400,0.08400
98.00000,1.02193,0.88135,0.00916,0.00322,0.10627
98.14000,1.02193,0.91075,0.00447,0.00266,0.08212
98.28000,1.02194,0.90823,0.00510,0.00289,0.08379
98.42000,1.02194,0.88611,0.00631,0.00369,0.10390
98.56000,1.02194,0.85775,0.00255,0.00295,0.13675
98.70000,1.02194,0.86019,0.00220,0.00265,0.13496
98.84000,1.02194,0.92855,0.00413,0.00120,0.06612
98.98000,1.02193,0.89710,0.01183,0.00166,0.08942
99.12000,1.02193,0.89969,0.00394,0.00158,0.09478
99.26000,1.02193,0.91046,0.00744,0.00179,0.08031
99.40000,1.02193,0.92218,0.00782,0.00243,0.06756
99.54000,1.02193,0.89851,0.02782,0.00301,0.07066
99.68000,1.02193,0.52874,0.41295,0.00329,0.05502
99.82000,1.02193,0.91621,0.02207,0.00158,0.06013
99.96000,1.02194,0.90620,0.01159,0.00170,0.08051
100.10000,1.02194,0.92157,0.01156,0.00206,0.06482
100.24000,1.02194,0.92630,0.00467,0.00213,0.06689
100.38000,1.02194,0.93435,0.00861,0.00242,0.05461
100.52000,1.02194,0.93182,0.01842,0.00208,0.04768
100.66000,1.02193,0.92044,0.00716,0.00204,0.07036
100.80000,1.02193,0.89946,0.00408,0.00235,0.09412
100.94000,1.02193,0.91155,0.00627,0.00234,0.07984
101.08000,1.02193,0.92924,0.00517,0.00194,0.06365
101.22000,1.02193,0.92221,0.00534,0.00197,0.07048
101.36000,1.02193,0.91633,0.00481,0.00212,0.07674
101.50000,1.02193,0.91518,0.00597,0.00230,0.07656
101.64000,1.02193,0.94445,0.00576,0.00145,0.04835
101.78000,1.02194,0.95087,0.01103,0.00113,0.03697
101.92000,1.02194,0.92743,0.01209,0.00168,0.05880
102.06000,1.02194,0.92135,0.00867,0.00183,0.06815
102.20000,1.02194,0.94579,0.00952,0.00124,0.04345
102.34000,1.02194,0.94594,0.01002,0.00157,0.04247
102.48000,1.02193,0.94790,0.02421,0.00093,0.02696
102.62000,1.02193,0.90710,0.01796,0.00177,0.07317
102.76000,1.02193,0.94247,0.01122,0.00128,0.04503
102.90000,1.02193,0.93990,0.01152,0.00154,0.04704
103.04000,1.02193,0.92913,0.02061,0.00196,0.04831
103.18000,1.02193,0.93858,0.01035,0.00188,0.04919
103.32000,1.02193,0.81773,0.11533,0.00380,0.06314
103.46000,1.02194,0.90170,0.00498,0.00268,0.09064
103.60000,1.02194,0.90847,0.00625,0.00260,0.08267
103.74000,1.02194,0.89824,0.00593,0.00330,0.09253
103.88000,1.02194,0.91562,0.00563,0.00331,0.07544
104.02000,1.02194,0.82447,0.00577,0.00468,0.16509
104.16000,1.02193,0.83906,0.00225,0.00291,0.15578
104.30000,1.02193,0.88027,0.00438,0.00263,0.11272
104.44000,1.02193,0.88590,0.01008,0.00247,0.10156
104.58000,1.02193,0.87448,0.00555,0.00229,0.11768
104.72000,1.02193,0.88139,0.00755,0.00258,0.10849
104.86000,1.02193,0.91640,0.00365,0.00253,0.07742
105.00000,1.02193,0.91965,0.00857,0.00291,0.06887
105.14000,1.02193,0.88575,0.00482,0.00364,0.10579
105.28000,1.02194,0.89905,0.00387,0.00288,0.09420
105.42000,1.02194,0.88511,0.00254,0.00285,0.10951
105.56000,1.02194,0.88450,0.00319,0.00318,0.10913
105.70000,1.02194,0.83968,0.00214,0.00391,0.15427
105.84000,1.02194,0.81288,0.00320,0.00473,0.17920
105.98000,1.02193,0.84077,0.00145,0.00348,0.15431
106.12000,1.02193,0.78663,0.00327,0.00427,0.20583
106.26000,1.02193,0.80112,0.00082,0.00297,0.19509
106.40000,1.02193,0.84845,0.00241,0.00205,0.14709
106.54000,1.02193,0.83407,0.00315,0.00222,0.16056
106.68000,1.02193,0.64641,0.00281,0.00493,0.34586
106.82000,1.02193,0.71519,0.00073,0.00217,0.28192
106.96000,1.02194,0.80766,0.00101,0.00200,0.18933
107.10000,1.02194,0.81080,0.00164,0.00349,0.18407
107.24000,1.02194,0.71926,0.01739,0.00499,0.25837
107.38000,1.02194,0.62095,0.01860,0.00645,0.35400
107.52000,1.02194,0.67610,0.00077,0.00334,0.31979
107.66000,1.02193,0.68374,0.00126,0.00272,0.31228
107.80000,1.02193,0.46674,0.00121,0.00358,0.52847
107.94000,1.02193,0.55323,0.00045,0.00212,0.44420
108.08000,1.02193,0.43359,0.00148,0.00222,0.56271
108.22000,1.02193,0.53956,0.00101,0.00257,0.45685
108.36000,1.02193,0.71173,0.00073,0.00160,0.28594
108.50000,1.02193,0.78058,0.00421,0.00182,0.21339
108.64000,1.02193,0.89470,0.01143,0.00084,0.09303
108.78000,1.02194,0.86631,0.00794,0.00114,0.12461
108.92000,1.02194,0.93710,0.01272,0.00088,0.04930
109.06000,1.02194,0.94744,0.01531,0.00088,0.03636
109.20000,1.02194,0.94264,0.02772,0.00130,0.02834
109.34000,1.02194,0.91438,0.01271,0.00253,0.07038
109.48000,1.02193,0.84649,0.01276,0.00370,0.13706
109.62000,1.02193,0.66803,0.00286,0.00326,0.32585
109.76000,1.02193,0.71393,0.00182,0.00270,0.28155
109.90000,1.02193,0.73346,0.00134,0.00200,0.26320
110.04000,1.02193,0.77779,0.00204,0.00223,0.21794
110.18000,1.02193,0.80210,0.00506,0.00199,0.19085
110.32000,1.02193,0.64500,0.00307,0.00572,0.34621
110.46000,1.02194,0.64712,0.00121,0.00587,0.34579
110.60000,1.02194,0.88166,0.00004,0.00106,0.11724
110.74000,1.02194,0.99415,0.00000,0.00013,0.00572
110.88000,1.02194,0.99984,0.00000,0.00001,0.00015
111.02000,1.02194,0.99997,0.00000,0.00000,0.00003
111.16000,1.02193,0.99999,0.00000,0.00000,0.00001
111.30000,1.02193,1.00000,0.00000,0.00000,0.00000
111.44000,1.02193,0.99998,0.00000,0.00000,0.00002
111.58000,1.02193,0.99985,0.00000,0.00001,0.00014
111.72000,1.02193,0.99868,0.00000,0.00005,0.00126
111.86000,1.02193,0.99380,0.00000,0.00019,0.00601
112.00000,1.02193,0.99436,0.00000,0.00015,0.00549
112.14000,1.02193,0.99550,0.00000,0.00010,0.00440
112.28000,1.02194,0.99928,0.00000,0.00005,0.00067
112.42000,1.02194,0.99899,0.00000,0.00005,0.00095
112.56000,1.02194,0.99875,0.00000,0.00006,0.00119
112.70000,1.02194,0.99900,0.00000,0.00005,0.00095
112.84000,1.02194,0.99827,0.00000,0.00007,0.00166
112.98000,1.02193,0.97874,0.00000,0.00027,0.02099
113.12000,1.02193,0.94061,0.00000,0.00027,0.05912
113.26000,1.02193,0.94127,0.00000,0.00047,0.05826
113.40000,1.02193,0.83946,0.00001,0.00080,0.15974
113.54000,1.02193,0.51240,0.00004,0.00083,0.48672
113.68000,1.02193,0.57744,0.00001,0.00046,0.42209
113.82000,1.02193,0.84794,0.00000,0.00036,0.15170
113.96000,1.02194,0.93545,0.00000,0.00025,0.06430
114.10000,1.02194,0.98150,0.00000,0.00008,0.01842
114.24000,1.02194,0.99801,0.00000,0.00003,0.00196
114.38000,1.02194,0.99951,0.00000,0.00002,0.00047
114.52000,1.02194,0.99933,0.00000,0.00002,0.00065
114.66000,1.02193,0.99660,0.00000,0.00004,0.00336
114.80000,1.02193,0.98842,0.00000,0.00008,0.01150
114.94000,1.02193,0.98785,0.00000,0.00006,0.01209
115.08000,1.02193,0.99470,0.00000,0.00005,0.00526
115.22000,1.02193,0.99794,0.00000,0.00002,0.00204
115.36000,1.02193,0.99920,0.00000,0.00002,0.00078
115.50000,1.02193,0.99955,0.00000,0.00002,0.00044
115.64000,1.02193,0.99983,0.00000,0.00001,0.00016
115.78000,1.02194,0.99937,0.00000,0.00002,0.00061
115.92000,1.02194,0.99650,0.00000,0.00008,0.00342
116.06000,1.02194,0.99614,0.00000,0.00007,0.00379
116.20000,1.02194,0.98799,0.00000,0.00013,0.01188
116.34000,1.02194,0.99188,0.00000,0.00017,0.00796
116.48000,1.02193,0.99667,0.00000,0.00005,0.00327
116.62000,1.02193,0.99945,0.00000,0.00002,0.00053
116.76000,1.02193,0.99989,0.00000,0.00001,0.00011
116.90000,1.02193,0.99995,0.00000,0.00000,0.00004
117.04000,1.02193,0.99998,0.00000,0.00000,0.00002
117.18000,1.02193,0.99998,0.00000,0.00000,0.00001
117.32000,1.02193,0.99999,0.00000,0.00000,0.00001
117.46000,1.02194,0.99998,0.00000,0.00000,0.00002
117.60000,1.02194,0.99988,0.00000,0.00001,0.00011
117.74000,1.02194,0.99656,0.00000,0.00005,0.00339
117.88000,1.02194,0.95864,0.00000,0.00025,0.04110
118.02000,1.02194,0.76974,0.00005,0.00122,0.22899
118.16000,1.02193,0.53578,0.00031,0.00193,0.46199
118.30000,1.02193,0.55525,0.00036,0.00160,0.44279
118.44000,1.02193,0.64061,0.00060,0.00200,0.35679
118.58000,1.02193,0.76340,0.00123,0.00219,0.23318
118.72000,1.02193,0.75378,0.00917,0.00281,0.23424
118.86000,1.02193,0.66755,0.00393,0.00476,0.32376
119.00000,1.02193,0.78893,0.00082,0.00276,0.20749
119.14000,1.02193,0.73421,0.00181,0.00259,0.26139
119.28000,1.02194,0.76699,0.00331,0.00438,0.22533
119.42000,1.02194,0.70953,0.00786,0.00494,0.27767
119.56000,1.02194,0.51721,0.02416,0.00677,0.45186
119.70000,1.02194,0.64988,0.00083,0.00291,0.34638
119.84000,1.02194,0.65288,0.00091,0.00223,0.34397
119.98000,1.02193,0.72463,0.00052,0.00210,0.27275
120.12000,1.02193,0.76671,0.00068,0.00197,0.23065
120.26000,1.02193,0.80388,0.00126,0.00223,0.19263
120.40000,1.02193,0.76944,0.00128,0.00226,0.22701
120.54000,1.02193,0.50313,0.00070,0.00438,0.49179
120.68000,1.02193,0.48768,0.00051,0.00238,0.50943
120.82000,1.02193,0.68295,0.00028,0.00154,0.31523
120.96000,1.02194,0.81441,0.00120,0.00264,0.18175
121.10000,1.02194,0.75757,0.00591,0.00269,0.23383
121.24000,1.02194,0.57750,0.08679,0.00578,0.32992
121.38000,1.02194,0.77566,0.01637,0.00674,0.20123
121.52000,1.02194,0.82419,0.00232,0.00458,0.16891
121.66000,1.02193,0.88932,0.00463,0.00362,0.10243
121.80000,1.02193,0.85284,0.00336,0.00333,0.14047
121.94000,1.02193,0.86612,0.00252,0.00340,0.12796
122.08000,1.02193,0.78084,0.00847,0.00466,0.20603
122.22000,1.02193,0.79782,0.00311,0.00484,0.19422
122.36000,1.02193,0.79986,0.00268,0.00450,0.19295
122.50000,1.02193,0.85727,0.00351,0.00408,0.13514
122.64000,1.02193,0.89367,0.00231,0.00258,0.10144
122.78000,1.02194,0.83526,0.01050,0.00464,0.14960
122.92000,1.02194,0.87216,0.00269,0.00320,0.12195
123.06000,1.02194,0.91641,0.00350,0.00240,0.07769
123.20000,1.02194,0.92715,0.00372,0.00215,0.06699
123.34000,1.02194,0.91893,0.00202,0.00241,0.07664
123.48000,1.02193,0.87675,0.00245,0.00307,0.11773
123.62000,1.02193,0.89970,0.00236,0.00261,0.09533
123.76000,1.02193,0.88248,0.00291,0.00338,0.11123
123.90000,1.02193,0.87201,0.00335,0.00398,0.12066
124.04000,1.02193,0.82950,0.00138,0.00296,0.16616
124.18000,1.02193,0.87461,0.00202,0.00263,0.12073
124.32000,1.02193,0.80240,0.00291,0.00412,0.19057
124.46000,1.02194,0.75165,0.00631,0.00559,0.23645
124.60000,1.02194,0.74147,0.00301,0.00459,0.25093
124.74000,1.02194,0.76277,0.00339,0.00558,0.22826
124.88000,1.02194,0.81563,0.00157,0.00309,0.17971
125.02000,1.02194,0.64470,0.00189,0.00444,0.34897
125.16000,1.02193,0.54858,0.00032,0.00774,0.44337
125.30000,1.02193,0.42326,0.00037,0.00556,0.57081
125.44000,1.02193,0.53235,0.00003,0.00143,0.46619
125.58000,1.02193,0.73452,0.00002,0.00118,0.26428
125.72000,1.02193,0.90138,0.00001,0.00083,0.09779
125.86000,1.02193,0.93061,0.00000,0.00045,0.06893
126.00000,1.02193,0.98504,0.00000,0.00031,0.01465
126.14000,1.02193,0.99508,0.00000,0.00010,0.00481
126.28000,1.02194,0.99664,0.00000,0.00008,0.00328
126.42000,1.02194,0.99820,0.00000,0.00006,0.00174
126.56000,1.02194,0.99789,0.00000,0.00006,0.00206
126.70000,1.02194,0.99594,0.00000,0.00009,0.00396
126.84000,1.02194,0.98924,0.00000,0.00019,0.01056
126.98000,1.02193,0.95779,0.00002,0.00059,0.04160
127.12000,1.02193,0.94077,0.00008,0.00111,0.05804
127.26000,1.02193,0.89590,0.00042,0.00218,0.10150
127.40000,1.02193,0.90572,0.00171,0.00178,0.09080
127.54000,1.02193,0.87083,0.00596,0.00257,0.12063
127.68000,1.02193,0.85759,0.00751,0.00373,0.13117
127.82000,1.02193,0.87075,0.00397,0.00388,0.12140
127.96000,1.02193,0.88160,0.00772,0.00469,0.10598
128.10001,1.02193,0.88164,0.00494,0.00452,0.10891
128.24001,1.02193,0.84596,0.01635,0.00700,0.13070
128.38000,1.02193,0.78859,0.00429,0.00667,0.20045
128.52000,1.02193,0.82151,0.00442,0.00493,0.16915
128.66000,1.02193,0.86064,0.00311,0.00328,0.13297
128.80000,1.02193,0.84826,0.00602,0.00433,0.14139
128.94000,1.02194,0.73201,0.00573,0.00511,0.25715
129.08000,1.02194,0.82932,0.00246,0.00291,0.16531
129.22000,1.02194,0.86957,0.00215,0.00236,0.12592
129.36000,1.02194,0.87127,0.00697,0.00274,0.11903
129.50000,1.02194,0.85559,0.00819,0.00255,0.13366
129.64000,1.02194,0.86974,0.00622,0.00324,0.12080
129.78000,1.02194,0.93518,0.00803,0.00171,0.05509
129.92000,1.02194,0.93287,0.03688,0.00075,0.02951
130.06000,1.02194,0.88128,0.06070,0.00132,0.05670
130.20000,1.02194,0.87448,0.02547,0.00161,0.09844
130.34000,1.02194,0.94066,0.01223,0.00085,0.04626
130.48000,1.02194,0.93727,0.00588,0.00151,0.05534
130.62000,1.02194,0.85079,0.00751,0.00304,0.13866
130.75999,1.02194,0.85436,0.00270,0.00246,0.14048
130.89999,1.02194,0.94507,0.00029,0.00123,0.05340
131.03999,1.02194,0.99017,0.00000,0.00015,0.00968
131.17999,1.02194,0.99641,0.00000,0.00007,0.00352
131.32001,1.02193,0.99804,0.00000,0.00004,0.00192
131.46001,1.02193,0.98761,0.00000,0.00019,0.01220
131.60001,1.02193,0.90026,0.00000,0.00062,0.09911
131.74001,1.02193,0.79692,0.00002,0.00081,0.20225
131.88000,1.02193,0.83594,0.00006,0.00075,0.16326
132.02000,1.02193,0.83036,0.00039,0.00167,0.16758
132.16000,1.02193,0.76395,0.00464,0.00233,0.22908
132.30000,1.02193,0.74462,0.00193,0.00304,0.25041
132.44000,1.02194,0.76900,0.00282,0.00648,0.22170
132.58000,1.02194,0.91184,0.00404,0.00307,0.08104
132.72000,1.02194,0.89457,0.04174,0.00255,0.06114
132.86000,1.02194,0.93810,0.01803,0.00144,0.04243
133.00000,1.02194,0.88210,0.09066,0.00079,0.02644
133.14000,1.02194,0.92824,0.03342,0.00096,0.03738
133.28000,1.02194,0.89894,0.05136,0.00105,0.04866
133.42000,1.02194,0.79822,0.00995,0.00221,0.18962
133.56000,1.02194,0.55618,0.01457,0.00269,0.42657
133.70000,1.02194,0.63807,0.00031,0.00135,0.36027
133.84000,1.02194,0.79449,0.00048,0.00313,0.20190
133.98000,1.02194,0.60922,0.00397,0.00194,0.38487
134.12000,1.02194,0.54784,0.03111,0.00886,0.41219
134.25999,1.02194,0.60869,0.01607,0.00711,0.36813
134.39999,1.02194,0.85729,0.00013,0.00121,0.14137
134.53999,1.02194,0.96999,0.00000,0.00022,0.02978
134.67999,1.02194,0.99778,0.00000,0.00004,0.00218
134.82001,1.02193,0.99778,0.00000,0.00003,0.00218
134.96001,1.02193,0.99927,0.00000,0.00003,0.00070
135.10001,1.02193,0.99992,0.00000,0.00001,0.00007
135.24001,1.02193,0.99998,0.00000,0.00001,0.00001
135.38000,1.02193,0.99999,0.00000,0.00000,0.00001
135.52000,1.02193,0.99999,0.00000,0.00000,0.00000
135.66000,1.02193,0.99998,0.00000,0.00000,0.00002
135.80000,1.02193,0.99999,0.00000,0.00000,0.00001
135.94000,1.02194,0.99999,0.00000,0.00000,0.00000
136.08000,1.02194,0.99999,0.00000,0.00000,0.00001
136.22000,1.02194,1.00000,0.00000,0.00000,0.00000
136.36000,1.02194,0.99999,0.00000,0.00000,0.00000
136.50000,1.02194,0.99998,0.00000,0.00000,0.00002
136.64000,1.02194,0.99987,0.00000,0.00000,0.00013
136.78000,1.02194,0.99965,0.00000,0.00001,0.00035
136.92000,1.02194,0.99956,0.00000,0.00001,0.00043
137.06000,1.02194,0.99957,0.00000,0.00001,0.00042
137.20000,1.02194,0.99991,0.00000,0.00000,0.00009
137.34000,1.02194,0.99998,0.00000,0.00000,0.00002
137.48000,1.02194,0.99998,0.00000,0.00000,0.00002
137.62000,1.02194,0.99999,0.00000,0.00000,0.00001
137.75999,1.02194,0.99999,0.00000,0.00000,0.00001
137.89999,1.02194,0.99995,0.00000,0.00000,0.00004
138.03999,1.02194,0.99994,0.00000,0.00000,0.00005
138.17999,1.02194,0.99994,0.00000,0.00001,0.00005
138.32001,1.02193,0.99998,0.00000,0.00000,0.00002
138.46001,1.02193,0.99999,0.00000,0.00000,0.00001
138.60001,1.02193,0.99996,0.00000,0.00000,0.00003
138.74001,1.02193,0.99989,0.00000,0.00000,0.00011
138.88000,1.02193,0.99852,0.00000,0.00002,0.00146
139.02000,1.02193,0.96759,0.00000,0.00018,0.03224
139.16000,1.02193,0.73928,0.00000,0.00030,0.26042
139.30000,1.02193,0.58744,0.00001,0.00028,0.41228
139.44000,1.02194,0.79733,0.00000,0.00042,0.20225
139.58000,1.02194,0.83897,0.00001,0.00022,0.16081
139.72000,1.02194,0.94045,0.00000,0.00010,0.05945
139.86000,1.02194,0.98968,0.00000,0.00005,0.01027
140.00000,1.02194,0.99517,0.00000,0.00005,0.00478
140.14000,1.02194,0.98857,0.00000,0.00009,0.01134
140.28000,1.02194,0.98112,0.00000,0.00013,0.01875
140.42000,1.02194,0.98411,0.00000,0.00014,0.01575
140.56000,1.02194,0.96938,0.00000,0.00026,0.03036
140.70000,1.02194,0.94557,0.00000,0.00028,0.05415
140.84000,1.02194,0.93447,0.00000,0.00026,0.06527
140.98000,1.02194,0.97311,0.00000,0.00011,0.02677
141.12000,1.02194,0.99254,0.00000,0.00004,0.00742
141.25999,1.02194,0.99736,0.00000,0.00002,0.00262
141.39999,1.02194,0.99889,0.00000,0.00001,0.00110
141.53999,1.02194,0.99960,0.00000,0.00001,0.00039
141.67999,1.02194,0.99989,0.00000,0.00000,0.00010
141.82001,1.02193,0.99990,0.00000,0.00001,0.00010
141.96001,1.02193,0.99984,0.00000,0.00001,0.00015
142.10001,1.02193,0.99994,0.00000,0.00000,0.00006
142.24001,1.02193,0.99994,0.00000,0.00001,0.00006
142.38000,1.02193,0.99994,0.00000,0.00000,0.00006
142.52000,1.02193,0.99997,0.00000,0.00000,0.00002
142.66000,1.02193,0.99999,0.00000,0.00000,0.00001
142.80000,1.02193,0.99999,0.00000,0.00000,0.00001
142.94000,1.02194,1.00000,0.00000,0.00000,0.00000
143.08000,1.02194,1.00000,0.00000,0.00000,0.00000
143.22000,1.02194,1.00000,0.00000,0.00000,0.00000
143.36000,1.02194,1.00000,0.00000,0.00000,0.00000
143.50000,1.02194,1.00000,0.00000,0.00000,0.00000
143.64000,1.02194,0.99999,0.00000,0.00000,0.00000
143.78000,1.02194,0.99999,0.00000,0.00000,0.00001
143.92000,1.02194,0.99999,0.00000,0.00000,0.00000
144.06000,1.02194,1.00000,0.00000,0.00000,0.00000
144.20000,1.02194,1.00000,0.00000,0.00000,0.00000
144.34000,1.02194,1.00000,0.00000,0.00000,0.00000
144.48000,1.02194,1.00000,0.00000,0.00000,0.00000
144.62000,1.02194,1.00000,0.00000,0.00000,0.00000
144.75999,1.02194,1.00000,0.00000,0.00000,0.00000
144.89999,1.02194,1.00000,0.00000,0.00000,0.00000
145.03999,1.02194,1.00000,0.00000,0.00000,0.00000
145.17999,1.02194,1.00000,0.00000,0.00000,0.00000
145.32001,1.02193,1.00000,0.00000,0.00000,0.00000
145.46001,1.02193,1.00000,0.00000,0.00000,0.00000
145.60001,1.02193,1.00000,0.00000,0.00000,0.00000
145.74001,1.02193,1.00000,0.00000,0.00000,0.00000
145.88000,1.02193,1.00000,0.00000,0.00000,0.00000
146.02000,1.02193,1.00000,0.00000,0.00000,0.00000
146.16000,1.02193,0.99999,0.00000,0.00000,0.00001
146.30000,1.02193,0.99998,0.00000,0.00000,0.00002
146.44000,1.02194,0.99998,0.00000,0.00000,0.00002
146.58000,1.02194,0.99993,0.00000,0.00000,0.00007
146.72000,1.02194,0.99976,0.00000,0.00001,0.00023
146.86000,1.02194,0.99826,0.00001,0.00004,0.00169
147.00000,1.02194,0.99543,0.00006,0.00017,0.00434
147.14000,1.02194,0.99551,0.00005,0.00028,0.00417
147.28000,1.02194,0.99930,0.00000,0.00010,0.00059
147.42000,1.02194,0.99995,0.00000,0.00001,0.00004
147.56000,1.02194,0.99998,0.00000,0.00000,0.00001
147.70000,1.02194,0.99996,0.00000,0.00000,0.00003
147.84000,1.02194,0.99981,0.00000,0.00001,0.00018
147.98000,1.02194,0.99841,0.00000,0.00003,0.00156
148.12000,1.02194,0.92866,0.00000,0.00043,0.07091
148.25999,1.02194,0.83379,0.00001,0.00083,0.16537
148.39999,1.02194,0.74466,0.00004,0.00100,0.25429
148.53999,1.02194,0.62295,0.00005,0.00119,0.37581
148.67999,1.02194,0.73972,0.00001,0.00079,0.25948
148.82001,1.02193,0.75967,0.00002,0.00046,0.23986
148.96001,1.02193,0.89843,0.00001,0.00035,0.10121
149.10001,1.02193,0.68684,0.00002,0.00097,0.31217
149.24001,1.02193,0.72704,0.00001,0.00067,0.27228
149.38000,1.02193,0.95119,0.00000,0.00015,0.04866
149.52000,1.02193,0.99461,0.00000,0.00007,0.00532
149.66000,1.02193,0.99883,0.00000,0.00002,0.00115
149.80000,1.02193,0.99774,0.00000,0.00002,0.00223
149.94000,1.02194,0.99844,0.00000,0.00002,0.00154
150.08000,1.02194,0.99760,0.00000,0.00002,0.00238
150.22000,1.02194,0.99676,0.00000,0.00004,0.00320
150.36000,1.02194,0.99757,0.00000,0.00004,0.00239
150.50000,1.02194,0.99970,0.00000,0.00001,0.00029
150.64000,1.02194,0.99994,0.00000,0.00000,0.00006
150.78000,1.02194,0.99999,0.00000,0.00000,0.00001
150.92000,1.02194,0.99998,0.00000,0.00000,0.00002
151.06000,1.02194,0.99996,0.00000,0.00000,0.00004
151.20000,1.02194,0.99962,0.00000,0.00001,0.00037
151.34000,1.02194,0.99782,0.00001,0.00004,0.00213
151.48000,1.02194,0.98502,0.00046,0.00029,0.01424
151.62000,1.02194,0.97394,0.00371,0.00049,0.02186
151.75999,1.02194,0.91476,0.06324,0.00049,0.02151
151.89999,1.02194,0.16180,0.83033,0.00024,0.00762
152.03999,1.02194,0.05940,0.93795,0.00012,0.00253
152.17999,1.02194,0.12383,0.87087,0.00019,0.00511
152.32001,1.02193,0.09253,0.90356,0.00014,0.00377
152.46001,1.02193,0.12017,0.87167,0.00028,0.00789
152.60001,1.02193,0.07849,0.90711,0.00041,0.01399
152.74001,1.02193,0.13842,0.82203,0.00068,0.03887
152.88000,1.02193,0.24726,0.71292,0.00091,0.03891
153.02000,1.02193,0.31355,0.64492,0.00059,0.04094
153.16000,1.02193,0.23227,0.74628,0.00043,0.02102
153.30000,1.02193,0.28077,0.69402,0.00047,0.02473
153.44000,1.02194,0.24776,0.74188,0.00029,0.01007
153.58000,1.02194,0.14682,0.84626,0.00022,0.00669
153.72000,1.02194,0.05808,0.93961,0.00012,0.00220
153.86000,1.02194,0.03227,0.96639,0.00009,0.00126
154.00000,1.02194,0.05811,0.94008,0.00009,0.00172
154.14000,1.02194,0.01564,0.98377,0.00005,0.00053
154.28000,1.02194,0.01509,0.98438,0.00006,0.00047
154.42000,1.02194,0.01765,0.98164,0.00008,0.00063
154.56000,1.02194,0.00676,0.99283,0.00009,0.00033
154.70000,1.02194,0.00662,0.99293,0.00011,0.00034
154.84000,1.02194,0.00618,0.99338,0.00011,0.00032
154.98000,1.02194,0.00642,0.99312,0.00012,0.00034
155.12000,1.02194,0.00572,0.99387,0.00011,0.00030
155.25999,1.02194,0.00598,0.99361,0.00011,0.00030
155.39999,1.02194,0.00591,0.99370,0.00010,0.00028
155.53999,1.02194,0.00612,0.99349,0.00010,0.00028
155.67999,1.02194,0.00587,0.99375,0.00010,0.00028
155.82001,1.02193,0.00603,0.99356,0.00012,0.00029
155.96001,1.02193,0.00587,0.99375,0.00011,0.00027
156.10001,1.02193,0.00598,0.99362,0.00011,0.00029
156.24001,1.02193,0.00614,0.99344,0.00012,0.00030
156.38000,1.02193,0.00609,0.99349,0.00012,0.00031
156.52000,1.02193,0.00534,0.99426,0.00012,0.00028
156.66000,1.02193,0.00501,0.99461,0.00012,0.00026
156.80000,1.02193,0.00515,0.99447,0.00012,0.00027
156.94000,1.02194,0.00480,0.99482,0.00012,0.00026
157.08000,1.02194,0.00514,0.99445,0.00012,0.00029
157.22000,1.02194,0.00519,0.99437,0.00014,0.00030
157.36000,1.02194,0.00592,0.99360,0.00015,0.00033
157.50000,1.02194,0.00584,0.99371,0.00014,0.00031
157.64000,1.02194,0.00602,0.99354,0.00013,0.00031
157.78000,1.02194,0.00571,0.99388,0.00013,0.00029
157.92000,1.02194,0.00601,0.99360,0.00011,0.00028
158.06000,1.02194,0.00558,0.99406,0.00010,0.00026
158.20000,1.02194,0.00600,0.99357,0.00012,0.00032
158.34000,1.02194,0.00553,0.99409,0.00011,0.00027
158.48000,1.02194,0.00563,0.99399,0.00011,0.00026
158.62000,1.02194,0.00542,0.99420,0.00011,0.00027
158.75999,1.02194,0.00517,0.99443,0.00012,0.00028
158.89999,1.02194,0.00484,0.99479,0.00011,0.00026
159.03999,1.02194,0.00518,0.99444,0.00010,0.00028
159.17999,1.02194,0.00600,0.99350,0.00013,0.00036
159.32001,1.02193,0.00596,0.99354,0.00015,0.00035
159.46001,1.02193,0.00605,0.99348,0.00014,0.00034
159.60001,1.02193,0.00689,0.99257,0.00015,0.00039
159.74001,1.02193,0.00752,0.99190,0.00014,0.00043
159.88000,1.02193,0.00743,0.99203,0.00012,0.00041
160.02000,1.02193,0.00675,0.99279,0.00011,0.00035
160.16000,1.02193,0.00651,0.99302,0.00012,0.00035
160.30000,1.02193,0.00725,0.99224,0.00012,0.00039
160.44000,1.02194,0.00642,0.99316,0.00010,0.00031
160.58000,1.02194,0.00617,0.99343,0.00010,0.00030
160.72000,1.02194,0.00719,0.99235,0.00010,0.00036
160.86000,1.02194,0.00635,0.99323,0.00011,0.00032
161.00000,1.02194,0.00640,0.99317,0.00011,0.00032
161.14000,1.02194,0.00755,0.99194,0.00011,0.00040
161.28000,1.02194,0.00783,0.99165,0.00012,0.00040
161.42000,1.02194,0.00850,0.99095,0.00011,0.00044
161.56000,1.02194,0.00883,0.99055,0.00013,0.00049
161.70000,1.02194,0.00915,0.99025,0.00012,0.00047
161.84000,1.02194,0.00961,0.98977,0.00011,0.00052
161.98000,1.02194,0.01094,0.98830,0.00012,0.00064
162.12000,1.02194,0.01117,0.98814,0.00011,0.00059
162.25999,1.02194,0.01004,0.98931,0.00011,0.00053
162.39999,1.02194,0.01042,0.98882,0.00014,0.00062
162.53999,1.02194,0.01243,0.98677,0.00012,0.00068
162.67999,1.02194,0.01208,0.98722,0.00010,0.00060
162.82001,1.02193,0.01291,0.98633,0.00011,0.00065
162.96001,1.02193,0.01101,0.98837,0.00011,0.00051
163.10001,1.02193,0.01038,0.98910,0.00009,0.00042
163.24001,1.02193,0.01105,0.98844,0.00009,0.00043
163.38000,1.02193,0.01081,0.98869,0.00008,0.00041
163.52000,1.02193,0.01063,0.98882,0.00009,0.00045
163.66000,1.02193,0.00978,0.98965,0.00010,0.00046
163.80000,1.02193,0.01218,0.98688,0.00013,0.00081
163.94000,1.02194,0.01325,0.98589,0.00011,0.00075
164.08000,1.02194,0.01271,0.98638,0.00012,0.00079
164.22000,1.02194,0.00889,0.99040,0.00013,0.00058
164.36000,1.02194,0.01011,0.98916,0.00011,0.00062
164.50000,1.02194,0.01062,0.98861,0.00010,0.00067
164.64000,1.02194,0.00992,0.98923,0.00012,0.00073
164.78000,1.02194,0.00686,0.99246,0.00016,0.00052
164.92000,1.02194,0.00649,0.99276,0.00019,0.00055
165.06000,1.02194,0.00696,0.99229,0.00020,0.00055
165.20000,1.02194,0.00708,0.99219,0.00018,0.00055
165.34000,1.02194,0.00861,0.99051,0.00019,0.00068
165.48000,1.02194,0.00821,0.99106,0.00018,0.00055
165.62000,1.02194,0.00821,0.99111,0.00017,0.00051
165.75999,1.02194,0.00697,0.99246,0.00014,0.00043
165.89999,1.02194,0.00701,0.99247,0.00012,0.00040
166.03999,1.02194,0.00750,0.99197,0.00011,0.00041
166.17999,1.02194,0.00822,0.99122,0.00011,0.00045
166.32001,1.02193,0.00755,0.99187,0.00013,0.00045
166.46001,1.02193,0.00823,0.99117,0.00013,0.00046
166.60001,1.02193,0.00803,0.99142,0.00012,0.00042
166.74001,1.02193,0.00783,0.99160,0.00012,0.00045
166.88000,1.02193,0.00702,0.99248,0.00011,0.00039
167.02000,1.02193,0.00670,0.99282,0.00010,0.00038
167.16000,1.02193,0.00807,0.99136,0.00010,0.00047
167.30000,1.02193,0.00639,0.99308,0.00013,0.00040
167.44000,1.02194,0.00604,0.99346,0.00015,0.00036
167.58000,1.02194,0.00682,0.99259,0.00016,0.00043
167.72000,1.02194,0.00693,0.99250,0.00015,0.00041
167.86000,1.02194,0.00759,0.99184,0.00014,0.00043
168.00000,1.02194,0.00740,0.99204,0.00014,0.00042
168.14000,1.02194,0.00822,0.99118,0.00014,0.00046
168.28000,1.02194,0.00919,0.99018,0.00012,0.00051
168.42000,1.02194,0.00931,0.99010,0.00013,0.00047
168.56000,1.02194,0.00976,0.98965,0.00012,0.00047
168.70000,1.02194,0.00897,0.99050,0.00011,0.00042
168.84000,1.02194,0.01095,0.98841,0.00011,0.00053
168.98000,1.02194,0.01429,0.98501,0.00009,0.00061
169.12000,1.02194,0.01593,0.98306,0.00013,0.00089
169.25999,1.02194,0.01330,0.98596,0.00011,0.00064
169.39999,1.02194,0.01102,0.98834,0.00011,0.00053
169.53999,1.02194,0.01016,0.98925,0.00010,0.00049
169.67999,1.02194,0.01323,0.98616,0.00008,0.00053
169.82001,1.02193,0.00762,0.99188,0.00010,0.00040
169.96001,1.02193,0.01029,0.98912,0.00010,0.00050
170.10001,1.02193,0.00645,0.99304,0.00013,0.00039
170.24001,1.02193,0.00800,0.99135,0.00014,0.00051
170.38000,1.02193,0.00809,0.99119,0.00016,0.00055
170.52000,1.02193,0.00725,0.99206,0.00017,0.00052
170.66000,1.02193,0.00683,0.99256,0.00015,0.00046
170.80000,1.02193,0.00779,0.99159,0.00015,0.00048
170.94000,1.02194,0.00961,0.98974,0.00012,0.00052
171.08000,1.02194,0.00971,0.98966,0.00013,0.00051
171.22000,1.02194,0.00796,0.99160,0.00012,0.00032
171.36000,1.02194,0.01044,0.98902,0.00013,0.00042
171.50000,1.02194,0.01289,0.98656,0.00009,0.00046
171.64000,1.02194,0.01367,0.98584,0.00007,0.00043
171.78000,1.02194,0.01576,0.98363,0.00008,0.00053
171.92000,1.02194,0.01557,0.98385,0.00008,0.00050
172.06000,1.02194,0.01403,0.98547,0.00007,0.00043
172.20000,1.02194,0.01470,0.98473,0.00008,0.00048
172.34000,1.02194,0.00959,0.98996,0.00009,0.00036
172.48000,1.02194,0.00862,0.99096,0.00010,0.00032
172.62000,1.02194,0.00835,0.99126,0.00009,0.00030
172.75999,1.02194,0.00746,0.99217,0.00009,0.00028
172.89999,1.02194,0.00699,0.99263,0.00009,0.00028
173.03999,1.02194,0.00669,0.99292,0.00010,0.00029
173.17999,1.02194,0.00634,0.99326,0.00010,0.00030
173.32001,1.02193,0.00522,0.99442,0.00011,0.00026
173.46001,1.02193,0.00513,0.99450,0.00012,0.00026
173.60001,1.02193,0.00547,0.99412,0.00013,0.00029
173.74001,1.02193,0.00559,0.99400,0.00012,0.00028
173.88000,1.02193,0.00565,0.99394,0.00012,0.00028
174.02000,1.02193,0.00641,0.99312,0.00013,0.00034
174.16000,1.02193,0.00670,0.99285,0.00012,0.00033
174.30000,1.02193,0.00716,0.99235,0.00012,0.00037
174.44000,1.02194,0.00825,0.99118,0.00012,0.00045
174.58000,1.02194,0.00872,0.99068,0.00013,0.00047
174.72000,1.02194,0.00934,0.99007,0.00011,0.00048
174.86000,1.02194,0.01525,0.98350,0.00015,0.00110
175.00000,1.02194,0.02821,0.96956,0.00019,0.00204
175.14000,1.02194,0.03189,0.96619,0.00015,0.00177
175.28000,1.02194,0.03025,0.96789,0.00013,0.00174
175.42000,1.02194,0.04356,0.95353,0.00015,0.00276
175.56000,1.02194,0.08264,0.91203,0.00016,0.00517
175.70000,1.02194,0.20963,0.78155,0.00023,0.00858
175.84000,1.02194,0.06749,0.92895,0.00017,0.00339
175.98000,1.02194,0.04208,0.95530,0.00014,0.00248
176.12000,1.02194,0.04080,0.95721,0.00010,0.00189
176.25999,1.02194,0.09935,0.89659,0.00018,0.00388
176.39999,1.02194,0.03803,0.96010,0.00011,0.00176
176.53999,1.02194,0.02848,0.97031,0.00009,0.00111
176.67999,1.02194,0.02482,0.97410,0.00009,0.00098
176.82001,1.02193,0.01684,0.98240,0.00008,0.00069
176.96001,1.02193,0.01335,0.98606,0.00007,0.00052
177.10001,1.02193,0.01487,0.98447,0.00008,0.00059
177.24001,1.02193,0.00898,0.99051,0.00009,0.00042
177.38000,1.02193,0.00719,0.99235,0.00011,0.00035
177.52000,1.02193,0.00647,0.99310,0.00011,0.00031
177.66000,1.02193,0.00610,0.99349,0.00012,0.00029
177.80000,1.02193,0.00621,0.99338,0.00012,0.00029
177.94000,1.02194,0.00744,0.99208,0.00012,0.00036
178.08000,1.02194,0.00832,0.99118,0.00011,0.00039
178.22000,1.02194,0.01129,0.98807,0.00013,0.00052
178.36000,1.02194,0.01490,0.98429,0.00012,0.00068
178.50000,1.02194,0.01994,0.97914,0.00010,0.00082
178.64000,1.02194,0.02853,0.97021,0.00010,0.00116
178.78000,1.02194,0.03556,0.96324,0.00008,0.00111
178.92000,1.02194,0.04223,0.95643,0.00008,0.00126
179.06000,1.02194,0.08881,0.90904,0.00010,0.00205
179.20000,1.02194,0.06648,0.93154,0.00009,0.00190
179.34000,1.02194,0.04473,0.95396,0.00007,0.00124
179.48000,1.02194,0.04022,0.95867,0.00007,0.00104
179.62000,1.02194,0.02115,0.97826,0.00005,0.00054
179.75999,1.02194,0.02577,0.97362,0.00006,0.00055
179.89999,1.02194,0.02270,0.97668,0.00006,0.00056
180.03999,1.02194,0.01689,0.98255,0.00007,0.00050
180.17999,1.02194,0.00750,0.99213,0.00007,0.00030
180.32001,1.02193,0.00623,0.99339,0.00009,0.00028
180.46001,1.02193,0.00541,0.99425,0.00010,0.00024
180.60001,1.02193,0.00569,0.99396,0.00009,0.00025
180.74001,1.02193,0.00624,0.99339,0.00009,0.00028
180.88000,1.02193,0.00568,0.99397,0.00010,0.00025
181.02000,1.02193,0.00764,0.99186,0.00013,0.00036
181.16000,1.02193,0.00867,0.99092,0.00011,0.00031
181.30000,1.02193,0.01393,0.98545,0.00012,0.00050
181.44000,1.02194,0.01576,0.98375,0.00009,0.00041
181.58000,1.02194,0.01340,0.98627,0.00005,0.00027
181.72000,1.02194,0.01269,0.98701,0.00005,0.00026
181.86000,1.02194,0.07769,0.92129,0.00010,0.00091
182.00000,1.02194,0.02091,0.97864,0.00006,0.00039
182.14000,1.02194,0.10033,0.89779,0.00021,0.00166
182.28000,1.02194,0.00913,0.99042,0.00008,0.00037
182.42000,1.02194,0.00835,0.99118,0.00011,0.00036
182.56000,1.02194,0.00833,0.99122,0.00010,0.00035
182.70000,1.02194,0.00955,0.98997,0.00009,0.00039
182.84000,1.02194,0.01166,0.98778,0.00009,0.00048
182.98000,1.02194,0.01902,0.98010,0.00009,0.00079
183.12000,1.02194,0.02876,0.96958,0.00015,0.00151
183.25999,1.02194,0.05454,0.94225,0.00019,0.00302
183.39999,1.02194,0.08285,0.91212,0.00028,0.00475
183.53999,1.02194,0.15743,0.83544,0.00027,0.00686
183.67999,1.02194,0.35599,0.63036,0.00039,0.01325
183.82001,1.02193,0.44854,0.53732,0.00045,0.01369
183.96001,1.02193,0.33007,0.65716,0.00037,0.01239
184.10001,1.02193,0.06081,0.93667,0.00014,0.00239
184.24001,1.02193,0.01555,0.98336,0.00011,0.00098
184.38000,1.02193,0.00820,0.99098,0.00012,0.00070
184.52000,1.02193,0.00750,0.99160,0.00014,0.00076
184.66000,1.02193,0.00508,0.99410,0.00019,0.00063
184.80000,1.02193,0.00396,0.99532,0.00021,0.00051
184.94000,1.02194,0.00380,0.99544,0.00024,0.00052
185.08000,1.02194,0.00338,0.99594,0.00023,0.00044
185.22000,1.02194,0.00331,0.99597,0.00026,0.00046
185.36000,1.02194,0.00350,0.99566,0.00029,0.00054
185.50000,1.02194,0.00365,0.99546,0.00031,0.00058
185.64000,1.02194,0.00358,0.99556,0.00031,0.00055
185.78000,1.02194,0.00375,0.99532,0.00033,0.00059
185.92000,1.02194,0.00416,0.99479,0.00035,0.00070
186.06000,1.02194,0.00489,0.99387,0.00037,0.00088
186.20000,1.02194,0.00561,0.99287,0.00043,0.00109
186.34000,1.02194,0.00779,0.98946,0.00063,0.00211
186.48000,1.02194,0.00880,0.98788,0.00080,0.00251
186.62000,1.02194,0.00890,0.98790,0.00072,0.00248
186.75999,1.02194,0.00823,0.98909,0.00057,0.00212
186.89999,1.02194,0.00797,0.98974,0.00046,0.00183
187.03999,1.02194,0.00743,0.99069,0.00040,0.00149
187.17999,1.02194,0.00717,0.99122,0.00038,0.00123
187.32001,1.02193,0.00693,0.99183,0.00031,0.00092
187.46001,1.02193,0.00725,0.99179,0.00024,0.00072
187.60001,1.02193,0.00700,0.99225,0.00019,0.00056
187.74001,1.02193,0.00691,0.99239,0.00017,0.00053
187.88000,1.02193,0.00667,0.99270,0.00015,0.00049
188.02000,1.02193,0.00691,0.99249,0.00013,0.00047
188.16000,1.02193,0.00651,0.99293,0.00012,0.00044
188.30000,1.02193,0.00619,0.99321,0.00014,0.00046
188.44000,1.02194,0.00595,0.99343,0.00016,0.00046
188.58000,1.02194,0.00649,0.99273,0.00019,0.00060
188.72000,1.02194,0.00842,0.99025,0.00024,0.00108
188.86000,1.02194,0.00945,0.98903,0.00024,0.00128
189.00000,1.02194,0.00847,0.99008,0.00029,0.00115
189.14000,1.02194,0.00797,0.99066,0.00029,0.00108
189.28000,1.02194,0.00725,0.99152,0.00027,0.00097
189.42000,1.02194,0.00696,0.99192,0.00023,0.00089
189.56000,1.02194,0.00596,0.99310,0.00021,0.00073
189.70000,1.02194,0.00475,0.99452,0.00021,0.00051
189.84000,1.02194,0.00454,0.99479,0.00021,0.00046
189.98000,1.02194,0.00435,0.99506,0.00020,0.00039
190.12000,1.02194,0.00448,0.99495,0.00020,0.00037
190.25999,1.02194,0.00474,0.99466,0.00020,0.00039
190.39999,1.02194,0.00517,0.99420,0.00020,0.00043
190.53999,1.02194,0.00510,0.99433,0.00017,0.00040
190.67999,1.02194,0.00507,0.99438,0.00016,0.00039
190.82001,1.02193,0.00502,0.99445,0.00016,0.00037
190.96001,1.02193,0.00526,0.99416,0.00016,0.00041
191.10001,1.02193,0.00536,0.99404,0.00017,0.00043
191.24001,1.02193,0.00534,0.99407,0.00017,0.00042
191.38000,1.02193,0.00572,0.99367,0.00017,0.00044
191.52000,1.02193,0.00573,0.99369,0.00016,0.00042
191.66000,1.02193,0.00594,0.99346,0.00016,0.00044
191.80000,1.02193,0.00589,0.99351,0.00016,0.00044
191.94000,1.02194,0.00573,0.99371,0.00015,0.00040
192.08000,1.02194,0.00593,0.99352,0.00015,0.00041
192.22000,1.02194,0.00619,0.99323,0.00014,0.00044
192.36000,1.02194,0.00634,0.99304,0.00016,0.00046
192.50000,1.02194,0.00601,0.99344,0.00015,0.00040
192.64000,1.02194,0.00581,0.99365,0.00015,0.00039
192.78000,1.02194,0.00609,0.99336,0.00014,0.00041
192.92000,1.02194,0.00645,0.99299,0.00013,0.00043
193.06000,1.02194,0.00616,0.99329,0.00014,0.00041
193.20000,1.02194,0.00599,0.99348,0.00014,0.00040
193.34000,1.02194,0.00571,0.99377,0.00015,0.00038
193.48000,1.02194,0.00544,0.99405,0.00014,0.00038
193.62000,1.02194,0.00537,0.99406,0.00015,0.00042
193.75999,1.02194,0.00496,0.99450,0.00016,0.00038
193.89999,1.02194,0.00497,0.99447,0.00016,0.00040
194.03999,1.02194,0.00478,0.99463,0.00018,0.00041
194.17999,1.02194,0.00488,0.99451,0.00019,0.00042
194.32001,1.02193,0.00488,0.99450,0.00021,0.00041
194.46001,1.02193,0.00509,0.99427,0.00021,0.00043
194.60001,1.02193,0.00534,0.99402,0.00021,0.00043
194.74001,1.02193,0.00568,0.99369,0.00020,0.00043
194.88000,1.02193,0.00596,0.99343,0.00018,0.00043
195.02000,1.02193,0.00619,0.99324,0.00017,0.00041
195.16000,1.02193,0.00834,0.99088,0.00019,0.00059
195.30000,1.02193,0.01202,0.98695,0.00018,0.00085
195.44000,1.02194,0.01255,0.98670,0.00013,0.00062
195.58000,1.02194,0.01534,0.98377,0.00013,0.00076
195.72000,1.02194,0.01917,0.97987,0.00012,0.00084
195.86000,1.02194,0.02340,0.97573,0.00008,0.00078
196.00000,1.02194,0.04680,0.95179,0.00010,0.00131
196.14000,1.02194,0.04204,0.95673,0.00011,0.00112
196.28000,1.02194,0.02033,0.97891,0.00009,0.00067
196.42000,1.02194,0.03309,0.96605,0.00008,0.00078
196.56000,1.02194,0.05845,0.93996,0.00011,0.00148
196.70000,1.02194,0.03006,0.96905,0.00008,0.00080
196.84000,1.02194,0.02677,0.97248,0.00008,0.00068
196.98000,1.02194,0.03133,0.96780,0.00008,0.00079
197.12000,1.02194,0.04071,0.95822,0.00009,0.00098
197.25999,1.02194,0.02902,0.97019,0.00007,0.00071
197.39999,1.02194,0.05194,0.94681,0.00010,0.00115
197.53999,1.02194,0.02396,0.97535,0.00008,0.00061
197.67999,1.02194,0.03056,0.96859,0.00008,0.00078
197.82001,1.02193,0.05542,0.94312,0.00009,0.00137
197.96001,1.02193,0.18935,0.80683,0.00018,0.00363
198.10001,1.02193,0.05534,0.94321,0.00010,0.00135
198.24001,1.02193,0.06435,0.93399,0.00011,0.00155
198.38000,1.02193,0.04432,0.95458,0.00008,0.00102
198.52000,1.02193,0.09581,0.90245,0.00012,0.00162
198.66000,1.02193,0.07789,0.92056,0.00013,0.00142
198.80000,1.02193,0.04181,0.95708,0.00012,0.00099
198.94000,1.02194,0.01146,0.98804,0.00008,0.00042
199.08000,1.02194,0.00883,0.99066,0.00009,0.00041
199.22000,1.02194,0.00670,0.99278,0.00013,0.00039
199.36000,1.02194,0.00553,0.99402,0.00013,0.00032
199.50000,1.02194,0.00525,0.99430,0.00013,0.00032
199.64000,1.02194,0.00471,0.99482,0.00014,0.00032
199.78000,1.02194,0.00338,0.99624,0.00014,0.00023
199.92000,1.02194,0.00274,0.99693,0.00014,0.00019
200.06000,1.02194,0.00244,0.99725,0.00014,0.00017
200.20000,1.02194,0.00230,0.99737,0.00017,0.00017
200.34000,1.02194,0.00222,0.99742,0.00019,0.00016
200.48000,1.02194,0.00232,0.99726,0.00024,0.00018
200.62000,1.02194,0.00307,0.99614,0.00049,0.00030
200.75999,1.02194,0.00429,0.99427,0.00095,0.00049
200.89999,1.02194,0.00383,0.99522,0.00058,0.00038
201.03999,1.02194,0.00360,0.99543,0.00061,0.00036
201.17999,1.02194,0.00308,0.99610,0.00052,0.00031
201.32001,1.02193,0.00258,0.99676,0.00039,0.00026
201.46001,1.02193,0.00381,0.99428,0.00136,0.00055
201.60001,1.02193,0.00164,0.99799,0.00022,0.00015
201.74001,1.02193,0.00130,0.99840,0.00020,0.00011
201.88000,1.02193,0.00120,0.99852,0.00018,0.00009
202.02000,1.02193,0.00125,0.99849,0.00017,0.00009
202.16000,1.02193,0.00144,0.99830,0.00015,0.00010
202.30000,1.02193,0.00178,0.99793,0.00018,0.00012
202.44000,1.02194,0.00225,0.99744,0.00018,0.00014
202.58000,1.02194,0.00316,0.99644,0.00020,0.00020
202.72000,1.02194,0.00393,0.99564,0.00017,0.00025
202.86000,1.02194,0.00463,0.99492,0.00015,0.00030
203.00000,1.02194,0.00477,0.99478,0.00014,0.00031
203.14000,1.02194,0.00469,0.99487,0.00014,0.00030
203.28000,1.02194,0.00458,0.99500,0.00013,0.00029
203.42000,1.02194,0.00453,0.99506,0.00013,0.00028
203.56000,1.02194,0.00433,0.99527,0.00013,0.00027
203.70000,1.02194,0.00420,0.99541,0.00013,0.00026
203.84000,1.02194,0.00405,0.99556,0.00013,0.00026
203.98000,1.02194,0.00401,0.99560,0.00014,0.00026
204.12000,1.02194,0.00401,0.99558,0.00014,0.00027
204.25999,1.02194,0.00402,0.99551,0.00016,0.00030
204.39999,1.02194,0.00337,0.99620,0.00017,0.00026
204.53999,1.02194,0.00298,0.99661,0.00017,0.00023
204.67999,1.02194,0.00257,0.99709,0.00015,0.00019
204.82001,1.02193,0.00238,0.99730,0.00014,0.00018
204.96001,1.02193,0.00231,0.99737,0.00015,0.00017
205.10001,1.02193,0.00237,0.99729,0.00017,0.00017
205.24001,1.02193,0.00243,0.99724,0.00017,0.00016
205.38000,1.02193,0.00277,0.99687,0.00017,0.00019
205.52000,1.02193,0.00297,0.99667,0.00016,0.00020
205.66000,1.02193,0.00316,0.99648,0.00015,0.00021
205.80000,1.02193,0.00328,0.99636,0.00016,0.00021
205.94000,1.02194,0.00344,0.99617,0.00016,0.00023
206.08000,1.02194,0.00332,0.99631,0.00015,0.00022
206.22000,1.02194,0.00314,0.99651,0.00014,0.00021
206.36000,1.02194,0.00291,0.99677,0.00013,0.00019
206.50000,1.02194,0.00286,0.99681,0.00013,0.00019
206.64000,1.02194,0.00281,0.99685,0.00014,0.00019
206.78000,1.02194,0.00287,0.99679,0.00015,0.00019
206.92000,1.02194,0.00299,0.99666,0.00015,0.00020
207.06000,1.02194,0.00311,0.99653,0.00015,0.00021
207.20000,1.02194,0.00317,0.99647,0.00015,0.00021
207.34000,1.02194,0.00320,0.99644,0.00015,0.00021
207.48000,1.02194,0.00323,0.99642,0.00014,0.00021
207.62000,1.02194,0.00323,0.99641,0.00015,0.00021
207.75999,1.02194,0.00335,0.99627,0.00015,0.00023
207.89999,1.02194,0.00359,0.99600,0.00015,0.00026
208.03999,1.02194,0.00383,0.99571,0.00016,0.00029
208.17999,1.02194,0.00377,0.99577,0.00017,0.00029
208.32001,1.02193,0.00417,0.99532,0.00018,0.00034
208.46001,1.02193,0.00447,0.99501,0.00017,0.00035
208.60001,1.02193,0.00500,0.99442,0.00018,0.00040
208.74001,1.02193,0.00562,0.99375,0.00018,0.00044
208.88000,1.02193,0.00676,0.99253,0.00019,0.00052
209.02000,1.02193,0.00806,0.99123,0.00017,0.00054
209.16000,1.02193,0.00981,0.98944,0.00016,0.00060
209.30000,1.02193,0.01050,0.98881,0.00013,0.00056
209.44000,1.02194,0.01119,0.98814,0.00011,0.00056
209.58000,1.02194,0.01194,0.98742,0.00009,0.00054
209.72000,1.02194,0.01482,0.98448,0.00008,0.00062
209.86000,1.02194,0.01378,0.98553,0.00008,0.00061
210.00000,1.02194,0.01288,0.98637,0.00010,0.00065
210.14000,1.02194,0.01372,0.98546,0.00011,0.00072
210.28000,1.02194,0.02417,0.97413,0.00014,0.00156
210.42000,1.02194,0.04734,0.94826,0.00027,0.00413
210.56000,1.02194,0.08428,0.91062,0.00026,0.00483
210.70000,1.02194,0.10298,0.89174,0.00022,0.00505
210.84000,1.02194,0.27045,0.71457,0.00044,0.01454
210.98000,1.02194,0.46115,0.51115,0.00060,0.02711
211.12000,1.02194,0.80543,0.10720,0.00124,0.08613
211.25999,1.02194,0.79396,0.05542,0.00138,0.14924
211.39999,1.02194,0.79292,0.00766,0.00108,0.19834
211.53999,1.02194,0.97129,0.00005,0.00038,0.02828
211.67999,1.02194,0.99813,0.00000,0.00003,0.00183
211.82001,1.02193,0.99993,0.00000,0.00000,0.00007
211.96001,1.02193,0.99999,0.00000,0.00000,0.00000
212.10001,1.02193,1.00000,0.00000,0.00000,0.00000
212.24001,1.02193,1.00000,0.00000,0.00000,0.00000
212.38000,1.02193,1.00000,0.00000,0.00000,0.00000
212.52000,1.02193,1.00000,0.00000,0.00000,0.00000
212.66000,1.02193,1.00000,0.00000,0.00000,0.00000
212.80000,1.02193,1.00000,0.00000,0.00000,0.00000
212.94000,1.02194,1.00000,0.00000,0.00000,0.00000
213.08000,1.02194,1.00000,0.00000,0.00000,0.00000
213.22000,1.02194,1.00000,0.00000,0.00000,0.00000
213.36000,1.02194,1.00000,0.00000,0.00000,0.00000
213.50000,1.02194,1.00000,0.00000,0.00000,0.00000
213.64000,1.02194,1.00000,0.00000,0.00000,0.00000
213.78000,1.02194,1.00000,0.00000,0.00000,0.00000
213.92000,1.02194,1.00000,0.00000,0.00000,0.00000
214.06000,1.02194,1.00000,0.00000,0.00000,0.00000
214.20000,1.02194,1.00000,0.00000,0.00000,0.00000
214.34000,1.02194,1.00000,0.00000,0.00000,0.00000
214.48000,1.02194,1.00000,0.00000,0.00000,0.00000
214.62000,1.02194,1.00000,0.00000,0.00000,0.00000
214.75999,1.02194,1.00000,0.00000,0.00000,0.00000
214.89999,1.02194,1.00000,0.00000,0.00000,0.00000
215.03999,1.02194,1.00000,0.00000,0.00000,0.00000
215.17999,1.02194,1.00000,0.00000,0.00000,0.00000
215.32001,1.02193,1.00000,0.00000,0.00000,0.00000
215.46001,1.02193,1.00000,0.00000,0.00000,0.00000
215.60001,1.02193,1.00000,0.00000,0.00000,0.00000
215.74001,1.02193,1.00000,0.00000,0.00000,0.00000
215.88000,1.02193,1.00000,0.00000,0.00000,0.00000
216.02000,1.02193,1.00000,0.00000,0.00000,0.00000
216.16000,1.02193,1.00000,0.00000,0.00000,0.00000
216.30000,1.02193,1.00000,0.00000,0.00000,0.00000
216.44000,1.02194,1.00000,0.00000,0.00000,0.00000
216.58000,1.02194,1.00000,0.00000,0.00000,0.00000
216.72000,1.02194,1.00000,0.00000,0.00000,0.00000
216.86000,1.02194,1.00000,0.00000,0.00000,0.00000
217.00000,1.02194,1.00000,0.00000,0.00000,0.00000
217.14000,1.02194,1.00000,0.00000,0.00000,0.00000
217.28000,1.02194,1.00000,0.00000,0.00000,0.00000
217.42000,1.02194,1.00000,0.00000,0.00000,0.00000
217.56000,1.02194,1.00000,0.00000,0.00000,0.00000
217.70000,1.02194,1.00000,0.00000,0.00000,0.00000
217.84000,1.02194,1.00000,0.00000,0.00000,0.00000
217.98000,1.02194,1.00000,0.00000,0.00000,0.00000
218.12000,1.02194,1.00000,0.00000,0.00000,0.00000
218.25999,1.02194,1.00000,0.00000,0.00000,0.00000
218.39999,1.02194,1.00000,0.00000,0.00000,0.00000
218.53999,1.02194,1.00000,0.00000,0.00000,0.00000
218.67999,1.02194,1.00000,0.00000,0.00000,0.00000
218.82001,1.02193,1.00000,0.00000,0.00000,0.00000
218.96001,1.02193,1.00000,0.00000,0.00000,0.00000
219.10001,1.02193,1.00000,0.00000,0.00000,0.00000
219.24001,1.02193,1.00000,0.00000,0.00000,0.00000
219.38000,1.02193,1.00000,0.00000,0.00000,0.00000
219.52000,1.02193,1.00000,0.00000,0.00000,0.00000
219.66000,1.02193,1.00000,0.00000,0.00000,0.00000
219.80000,1.02193,1.00000,0.00000,0.00000,0.00000
219.94000,1.02194,1.00000,0.00000,0.00000,0.00000
220.08000,1.02194,1.00000,0.00000,0.00000,0.00000
220.22000,1.02194,1.00000,0.00000,0.00000,0.00000
220.36000,1.02194,1.00000,0.00000,0.00000,0.00000
220.50000,1.02194,1.00000,0.00000,0.00000,0.00000
220.64000,1.02194,1.00000,0.00000,0.00000,0.00000
220.78000,1.02194,1.00000,0.00000,0.00000,0.00000
220.92000,1.02194,1.00000,0.00000,0.00000,0.00000
221.06000,1.02194,1.00000,0.00000,0.00000,0.00000
221.20000,1.02194,1.00000,0.00000,0.00000,0.00000
221.34000,1.02194,1.00000,0.00000,0.00000,0.00000
221.48000,1.02194,1.00000,0.00000,0.00000,0.00000
221.62000,1.02194,1.00000,0.00000,0.00000,0.00000
221.75999,1.02194,1.00000,0.00000,0.00000,0.00000
221.89999,1.02194,1.00000,0.00000,0.00000,0.00000
222.03999,1.02194,1.00000,0.00000,0.00000,0.00000
222.17999,1.02194,1.00000,0.00000,0.00000,0.00000
222.32001,1.02193,1.00000,0.00000,0.00000,0.00000
222.46001,1.02193,1.00000,0.00000,0.00000,0.00000
222.60001,1.02193,1.00000,0.00000,0.00000,0.00000
222.74001,1.02193,1.00000,0.00000,0.00000,0.00000
222.88000,1.02193,1.00000,0.00000,0.00000,0.00000
223.02000,1.02193,1.00000,0.00000,0.00000,0.00000
223.16000,1.02193,1.00000,0.00000,0.00000,0.00000
223.30000,1.02193,1.00000,0.00000,0.00000,0.00000
223.44000,1.02194,1.00000,0.00000,0.00000,0.00000
223.58000,1.02194,1.00000,0.00000,0.00000,0.00000
223.72000,1.02194,1.00000,0.00000,0.00000,0.00000
223.86000,1.02194,1.00000,0.00000,0.00000,0.00000
224.00000,1.02194,1.00000,0.00000,0.00000,0.00000
224.14000,1.02194,1.00000,0.00000,0.00000,0.00000
224.28000,1.02194,1.00000,0.00000,0.00000,0.00000
224.42000,1.02194,1.00000,0.00000,0.00000,0.00000
224.56000,1.02194,1.00000,0.00000,0.00000,0.00000
224.70000,1.02194,1.00000,0.00000,0.00000,0.00000
224.84000,1.02194,1.00000,0.00000,0.00000,0.00000
224.98000,1.02194,1.00000,0.00000,0.00000,0.00000
225.12000,1.02194,1.00000,0.00000,0.00000,0.00000
225.25999,1.02194,1.00000,0.00000,0.00000,0.00000
225.39999,1.02194,1.00000,0.00000,0.00000,0.00000
225.53999,1.02194,1.00000,0.00000,0.00000,0.00000
225.67999,1.02194,1.00000,0.00000,0.00000,0.00000
225.82001,1.02193,1.00000,0.00000,0.00000,0.00000
225.96001,1.02193,1.00000,0.00000,0.00000,0.00000
226.10001,1.02193,1.00000,0.00000,0.00000,0.00000
226.24001,1.02193,1.00000,0.00000,0.00000,0.00000
226.38000,1.02193,1.00000,0.00000,0.00000,0.00000
226.52000,1.02193,1.00000,0.00000,0.00000,0.00000
226.66000,1.02193,1.00000,0.00000,0.00000,0.00000
226.80000,1.02193,1.00000,0.00000,0.00000,0.00000
226.94000,1.02194,1.00000,0.00000,0.00000,0.00000
227.08000,1.02194,1.00000,0.00000,0.00000,0.00000
227.22000,1.02194,1.00000,0.00000,0.00000,0.00000
227.36000,1.02194,1.00000,0.00000,0.00000,0.00000
227.50000,1.02194,1.00000,0.00000,0.00000,0.00000
227.64000,1.02194,1.00000,0.00000,0.00000,0.00000
227.78000,1.02194,1.00000,0.00000,0.00000,0.00000
227.92000,1.02194,1.00000,0.00000,0.00000,0.00000
228.06000,1.02194,1.00000,0.00000,0.00000,0.00000
228.20000,1.02194,1.00000,0.00000,0.00000,0.00000
228.34000,1.02194,1.00000,0.00000,0.00000,0.00000
228.48000,1.02194,1.00000,0.00000,0.00000,0.00000
228.62000,1.02194,1.00000,0.00000,0.00000,0.00000
