Time (seconds), Duration (seconds),pred_(unlabeled),pred_brushing_teeth,pred_hair_drying,pred_showering
0.00000,1.02194,0.37534,0.00461,0.01576,0.60429
0.14000,1.02194,0.08589,0.00125,0.00274,0.91012
0.28000,1.02194,0.07143,0.00091,0.00191,0.92575
0.42000,1.02194,0.09140,0.00492,0.00376,0.89992
0.56000,1.02194,0.09592,0.00462,0.00599,0.89348
0.70000,1.02194,0.08629,0.00342,0.00259,0.90770
0.84000,1.02194,0.09865,0.00916,0.00372,0.88848
0.98000,1.02194,0.10370,0.00852,0.00388,0.88390
1.12000,1.02194,0.11009,0.00726,0.00326,0.87939
1.26000,1.02194,0.12188,0.00543,0.00291,0.86978
1.40000,1.02194,0.13594,0.00918,0.00467,0.85020
1.54000,1.02194,0.12984,0.00615,0.00407,0.85994
1.68000,1.02194,0.16958,0.00679,0.00517,0.81846
1.82000,1.02194,0.21111,0.03835,0.01664,0.73390
1.96000,1.02194,0.17875,0.02137,0.01372,0.78617
2.10000,1.02194,0.16151,0.01154,0.01409,0.81286
2.24000,1.02194,0.17365,0.00491,0.01007,0.81137
2.38000,1.02194,0.16083,0.00651,0.00683,0.82583
2.52000,1.02194,0.11613,0.00371,0.00291,0.87725
2.66000,1.02194,0.14219,0.00706,0.00332,0.84743
2.80000,1.02194,0.11854,0.00407,0.00187,0.87552
2.94000,1.02194,0.09879,0.00466,0.00221,0.89434
3.08000,1.02194,0.10119,0.00314,0.00194,0.89373
3.22000,1.02194,0.09098,0.00905,0.00326,0.89671
3.36000,1.02194,0.08359,0.00391,0.00174,0.91077
3.50000,1.02194,0.09359,0.00404,0.00207,0.90030
3.64000,1.02194,0.10455,0.00740,0.00291,0.88513
3.78000,1.02194,0.10082,0.00539,0.00302,0.89077
3.92000,1.02194,0.10635,0.00707,0.00337,0.88322
4.06000,1.02194,0.13306,0.01831,0.00451,0.84412
4.20000,1.02194,0.11663,0.01042,0.00672,0.86623
4.34000,1.02194,0.09407,0.00625,0.00375,0.89594
4.48000,1.02194,0.09270,0.00418,0.00686,0.89626
4.62000,1.02194,0.07926,0.00209,0.00306,0.91560
4.76000,1.02194,0.09188,0.00337,0.00494,0.89982
4.90000,1.02194,0.07274,0.00253,0.00222,0.92251
5.04000,1.02194,0.06474,0.00208,0.00206,0.93112
5.18000,1.02194,0.07289,0.00436,0.00164,0.92112
5.32000,1.02194,0.11311,0.01616,0.00145,0.86928
5.46000,1.02194,0.11366,0.00589,0.00304,0.87741
5.60000,1.02194,0.12984,0.00953,0.00143,0.85920
5.74000,1.02194,0.10078,0.00524,0.00183,0.89215
5.88000,1.02194,0.09915,0.00545,0.00172,0.89368
6.02000,1.02194,0.13958,0.01923,0.00208,0.83911
6.16000,1.02194,0.11632,0.01207,0.00161,0.87001
6.30000,1.02194,0.11905,0.01575,0.00210,0.86310
6.44000,1.02194,0.11139,0.00770,0.00171,0.87920
6.58000,1.02194,0.15465,0.02356,0.00412,0.81768
6.72000,1.02194,0.19287,0.01433,0.00369,0.78911
6.86000,1.02194,0.22146,0.03301,0.00596,0.73957
7.00000,1.02194,0.14323,0.00773,0.00424,0.84479
7.14000,1.02194,0.16275,0.02458,0.00662,0.80605
7.28000,1.02194,0.12842,0.01005,0.00225,0.85927
7.42000,1.02194,0.12577,0.01964,0.00230,0.85229
7.56000,1.02194,0.10381,0.01483,0.00197,0.87938
7.70000,1.02194,0.12143,0.01236,0.00222,0.86399
7.84000,1.02194,0.09616,0.01266,0.00106,0.89012
7.98000,1.02194,0.11159,0.01942,0.00141,0.86758
8.12000,1.02194,0.08215,0.00610,0.00125,0.91051
8.26000,1.02194,0.07441,0.00231,0.00163,0.92166
8.40000,1.02194,0.07663,0.00434,0.00175,0.91727
8.54000,1.02194,0.06875,0.00195,0.00195,0.92735
8.68000,1.02194,0.06899,0.00279,0.00264,0.92558
8.82000,1.02194,0.06462,0.00135,0.00263,0.93140
8.96000,1.02194,0.08127,0.00601,0.00199,0.91072
9.10000,1.02194,0.07827,0.00532,0.00166,0.91475
9.24000,1.02194,0.06363,0.00330,0.00105,0.93202
9.38000,1.02194,0.06784,0.00315,0.00116,0.92784
9.52000,1.02194,0.06081,0.00387,0.00049,0.93484
9.66000,1.02194,0.06934,0.00261,0.00054,0.92751
9.80000,1.02194,0.09622,0.00761,0.00089,0.89528
9.94000,1.02194,0.06053,0.00160,0.00049,0.93738
10.08000,1.02194,0.06189,0.00156,0.00048,0.93608
10.22000,1.02194,0.07011,0.00362,0.00096,0.92531
10.36000,1.02194,0.04577,0.00080,0.00068,0.95276
10.50000,1.02194,0.07383,0.00393,0.00065,0.92159
10.64000,1.02194,0.06706,0.00291,0.00135,0.92869
10.78000,1.02194,0.07346,0.00448,0.00094,0.92112
10.92000,1.02194,0.04984,0.00164,0.00070,0.94782
11.06000,1.02194,0.03570,0.00023,0.00019,0.96388
11.20000,1.02194,0.04010,0.00051,0.00007,0.95933
11.34000,1.02194,0.04258,0.00018,0.00019,0.95705
11.48000,1.02194,0.05336,0.00049,0.00046,0.94568
11.62000,1.02194,0.04990,0.00017,0.00041,0.94952
11.76000,1.02194,0.03833,0.00004,0.00009,0.96155
11.90000,1.02194,0.05831,0.00105,0.00038,0.94027
12.04000,1.02194,0.03740,0.00020,0.00045,0.96195
12.18000,1.02194,0.09690,0.00204,0.00247,0.89859
12.32000,1.02194,0.18219,0.00434,0.00708,0.80639
12.46000,1.02194,0.23652,0.05282,0.01370,0.69696
12.60000,1.02194,0.21872,0.06339,0.01104,0.70684
12.74000,1.02194,0.22490,0.03285,0.01750,0.72476
12.88000,1.02194,0.29505,0.14315,0.02190,0.53990
13.02000,1.02194,0.22715,0.06401,0.00567,0.70318
13.16000,1.02194,0.17353,0.04506,0.00087,0.78054
13.30000,1.02194,0.13294,0.01672,0.00038,0.84995
13.44000,1.02194,0.08333,0.00391,0.00041,0.91234
13.58000,1.02194,0.08403,0.00226,0.00018,0.91354
13.72000,1.02194,0.06227,0.00172,0.00016,0.93585
13.86000,1.02194,0.05747,0.00024,0.00033,0.94196
14.00000,1.02194,0.04900,0.00046,0.00046,0.95007
14.14000,1.02194,0.03681,0.00004,0.00034,0.96280
14.28000,1.02194,0.04598,0.00018,0.00094,0.95289
14.42000,1.02194,0.04604,0.00014,0.00129,0.95253
14.56000,1.02194,0.04308,0.00006,0.00066,0.95621
14.70000,1.02194,0.04484,0.00013,0.00027,0.95476
14.84000,1.02194,0.05053,0.00031,0.00047,0.94869
14.98000,1.02194,0.06645,0.00048,0.00022,0.93285
15.12000,1.02194,0.04978,0.00011,0.00009,0.95002
15.26000,1.02194,0.05811,0.00099,0.00021,0.94069
15.40000,1.02194,0.07630,0.00125,0.00029,0.92216
15.54000,1.02194,0.05200,0.00049,0.00035,0.94716
15.68000,1.02194,0.06282,0.00093,0.00023,0.93602
15.82000,1.02194,0.07426,0.00311,0.00070,0.92193
15.96000,1.02194,0.11360,0.00792,0.00186,0.87661
16.10000,1.02194,0.12248,0.01089,0.00373,0.86289
16.24000,1.02194,0.11245,0.00920,0.00503,0.87331
16.38000,1.02194,0.11950,0.01116,0.00527,0.86406
16.52000,1.02194,0.10697,0.00566,0.00561,0.88176
16.66000,1.02194,0.08841,0.00433,0.00239,0.90488
16.80000,1.02194,0.08695,0.00390,0.00280,0.90635
16.94000,1.02194,0.07813,0.00267,0.00204,0.91716
17.08000,1.02194,0.08920,0.00454,0.00249,0.90377
17.22000,1.02194,0.07001,0.00182,0.00090,0.92727
17.36000,1.02194,0.08904,0.00578,0.00229,0.90288
17.50000,1.02194,0.07537,0.00166,0.00227,0.92070
17.64000,1.02194,0.07459,0.00334,0.00374,0.91832
17.78000,1.02194,0.06415,0.00103,0.00301,0.93181
17.92000,1.02194,0.09625,0.00337,0.00838,0.89200
18.06000,1.02194,0.10630,0.00186,0.01480,0.87704
18.20000,1.02194,0.11182,0.00295,0.02197,0.86325
18.34000,1.02194,0.16641,0.00200,0.03882,0.79277
18.48000,1.02194,0.16612,0.00692,0.06760,0.75936
18.62000,1.02194,0.16488,0.00864,0.05973,0.76674
18.76000,1.02194,0.16721,0.01355,0.03701,0.78222
18.90000,1.02194,0.11361,0.00494,0.01166,0.86980
19.04000,1.02194,0.10759,0.00431,0.00913,0.87896
19.18000,1.02194,0.06652,0.00228,0.00064,0.93056
19.32000,1.02194,0.06350,0.00223,0.00079,0.93348
19.46000,1.02194,0.06381,0.00106,0.00083,0.93430
19.60000,1.02194,0.06984,0.00170,0.00184,0.92662
19.74000,1.02194,0.09000,0.00261,0.00133,0.90606
19.88000,1.02194,0.16641,0.01309,0.00616,0.81434
20.02000,1.02194,0.15992,0.00759,0.01969,0.81279
20.16000,1.02194,0.19474,0.01489,0.03860,0.75177
20.30000,1.02194,0.19267,0.01114,0.03765,0.75854
20.44000,1.02194,0.19793,0.01929,0.05834,0.72444
20.58000,1.02194,0.17009,0.01188,0.07591,0.74212
20.72000,1.02194,0.15579,0.00916,0.04666,0.78839
20.86000,1.02194,0.13770,0.00729,0.02793,0.82708
21.00000,1.02194,0.12486,0.00505,0.01771,0.85239
21.14000,1.02194,0.09216,0.00321,0.00263,0.90200
21.28000,1.02194,0.09047,0.00308,0.00230,0.90415
21.42000,1.02194,0.08107,0.00340,0.00192,0.91360
21.56000,1.02194,0.07413,0.00134,0.00140,0.92314
21.70000,1.02194,0.08006,0.00217,0.00203,0.91574
21.84000,1.02194,0.11131,0.01258,0.00391,0.87220
21.98000,1.02194,0.10151,0.00667,0.00872,0.88310
22.12000,1.02194,0.09922,0.00392,0.00756,0.88931
22.26000,1.02194,0.09514,0.00479,0.00493,0.89514
22.40000,1.02194,0.10423,0.00908,0.00449,0.88221
22.54000,1.02194,0.08520,0.00421,0.00262,0.90798
22.68000,1.02194,0.07745,0.00257,0.00162,0.91836
22.82000,1.02194,0.06834,0.00301,0.00109,0.92756
22.96000,1.02194,0.05980,0.00205,0.00071,0.93743
23.10000,1.02194,0.05943,0.00177,0.00080,0.93800
23.24000,1.02194,0.05919,0.00152,0.00049,0.93880
23.38000,1.02194,0.06304,0.00288,0.00086,0.93322
23.52000,1.02194,0.06836,0.00160,0.00189,0.92815
23.66000,1.02194,0.08614,0.00347,0.00317,0.90721
23.80000,1.02194,0.09925,0.00270,0.00426,0.89379
23.94000,1.02194,0.12820,0.01365,0.00816,0.84998
24.08000,1.02194,0.08384,0.00410,0.00566,0.90640
24.22000,1.02194,0.09609,0.00850,0.00387,0.89154
24.36000,1.02194,0.10210,0.00645,0.00482,0.88663
24.50000,1.02194,0.09130,0.00467,0.00253,0.90151
24.64000,1.02194,0.08152,0.00329,0.00164,0.91355
24.78000,1.02194,0.07895,0.00240,0.00186,0.91679
24.92000,1.02194,0.09668,0.00759,0.00306,0.89267
25.06000,1.02194,0.06771,0.00181,0.00234,0.92814
25.20000,1.02194,0.07073,0.00161,0.00462,0.92304
25.34000,1.02194,0.08083,0.00115,0.00438,0.91365
25.48000,1.02194,0.07984,0.00064,0.00343,0.91608
25.62000,1.02194,0.09997,0.00080,0.00089,0.89834
25.76000,1.02194,0.09948,0.00133,0.00054,0.89865
25.90000,1.02194,0.13153,0.00316,0.00045,0.86486
26.04000,1.02194,0.12622,0.00677,0.00065,0.86636
26.18000,1.02194,0.24099,0.00564,0.00071,0.75266
26.32000,1.02194,0.17329,0.04605,0.00326,0.77739
26.46000,1.02194,0.17105,0.02862,0.00675,0.79358
26.60000,1.02194,0.16634,0.02750,0.00844,0.79772
26.74000,1.02194,0.15397,0.03312,0.00377,0.80914
26.88000,1.02194,0.14194,0.00845,0.00443,0.84518
27.02000,1.02194,0.10774,0.00319,0.00127,0.88780
27.16000,1.02194,0.10989,0.00147,0.00162,0.88702
27.30000,1.02194,0.08516,0.00100,0.00048,0.91336
27.44000,1.02194,0.07639,0.00262,0.00039,0.92060
27.58000,1.02194,0.04001,0.00030,0.00020,0.95949
27.72000,1.02194,0.04122,0.00034,0.00035,0.95809
27.86000,1.02194,0.03668,0.00010,0.00013,0.96309
28.00000,1.02194,0.04258,0.00049,0.00018,0.95675
28.14000,1.02194,0.03947,0.00014,0.00007,0.96032
28.28000,1.02194,0.04222,0.00025,0.00006,0.95747
28.42000,1.02194,0.03112,0.00008,0.00002,0.96878
28.56000,1.02194,0.04998,0.00026,0.00007,0.94969
28.70000,1.02194,0.06455,0.00026,0.00007,0.93513
28.84000,1.02194,0.03052,0.00017,0.00003,0.96927
28.98000,1.02194,0.04223,0.00018,0.00003,0.95757
29.12000,1.02194,0.03728,0.00021,0.00013,0.96239
29.26000,1.02194,0.04452,0.00038,0.00021,0.95489
29.40000,1.02194,0.07160,0.00336,0.00028,0.92476
29.54000,1.02194,0.06190,0.00072,0.00056,0.93683
29.68000,1.02194,0.06798,0.00189,0.00097,0.92916
29.82000,1.02194,0.08001,0.00193,0.00221,0.91586
29.96000,1.02194,0.06806,0.00154,0.00092,0.92948
30.10000,1.02194,0.08012,0.00386,0.00150,0.91452
30.24000,1.02194,0.06644,0.00158,0.00194,0.93004
30.38000,1.02194,0.06186,0.00323,0.00144,0.93348
30.52000,1.02194,0.04733,0.00133,0.00038,0.95096
30.66000,1.02194,0.05345,0.00217,0.00022,0.94416
30.80000,1.02194,0.06384,0.00190,0.00028,0.93399
30.94000,1.02194,0.04701,0.00045,0.00015,0.95239
31.08000,1.02194,0.06100,0.00051,0.00011,0.93838
31.22000,1.02194,0.06895,0.00071,0.00019,0.93015
31.36000,1.02194,0.06968,0.00097,0.00015,0.92920
31.50000,1.02194,0.05689,0.00030,0.00014,0.94266
31.64000,1.02194,0.02984,0.00042,0.00004,0.96970
31.78000,1.02194,0.04276,0.00007,0.00007,0.95710
31.92000,1.02194,0.07243,0.00040,0.00007,0.92710
32.06000,1.02193,0.04977,0.00050,0.00002,0.94971
32.20000,1.02194,0.07733,0.00023,0.00002,0.92242
32.34000,1.02194,0.08030,0.00019,0.00001,0.91950
32.48000,1.02194,0.51419,0.00008,0.00003,0.48570
32.62000,1.02194,0.86518,0.00082,0.00000,0.13400
32.76000,1.02194,0.88613,0.00008,0.00002,0.11377
32.90000,1.02193,0.93137,0.00000,0.00003,0.06860
33.04000,1.02194,0.89608,0.00006,0.00004,0.10382
33.18000,1.02194,0.76882,0.00009,0.00006,0.23102
33.32000,1.02194,0.09889,0.00183,0.00050,0.89878
33.46000,1.02194,0.08013,0.00024,0.00035,0.91928
33.60000,1.02194,0.08054,0.00009,0.00032,0.91905
33.74000,1.02193,0.07371,0.00045,0.00025,0.92559
33.88000,1.02194,0.05166,0.00031,0.00023,0.94781
34.02000,1.02194,0.05158,0.00019,0.00018,0.94805
34.16000,1.02194,0.07846,0.00011,0.00009,0.92134
34.30000,1.02194,0.05518,0.00045,0.00027,0.94409
34.44000,1.02194,0.09154,0.00198,0.00103,0.90546
34.58000,1.02193,0.06704,0.00100,0.00212,0.92984
34.72000,1.02193,0.07517,0.00068,0.00191,0.92225
34.86000,1.02194,0.05999,0.00041,0.00261,0.93698
35.00000,1.02194,0.09275,0.00027,0.00547,0.90151
35.14000,1.02194,0.10014,0.00118,0.01379,0.88490
35.28000,1.02194,0.07019,0.00051,0.00607,0.92323
35.42000,1.02194,0.06113,0.00032,0.00666,0.93190
35.56000,1.02193,0.05219,0.00016,0.00377,0.94389
35.70000,1.02194,0.06006,0.00050,0.00256,0.93688
35.84000,1.02194,0.06382,0.00084,0.00249,0.93285
35.98000,1.02194,0.05046,0.00041,0.00180,0.94733
36.12000,1.02194,0.05571,0.00041,0.00135,0.94254
36.26000,1.02194,0.06051,0.00057,0.00120,0.93772
36.40000,1.02193,0.05068,0.00018,0.00058,0.94855
36.54000,1.02194,0.06624,0.00065,0.00186,0.93124
36.68000,1.02194,0.07049,0.00046,0.00424,0.92481
36.82000,1.02194,0.05675,0.00044,0.00128,0.94153
36.96000,1.02194,0.06432,0.00020,0.00124,0.93423
37.10000,1.02194,0.06289,0.00043,0.00390,0.93278
37.24000,1.02193,0.07341,0.00047,0.00253,0.92359
37.38000,1.02194,0.06604,0.00069,0.00078,0.93249
37.52000,1.02194,0.25800,0.00167,0.00286,0.73747
37.66000,1.02194,0.21158,0.00135,0.00993,0.77715
37.80000,1.02194,0.79926,0.00010,0.00688,0.19376
37.94000,1.02194,0.91480,0.00042,0.01055,0.07423
38.08000,1.02193,0.90060,0.00014,0.01215,0.08712
38.22000,1.02193,0.78264,0.00008,0.03061,0.18667
38.36000,1.02194,0.78731,0.00009,0.03584,0.17675
38.50000,1.02194,0.70004,0.00019,0.00857,0.29120
38.64000,1.02194,0.15681,0.00993,0.06531,0.76796
38.78000,1.02194,0.14533,0.00662,0.03778,0.81026
38.92000,1.02194,0.13167,0.00465,0.01131,0.85237
39.06000,1.02193,0.11630,0.00786,0.00470,0.87113
39.20000,1.02194,0.10725,0.00639,0.00304,0.88332
39.34000,1.02194,0.08852,0.00203,0.00218,0.90727
39.48000,1.02194,0.08472,0.00252,0.00081,0.91194
39.62000,1.02194,0.05368,0.00095,0.00046,0.94491
39.76000,1.02194,0.05329,0.00051,0.00070,0.94550
39.90000,1.02193,0.06437,0.00102,0.00362,0.93100
40.04000,1.02194,0.06935,0.00079,0.00464,0.92521
40.18000,1.02194,0.09153,0.00327,0.01093,0.89427
40.32000,1.02194,0.09549,0.00292,0.03720,0.86440
40.46000,1.02194,0.13495,0.00689,0.15155,0.70661
40.60000,1.02194,0.12242,0.00395,0.11728,0.75635
40.74000,1.02193,0.10596,0.00232,0.05160,0.84012
40.88000,1.02194,0.09084,0.00137,0.03513,0.87266
41.02000,1.02194,0.08626,0.00115,0.02615,0.88645
41.16000,1.02194,0.07441,0.00070,0.01385,0.91104
41.30000,1.02194,0.08053,0.00103,0.01641,0.90204
41.44000,1.02194,0.06033,0.00061,0.01068,0.92839
41.58000,1.02193,0.05628,0.00042,0.00597,0.93733
41.72000,1.02193,0.05539,0.00033,0.00504,0.93925
41.86000,1.02194,0.06626,0.00103,0.00904,0.92367
42.00000,1.02194,0.06132,0.00055,0.00579,0.93233
42.14000,1.02194,0.05865,0.00043,0.00423,0.93669
42.28000,1.02194,0.05601,0.00054,0.00323,0.94021
42.42000,1.02194,0.05409,0.00033,0.00116,0.94443
42.56000,1.02193,0.06138,0.00016,0.00108,0.93738
42.70000,1.02194,0.07512,0.00070,0.00120,0.92299
42.84000,1.02194,0.05566,0.00016,0.00037,0.94381
42.98000,1.02194,0.06544,0.00033,0.00047,0.93376
43.12000,1.02194,0.07226,0.00013,0.00024,0.92737
43.26000,1.02194,0.04567,0.00029,0.00038,0.95366
43.40000,1.02193,0.05451,0.00005,0.00056,0.94488
43.54000,1.02194,0.04749,0.00030,0.00147,0.95074
43.68000,1.02194,0.05455,0.00006,0.00062,0.94478
43.82000,1.02194,0.06154,0.00064,0.00022,0.93761
43.96000,1.02194,0.06262,0.00019,0.00037,0.93682
44.10000,1.02194,0.05327,0.00057,0.00048,0.94568
44.24000,1.02193,0.06352,0.00070,0.00057,0.93521
44.38000,1.02194,0.05765,0.00064,0.00057,0.94114
44.52000,1.02194,0.10518,0.00664,0.00233,0.88585
44.66000,1.02194,0.06801,0.00117,0.00672,0.92409
44.80000,1.02194,0.06161,0.00037,0.01205,0.92597
44.94000,1.02194,0.05739,0.00018,0.00790,0.93453
45.08000,1.02193,0.06874,0.00022,0.01505,0.91599
45.22000,1.02193,0.06480,0.00021,0.01723,0.91776
45.36000,1.02194,0.06668,0.00015,0.01635,0.91681
45.50000,1.02194,0.07798,0.00019,0.02001,0.90182
45.64000,1.02194,0.06030,0.00010,0.00846,0.93115
45.78000,1.02194,0.07570,0.00016,0.00984,0.91431
45.92000,1.02194,0.08860,0.00071,0.02108,0.88962
46.06000,1.02193,0.13105,0.00057,0.01959,0.84879
46.20000,1.02194,0.10248,0.00122,0.01339,0.88292
46.34000,1.02194,0.06652,0.00064,0.00392,0.92893
46.48000,1.02194,0.07370,0.00129,0.00528,0.91973
46.62000,1.02194,0.06724,0.00051,0.00287,0.92938
46.76000,1.02194,0.05892,0.00048,0.00295,0.93764
46.90000,1.02193,0.06902,0.00154,0.00523,0.92422
47.04000,1.02194,0.07511,0.00144,0.00655,0.91690
47.18000,1.02194,0.07301,0.00121,0.00987,0.91592
47.32000,1.02194,0.06138,0.00080,0.00423,0.93359
47.46000,1.02194,0.06571,0.00069,0.00329,0.93031
47.60000,1.02194,0.15030,0.00115,0.00753,0.84102
47.74000,1.02193,0.13510,0.00041,0.00105,0.86344
47.88000,1.02194,0.15485,0.00072,0.00049,0.84394
48.02000,1.02194,0.15276,0.00173,0.00029,0.84522
48.16000,1.02194,0.13164,0.00096,0.00027,0.86713
48.30000,1.02194,0.15582,0.00019,0.00005,0.84393
48.44000,1.02194,0.11586,0.00022,0.00002,0.88390
48.58000,1.02193,0.06152,0.00041,0.00002,0.93805
48.72000,1.02193,0.03853,0.00012,0.00007,0.96128
48.86000,1.02194,0.04355,0.00024,0.00014,0.95607
49.00000,1.02194,0.06564,0.00093,0.00082,0.93260
49.14000,1.02194,0.08459,0.00013,0.00042,0.91486
49.28000,1.02194,0.06944,0.00113,0.00067,0.92875
49.42000,1.02194,0.04504,0.00008,0.00095,0.95393
49.56000,1.02193,0.05030,0.00009,0.00061,0.94900
49.70000,1.02194,0.04006,0.00004,0.00033,0.95957
49.84000,1.02194,0.06647,0.00031,0.00064,0.93258
49.98000,1.02194,0.08096,0.00004,0.00017,0.91883
50.12000,1.02194,0.05604,0.00023,0.00044,0.94329
50.26000,1.02194,0.05470,0.00036,0.00062,0.94432
50.40000,1.02193,0.07778,0.00080,0.00145,0.91997
50.54000,1.02194,0.06057,0.00018,0.00117,0.93808
50.68000,1.02194,0.05702,0.00040,0.00106,0.94152
50.82000,1.02194,0.07448,0.00015,0.00201,0.92336
50.96000,1.02194,0.04937,0.00025,0.00198,0.94840
51.10000,1.02194,0.05437,0.00034,0.00213,0.94316
51.24000,1.02193,0.07121,0.00050,0.00246,0.92583
51.38000,1.02194,0.10537,0.00018,0.00386,0.89059
51.52000,1.02194,0.06580,0.00040,0.00900,0.92481
51.66000,1.02194,0.09156,0.00091,0.01973,0.88780
51.80000,1.02194,0.11116,0.00073,0.05779,0.83033
51.94000,1.02194,0.13272,0.00142,0.10789,0.75797
52.08000,1.02193,0.15871,0.00340,0.26090,0.57699
52.22000,1.02193,0.16471,0.00186,0.15838,0.67505
52.36000,1.02194,0.20763,0.00291,0.25052,0.53894
52.50000,1.02194,0.16819,0.00487,0.34416,0.48278
52.64000,1.02194,0.13442,0.00304,0.21316,0.64938
52.78000,1.02194,0.16385,0.00357,0.17200,0.66059
52.92000,1.02194,0.13848,0.00469,0.07808,0.77876
53.06000,1.02193,0.14584,0.00902,0.02788,0.81726
53.20000,1.02194,0.14741,0.00513,0.01105,0.83641
53.34000,1.02194,0.10494,0.00467,0.00130,0.88908
53.48000,1.02194,0.06310,0.00166,0.00026,0.93498
53.62000,1.02194,0.06282,0.00204,0.00022,0.93492
53.76000,1.02194,0.07529,0.00336,0.00019,0.92116
53.90000,1.02193,0.03952,0.00081,0.00010,0.95957
54.04000,1.02194,0.07517,0.00267,0.00079,0.92137
54.18000,1.02194,0.05677,0.00145,0.00043,0.94135
54.32000,1.02194,0.06029,0.00140,0.00109,0.93723
54.46000,1.02194,0.05775,0.00064,0.00069,0.94092
54.60000,1.02194,0.06942,0.00257,0.00350,0.92452
54.74000,1.02193,0.05716,0.00064,0.00339,0.93880
54.88000,1.02194,0.04798,0.00051,0.00144,0.95007
55.02000,1.02194,0.04572,0.00033,0.00191,0.95204
55.16000,1.02194,0.03424,0.00013,0.00047,0.96516
55.30000,1.02194,0.04163,0.00036,0.00057,0.95744
55.44000,1.02194,0.03343,0.00012,0.00016,0.96628
55.58000,1.02193,0.04230,0.00050,0.00031,0.95690
55.72000,1.02193,0.02904,0.00008,0.00018,0.97070
55.86000,1.02194,0.03036,0.00030,0.00010,0.96924
56.00000,1.02194,0.04569,0.00092,0.00023,0.95316
56.14000,1.02194,0.03984,0.00073,0.00027,0.95916
56.28000,1.02194,0.04660,0.00020,0.00053,0.95267
56.42000,1.02194,0.04751,0.00039,0.00077,0.95133
56.56000,1.02193,0.03572,0.00012,0.00041,0.96376
56.70000,1.02194,0.06634,0.00055,0.00109,0.93203
56.84000,1.02194,0.04097,0.00014,0.00021,0.95868
56.98000,1.02194,0.04367,0.00043,0.00029,0.95561
57.12000,1.02194,0.04610,0.00044,0.00009,0.95337
57.26000,1.02194,0.02962,0.00066,0.00006,0.96966
57.40000,1.02193,0.04742,0.00122,0.00011,0.95126
57.54000,1.02194,0.05089,0.00149,0.00017,0.94745
57.68000,1.02194,0.05659,0.00039,0.00008,0.94294
57.82000,1.02194,0.06691,0.00328,0.00013,0.92967
57.96000,1.02194,0.05454,0.00184,0.00025,0.94336
58.10000,1.02194,0.07767,0.00322,0.00079,0.91832
58.24000,1.02193,0.06691,0.00067,0.00112,0.93130
58.38000,1.02194,0.06294,0.00159,0.00202,0.93345
58.52000,1.02194,0.06566,0.00162,0.00447,0.92826
58.66000,1.02194,0.06299,0.00117,0.00817,0.92768
58.80000,1.02194,0.05313,0.00049,0.00496,0.94142
58.94000,1.02194,0.04876,0.00024,0.00402,0.94698
59.08000,1.02193,0.06263,0.00084,0.00462,0.93191
59.22000,1.02193,0.06055,0.00057,0.00324,0.93564
59.36000,1.02194,0.05627,0.00026,0.00136,0.94210
59.50000,1.02194,0.08026,0.00034,0.00202,0.91738
59.64000,1.02194,0.11468,0.00045,0.00052,0.88435
59.78000,1.02194,0.12802,0.00316,0.00032,0.86850
59.92000,1.02194,0.09211,0.00107,0.00023,0.90659
60.06000,1.02193,0.14607,0.00440,0.00033,0.84920
60.20000,1.02194,0.11487,0.00103,0.00013,0.88396
60.34000,1.02194,0.13554,0.00625,0.00017,0.85805
60.48000,1.02194,0.06749,0.00224,0.00008,0.93018
60.62000,1.02194,0.03789,0.00050,0.00005,0.96157
60.76000,1.02194,0.05359,0.00054,0.00007,0.94580
60.90000,1.02193,0.06063,0.00007,0.00001,0.93928
61.04000,1.02194,0.04789,0.00030,0.00003,0.95178
61.18000,1.02194,0.04021,0.00005,0.00004,0.95970
61.32000,1.02194,0.06683,0.00030,0.00011,0.93276
61.46000,1.02194,0.04390,0.00007,0.00007,0.95596
61.60000,1.02194,0.03903,0.00023,0.00014,0.96060
61.74000,1.02193,0.05211,0.00073,0.00018,0.94698
61.88000,1.02194,0.04255,0.00028,0.00012,0.95706
62.02000,1.02194,0.07255,0.00066,0.00015,0.92664
62.16000,1.02194,0.06054,0.00080,0.00012,0.93854
62.30000,1.02194,0.05300,0.00091,0.00010,0.94599
62.44000,1.02194,0.06743,0.00078,0.00013,0.93166
62.58000,1.02193,0.05667,0.00034,0.00004,0.94295
62.72000,1.02193,0.08854,0.00007,0.00007,0.91132
62.86000,1.02194,0.05789,0.00029,0.00006,0.94176
63.00000,1.02193,0.05037,0.00016,0.00005,0.94943
63.14000,1.02193,0.04560,0.00010,0.00003,0.95426
63.28000,1.02194,0.05306,0.00028,0.00005,0.94662
63.42000,1.02194,0.03003,0.00008,0.00002,0.96987
63.56000,1.02194,0.04189,0.00003,0.00002,0.95806
63.70000,1.02194,0.03878,0.00012,0.00004,0.96106
63.84000,1.02194,0.02624,0.00001,0.00004,0.97370
63.98000,1.02194,0.02662,0.00003,0.00011,0.97323
64.12000,1.02193,0.05470,0.00082,0.00028,0.94420
64.26000,1.02193,0.04561,0.00015,0.00032,0.95393
64.40000,1.02193,0.03981,0.00026,0.00045,0.95948
64.54000,1.02193,0.04054,0.00055,0.00050,0.95840
64.68000,1.02193,0.03100,0.00013,0.00008,0.96879
64.82000,1.02193,0.03204,0.00009,0.00007,0.96779
64.96000,1.02194,0.03090,0.00019,0.00008,0.96884
65.10000,1.02194,0.04035,0.00032,0.00005,0.95928
65.24000,1.02194,0.03553,0.00011,0.00002,0.96433
65.38000,1.02194,0.04281,0.00032,0.00004,0.95683
65.52000,1.02194,0.06024,0.00105,0.00009,0.93861
65.66000,1.02193,0.09425,0.00194,0.00018,0.90362
65.80000,1.02193,0.09943,0.00517,0.00057,0.89482
65.94000,1.02193,0.04436,0.00051,0.00025,0.95487
66.08000,1.02193,0.06124,0.00153,0.00144,0.93579
66.22000,1.02193,0.06166,0.00191,0.00073,0.93570
66.36000,1.02193,0.05378,0.00071,0.00131,0.94420
66.50000,1.02193,0.06662,0.00081,0.00139,0.93117
66.64000,1.02193,0.06566,0.00117,0.00049,0.93267
66.78000,1.02194,0.06367,0.00089,0.00057,0.93487
66.92000,1.02194,0.08753,0.00375,0.00029,0.90843
67.06000,1.02194,0.06785,0.00286,0.00030,0.92899
67.20000,1.02194,0.05359,0.00053,0.00019,0.94570
67.34000,1.02194,0.05693,0.00181,0.00021,0.94105
67.48000,1.02193,0.05818,0.00073,0.00017,0.94091
67.62000,1.02193,0.05838,0.00185,0.00022,0.93955
67.76000,1.02193,0.07482,0.00346,0.00028,0.92143
67.90000,1.02193,0.04979,0.00080,0.00015,0.94927
68.04000,1.02193,0.09872,0.00028,0.00019,0.90081
68.18000,1.02193,0.12319,0.00087,0.00009,0.87585
68.32000,1.02193,0.08518,0.00024,0.00007,0.91451
68.46000,1.02194,0.12933,0.00045,0.00025,0.86997
68.60000,1.02194,0.06794,0.00016,0.00009,0.93182
68.74000,1.02194,0.04316,0.00002,0.00007,0.95675
68.88000,1.02194,0.03481,0.00021,0.00005,0.96493
69.02000,1.02194,0.03103,0.00015,0.00005,0.96878
69.16000,1.02193,0.02482,0.00005,0.00003,0.97509
69.30000,1.02193,0.03309,0.00011,0.00004,0.96676
69.44000,1.02193,0.02722,0.00008,0.00007,0.97264
69.58000,1.02193,0.03053,0.00011,0.00020,0.96916
69.72000,1.02193,0.03182,0.00004,0.00003,0.96811
69.86000,1.02193,0.03509,0.00005,0.00006,0.96481
70.00000,1.02193,0.03820,0.00007,0.00003,0.96170
70.14000,1.02193,0.03156,0.00019,0.00005,0.96821
70.28000,1.02194,0.04096,0.00042,0.00006,0.95857
70.42000,1.02194,0.07730,0.00347,0.00027,0.91897
70.56000,1.02194,0.08815,0.00082,0.00021,0.91081
70.70000,1.02194,0.07281,0.00867,0.00042,0.91809
70.84000,1.02194,0.07289,0.00608,0.00064,0.92039
70.98000,1.02193,0.08783,0.00538,0.00184,0.90495
71.12000,1.02193,0.10069,0.01131,0.00325,0.88475
71.26000,1.02193,0.09156,0.00854,0.00380,0.89610
71.40000,1.02193,0.07235,0.00394,0.00367,0.92004
71.54000,1.02193,0.06660,0.00204,0.00256,0.92880
71.68000,1.02193,0.07193,0.00268,0.00303,0.92235
71.82000,1.02193,0.06152,0.00169,0.00260,0.93419
71.96000,1.02194,0.05868,0.00118,0.00066,0.93948
72.10000,1.02194,0.06695,0.00174,0.00149,0.92983
72.24000,1.02194,0.06977,0.00154,0.00177,0.92691
72.38000,1.02194,0.06437,0.00086,0.00211,0.93267
72.52000,1.02194,0.05346,0.00043,0.00076,0.94535
72.66000,1.02193,0.04182,0.00097,0.00017,0.95704
72.80000,1.02193,0.03989,0.00018,0.00028,0.95965
72.94000,1.02193,0.05108,0.00068,0.00034,0.94790
73.08000,1.02193,0.04575,0.00018,0.00008,0.95399
73.22000,1.02193,0.06814,0.00008,0.00005,0.93174
73.36000,1.02193,0.10968,0.00039,0.00008,0.88985
73.50000,1.02193,0.06100,0.00035,0.00004,0.93860
73.64000,1.02193,0.07899,0.00040,0.00003,0.92058
73.78000,1.02194,0.10934,0.00200,0.00014,0.88852
73.92000,1.02194,0.06836,0.00116,0.00017,0.93031
74.06000,1.02194,0.06934,0.00243,0.00024,0.92798
74.20000,1.02194,0.07526,0.00427,0.00053,0.91994
74.34000,1.02194,0.05948,0.00244,0.00049,0.93759
74.48000,1.02193,0.05923,0.00211,0.00097,0.93768
74.62000,1.02193,0.07115,0.00143,0.00097,0.92646
74.76000,1.02193,0.08369,0.00375,0.00333,0.90923
74.90000,1.02193,0.08775,0.00205,0.00688,0.90332
75.04000,1.02193,0.08730,0.00342,0.00386,0.90541
75.18000,1.02193,0.07805,0.00120,0.00470,0.91605
75.32000,1.02193,0.07445,0.00140,0.00298,0.92117
75.46000,1.02194,0.04773,0.00037,0.00140,0.95050
75.60000,1.02194,0.03843,0.00025,0.00024,0.96108
75.74000,1.02194,0.04661,0.00067,0.00024,0.95248
75.88000,1.02194,0.03733,0.00049,0.00010,0.96207
76.02000,1.02194,0.04160,0.00024,0.00007,0.95809
76.16000,1.02193,0.03013,0.00014,0.00003,0.96970
76.30000,1.02193,0.04867,0.00056,0.00004,0.95073
76.44000,1.02193,0.05082,0.00013,0.00007,0.94898
76.58000,1.02193,0.05150,0.00062,0.00018,0.94770
76.72000,1.02193,0.04325,0.00039,0.00013,0.95624
76.86000,1.02193,0.05798,0.00115,0.00022,0.94065
77.00000,1.02193,0.10045,0.00649,0.00160,0.89145
77.14000,1.02193,0.07954,0.00155,0.00349,0.91543
77.28000,1.02194,0.07451,0.00133,0.00315,0.92101
77.42000,1.02194,0.08193,0.00216,0.00480,0.91112
77.56000,1.02194,0.06070,0.00082,0.00372,0.93476
77.70000,1.02194,0.06200,0.00077,0.00360,0.93362
77.84000,1.02194,0.05397,0.00047,0.00207,0.94349
77.98000,1.02193,0.04942,0.00035,0.00051,0.94972
78.12000,1.02193,0.04690,0.00022,0.00032,0.95257
78.26000,1.02193,0.06085,0.00068,0.00044,0.93803
78.40000,1.02193,0.04806,0.00045,0.00061,0.95088
78.54000,1.02193,0.04549,0.00025,0.00037,0.95389
78.68000,1.02193,0.04875,0.00125,0.00040,0.94960
78.82000,1.02193,0.07664,0.00251,0.00225,0.91859
78.96000,1.02194,0.06152,0.00114,0.00473,0.93261
79.10000,1.02194,0.05221,0.00049,0.00103,0.94627
79.24000,1.02194,0.05686,0.00079,0.00095,0.94141
79.38000,1.02194,0.04975,0.00040,0.00072,0.94914
79.52000,1.02194,0.04293,0.00016,0.00031,0.95661
79.66000,1.02193,0.04492,0.00042,0.00019,0.95446
79.80000,1.02193,0.07442,0.00668,0.00018,0.91872
79.94000,1.02193,0.06526,0.00525,0.00030,0.92919
80.08000,1.02193,0.07472,0.01509,0.00012,0.91008
80.22000,1.02193,0.05145,0.00324,0.00005,0.94526
80.36000,1.02193,0.08846,0.00469,0.00031,0.90654
80.50000,1.02193,0.05878,0.00274,0.00005,0.93843
80.64000,1.02193,0.06031,0.00120,0.00004,0.93844
80.78000,1.02194,0.05528,0.00089,0.00006,0.94377
80.92000,1.02194,0.02653,0.00014,0.00001,0.97332
81.06000,1.02194,0.02103,0.00013,0.00001,0.97883
81.20000,1.02194,0.03288,0.00067,0.00001,0.96644
81.34000,1.02194,0.03201,0.00026,0.00004,0.96769
81.48000,1.02193,0.03090,0.00009,0.00004,0.96898
81.62000,1.02193,0.05523,0.00069,0.00039,0.94369
81.76000,1.02193,0.06950,0.00027,0.00073,0.92950
81.90000,1.02193,0.06851,0.00214,0.00179,0.92756
82.04000,1.02193,0.04097,0.00045,0.00091,0.95768
82.18000,1.02193,0.05257,0.00108,0.00052,0.94583
82.32000,1.02193,0.06184,0.00020,0.00091,0.93704
82.46000,1.02194,0.06818,0.00051,0.00100,0.93031
82.60000,1.02194,0.06235,0.00024,0.00036,0.93705
82.74000,1.02194,0.03353,0.00015,0.00009,0.96623
82.88000,1.02194,0.04832,0.00038,0.00019,0.95111
83.02000,1.02194,0.03178,0.00007,0.00009,0.96806
83.16000,1.02193,0.04575,0.00082,0.00029,0.95315
83.30000,1.02193,0.03303,0.00030,0.00020,0.96646
83.44000,1.02193,0.04072,0.00075,0.00031,0.95821
83.58000,1.02193,0.04524,0.00047,0.00057,0.95372
83.72000,1.02193,0.03866,0.00058,0.00023,0.96053
83.86000,1.02193,0.06875,0.00486,0.00070,0.92569
84.00000,1.02193,0.04800,0.00168,0.00017,0.95015
84.14000,1.02193,0.04833,0.00130,0.00017,0.95021
84.28000,1.02194,0.03622,0.00038,0.00006,0.96334
84.42000,1.02194,0.05589,0.00133,0.00002,0.94276
84.56000,1.02194,0.06953,0.00072,0.00009,0.92965
84.70000,1.02194,0.09152,0.00085,0.00008,0.90755
84.84000,1.02194,0.06344,0.00005,0.00003,0.93649
84.98000,1.02193,0.04707,0.00007,0.00005,0.95281
85.12000,1.02193,0.07505,0.00147,0.00011,0.92338
85.26000,1.02193,0.03640,0.00029,0.00008,0.96323
85.40000,1.02193,0.07271,0.00300,0.00018,0.92411
85.54000,1.02193,0.04398,0.00059,0.00024,0.95518
85.68000,1.02193,0.05226,0.00119,0.00054,0.94601
85.82000,1.02193,0.07380,0.00080,0.00135,0.92404
85.96000,1.02194,0.07331,0.00196,0.00286,0.92187
86.10000,1.02194,0.09229,0.00395,0.00741,0.89635
86.24000,1.02194,0.07390,0.00127,0.01552,0.90931
86.38000,1.02194,0.06296,0.00065,0.00776,0.92863
86.52000,1.02194,0.06582,0.00084,0.00965,0.92369
86.66000,1.02193,0.06505,0.00076,0.00982,0.92438
86.80000,1.02193,0.05743,0.00059,0.00337,0.93861
86.94000,1.02193,0.04616,0.00034,0.00163,0.95187
87.08000,1.02193,0.07633,0.00117,0.00056,0.92195
87.22000,1.02193,0.04909,0.00056,0.00043,0.94991
87.36000,1.02193,0.07857,0.00236,0.00015,0.91892
87.50000,1.02193,0.12461,0.00121,0.00015,0.87403
87.64000,1.02193,0.10182,0.00105,0.00015,0.89699
87.78000,1.02194,0.09724,0.00995,0.00005,0.89276
87.92000,1.02194,0.08127,0.00575,0.00021,0.91277
88.06000,1.02194,0.13662,0.01637,0.00067,0.84634
88.20000,1.02194,0.06386,0.00126,0.00041,0.93447
88.34000,1.02194,0.04879,0.00060,0.00020,0.95041
88.48000,1.02193,0.09759,0.00424,0.00096,0.89722
88.62000,1.02193,0.07701,0.00201,0.00262,0.91836
88.76000,1.02193,0.04541,0.00031,0.00048,0.95380
88.90000,1.02193,0.04025,0.00013,0.00039,0.95923
89.04000,1.02193,0.07371,0.00197,0.00115,0.92317
89.18000,1.02193,0.05538,0.00022,0.00079,0.94361
89.32000,1.02193,0.06055,0.00056,0.00128,0.93760
89.46000,1.02194,0.08943,0.00043,0.00056,0.90957
89.60000,1.02194,0.05575,0.00185,0.00068,0.94172
89.74000,1.02194,0.07908,0.00350,0.00255,0.91486
89.88000,1.02194,0.07389,0.00280,0.00391,0.91939
90.02000,1.02194,0.07916,0.00333,0.00382,0.91370
90.16000,1.02193,0.09594,0.00415,0.00485,0.89507
90.30000,1.02193,0.06757,0.00136,0.00227,0.92881
90.44000,1.02193,0.07140,0.00121,0.00646,0.92093
90.58000,1.02193,0.08826,0.00131,0.00177,0.90866
90.72000,1.02193,0.08875,0.00175,0.00240,0.90710
90.86000,1.02193,0.08323,0.00107,0.00205,0.91365
91.00000,1.02193,0.06165,0.00082,0.00068,0.93686
91.14000,1.02193,0.08391,0.00164,0.00128,0.91316
91.28000,1.02194,0.09412,0.00377,0.00108,0.90102
91.42000,1.02194,0.06710,0.00101,0.00256,0.92933
91.56000,1.02194,0.05320,0.00042,0.00290,0.94348
91.70000,1.02194,0.05912,0.00145,0.00276,0.93667
91.84000,1.02194,0.04529,0.00048,0.00119,0.95305
91.98000,1.02193,0.04670,0.00054,0.00160,0.95116
92.12000,1.02193,0.05958,0.00084,0.00130,0.93828
92.26000,1.02193,0.05902,0.00083,0.00124,0.93891
92.40000,1.02193,0.06170,0.00124,0.00047,0.93659
92.54000,1.02193,0.08628,0.00588,0.00029,0.90756
92.68000,1.02193,0.06782,0.00515,0.00019,0.92683
92.82000,1.02193,0.06624,0.00145,0.00009,0.93222
92.96000,1.02194,0.07146,0.00376,0.00005,0.92473
93.10000,1.02194,0.08510,0.00218,0.00007,0.91265
93.24000,1.02194,0.08856,0.00290,0.00016,0.90838
93.38000,1.02194,0.11142,0.00682,0.00047,0.88129
93.52000,1.02194,0.11109,0.00329,0.00102,0.88459
93.66000,1.02193,0.15050,0.02186,0.00374,0.82391
93.80000,1.02193,0.12197,0.01045,0.00353,0.86405
93.94000,1.02193,0.11298,0.00527,0.00293,0.87882
94.08000,1.02193,0.11591,0.00414,0.00209,0.87786
94.22000,1.02193,0.11821,0.00227,0.00146,0.87806
94.36000,1.02193,0.10176,0.00394,0.00247,0.89184
94.50000,1.02193,0.13400,0.00436,0.00285,0.85878
94.64000,1.02193,0.14374,0.01245,0.00941,0.83441
94.78000,1.02194,0.10672,0.00857,0.00340,0.88131
94.92000,1.02194,0.05222,0.00042,0.00128,0.94608
95.06000,1.02194,0.05255,0.00032,0.00090,0.94623
95.20000,1.02194,0.04713,0.00014,0.00059,0.95214
95.34000,1.02194,0.04394,0.00011,0.00035,0.95560
95.48000,1.02193,0.03551,0.00005,0.00031,0.96413
95.62000,1.02193,0.02885,0.00005,0.00011,0.97099
95.76000,1.02193,0.03222,0.00016,0.00015,0.96748
95.90000,1.02193,0.03186,0.00018,0.00009,0.96787
96.04000,1.02193,0.04836,0.00051,0.00013,0.95100
96.18000,1.02193,0.04699,0.00168,0.00006,0.95127
96.32000,1.02193,0.07668,0.00686,0.00025,0.91621
96.46000,1.02194,0.09306,0.00308,0.00047,0.90339
96.60000,1.02194,0.08996,0.00657,0.00090,0.90258
96.74000,1.02194,0.10281,0.00675,0.00301,0.88742
96.88000,1.02194,0.40552,0.00475,0.00380,0.58593
97.02000,1.02194,0.22356,0.00092,0.00051,0.77502
97.16000,1.02193,0.25810,0.00046,0.00065,0.74080
97.30000,1.02193,0.22709,0.00031,0.00036,0.77223
97.44000,1.02193,0.24558,0.00016,0.00022,0.75404
97.58000,1.02193,0.19458,0.00017,0.00010,0.80515
97.72000,1.02193,0.02813,0.00040,0.00004,0.97143
97.86000,1.02193,0.05436,0.00126,0.00009,0.94429
98.00000,1.02193,0.04026,0.00050,0.00009,0.95915
98.14000,1.02193,0.03602,0.00019,0.00009,0.96371
98.28000,1.02194,0.04865,0.00063,0.00011,0.95061
98.42000,1.02194,0.03637,0.00022,0.00006,0.96334
98.56000,1.02194,0.03930,0.00060,0.00003,0.96006
98.70000,1.02194,0.07197,0.00063,0.00023,0.92716
98.84000,1.02194,0.06188,0.00152,0.00061,0.93600
98.98000,1.02193,0.11136,0.00140,0.00194,0.88530
99.12000,1.02193,0.10663,0.00072,0.00382,0.88883
99.26000,1.02193,0.11529,0.00273,0.01398,0.86800
99.40000,1.02193,0.07903,0.00044,0.01180,0.90873
99.54000,1.02193,0.08309,0.00025,0.01690,0.89976
99.68000,1.02193,0.07363,0.00011,0.00930,0.91697
99.82000,1.02193,0.06261,0.00020,0.00584,0.93135
99.96000,1.02194,0.06724,0.00022,0.00247,0.93007
100.10000,1.02194,0.06786,0.00024,0.00086,0.93104
100.24000,1.02194,0.12329,0.00165,0.00219,0.87287
100.38000,1.02194,0.10103,0.00299,0.00115,0.89482
100.52000,1.02194,0.10851,0.00072,0.00047,0.89030
100.66000,1.02193,0.11554,0.00376,0.00072,0.87997
100.80000,1.02193,0.11696,0.00623,0.00074,0.87608
100.94000,1.02193,0.06965,0.00200,0.00074,0.92762
101.08000,1.02193,0.07340,0.00211,0.00062,0.92386
101.22000,1.02193,0.05573,0.00242,0.00057,0.94128
101.36000,1.02193,0.05689,0.00181,0.00064,0.94065
101.50000,1.02193,0.05478,0.00083,0.00095,0.94345
101.64000,1.02193,0.05694,0.00089,0.00041,0.94176
101.78000,1.02194,0.06403,0.00126,0.00048,0.93423
101.92000,1.02194,0.03722,0.00014,0.00022,0.96243
102.06000,1.02194,0.06455,0.00118,0.00032,0.93396
102.20000,1.02194,0.04854,0.00036,0.00021,0.95089
102.34000,1.02194,0.06398,0.00157,0.00028,0.93417
102.48000,1.02193,0.06103,0.00108,0.00063,0.93726
102.62000,1.02193,0.05480,0.00197,0.00034,0.94290
102.76000,1.02193,0.09162,0.00663,0.00173,0.90002
102.90000,1.02193,0.08984,0.00968,0.00306,0.89742
103.04000,1.02193,0.09448,0.00346,0.00383,0.89824
103.18000,1.02193,0.09197,0.00668,0.00162,0.89973
103.32000,1.02193,0.09847,0.01083,0.00197,0.88872
103.46000,1.02194,0.08299,0.00651,0.00148,0.90902
103.60000,1.02194,0.11769,0.00964,0.00111,0.87155
103.74000,1.02194,0.11424,0.00359,0.00084,0.88132
103.88000,1.02194,0.18320,0.02132,0.00261,0.79287
104.02000,1.02194,0.11086,0.00519,0.00214,0.88181
104.16000,1.02193,0.09154,0.00126,0.00076,0.90645
104.30000,1.02193,0.16854,0.01558,0.00217,0.81371
104.44000,1.02193,0.07478,0.00461,0.00153,0.91909
104.58000,1.02193,0.05743,0.00095,0.00092,0.94070
104.72000,1.02193,0.06354,0.00184,0.00139,0.93324
104.86000,1.02193,0.07466,0.00446,0.00099,0.91989
105.00000,1.02193,0.07114,0.00213,0.00082,0.92591
105.14000,1.02193,0.06108,0.00243,0.00032,0.93618
105.28000,1.02194,0.06863,0.00351,0.00072,0.92714
105.42000,1.02194,0.06337,0.00067,0.00041,0.93555
105.56000,1.02194,0.06354,0.00270,0.00069,0.93307
105.70000,1.02194,0.05152,0.00123,0.00086,0.94639
105.84000,1.02194,0.09542,0.00889,0.00277,0.89291
105.98000,1.02193,0.06555,0.00173,0.00209,0.93063
106.12000,1.02193,0.08350,0.00464,0.00590,0.90596
106.26000,1.02193,0.07895,0.00347,0.00352,0.91405
106.40000,1.02193,0.08534,0.00477,0.00368,0.90620
106.54000,1.02193,0.09169,0.00615,0.00314,0.89902
106.68000,1.02193,0.09480,0.00477,0.00600,0.89443
106.82000,1.02193,0.09728,0.00470,0.00574,0.89229
106.96000,1.02194,0.10444,0.01000,0.00361,0.88194
107.10000,1.02194,0.08509,0.00391,0.00296,0.90805
107.24000,1.02194,0.08557,0.00320,0.00497,0.90626
107.38000,1.02194,0.06952,0.00151,0.00442,0.92455
107.52000,1.02194,0.07389,0.00124,0.00400,0.92087
107.66000,1.02193,0.07896,0.00307,0.00602,0.91195
107.80000,1.02193,0.07329,0.00163,0.01070,0.91438
107.94000,1.02193,0.06859,0.00114,0.01106,0.91921
108.08000,1.02193,0.06753,0.00091,0.00527,0.92629
108.22000,1.02193,0.08000,0.00397,0.00684,0.90919
108.36000,1.02193,0.11759,0.00843,0.00702,0.86695
108.50000,1.02193,0.12575,0.01038,0.00768,0.85619
108.64000,1.02193,0.13984,0.00750,0.00658,0.84608
108.78000,1.02194,0.14450,0.01116,0.00695,0.83739
108.92000,1.02194,0.14800,0.01416,0.00898,0.82886
109.06000,1.02194,0.13128,0.01104,0.00568,0.85199
109.20000,1.02194,0.12209,0.01878,0.00681,0.85232
109.34000,1.02194,0.07334,0.00367,0.00111,0.92188
109.48000,1.02193,0.07276,0.00226,0.00174,0.92324
109.62000,1.02193,0.05716,0.00084,0.00087,0.94113
109.76000,1.02193,0.06164,0.00261,0.00056,0.93520
109.90000,1.02193,0.03996,0.00027,0.00010,0.95968
110.04000,1.02193,0.06794,0.00110,0.00016,0.93081
110.18000,1.02193,0.06822,0.00069,0.00008,0.93101
110.32000,1.02193,0.05388,0.00123,0.00005,0.94484
110.46000,1.02194,0.05176,0.00169,0.00002,0.94653
110.60000,1.02194,0.06915,0.00318,0.00006,0.92760
110.74000,1.02194,0.20658,0.00889,0.00014,0.78438
110.88000,1.02194,0.07142,0.00805,0.00007,0.92046
111.02000,1.02194,0.05691,0.00364,0.00004,0.93941
111.16000,1.02193,0.08269,0.00855,0.00010,0.90866
111.30000,1.02193,0.10469,0.01188,0.00009,0.88334
111.44000,1.02193,0.08821,0.00607,0.00013,0.90560
111.58000,1.02193,0.04898,0.00091,0.00004,0.95007
111.72000,1.02193,0.07636,0.00426,0.00010,0.91928
111.86000,1.02193,0.05626,0.00189,0.00011,0.94174
112.00000,1.02193,0.09420,0.00570,0.00024,0.89985
112.14000,1.02193,0.07520,0.00207,0.00010,0.92262
112.28000,1.02194,0.05990,0.00188,0.00011,0.93811
112.42000,1.02194,0.07173,0.00223,0.00020,0.92583
112.56000,1.02194,0.05956,0.00055,0.00007,0.93981
112.70000,1.02194,0.05263,0.00075,0.00007,0.94655
112.84000,1.02194,0.07007,0.00072,0.00016,0.92905
112.98000,1.02193,0.06740,0.00099,0.00012,0.93149
113.12000,1.02193,0.08354,0.00178,0.00011,0.91457
113.26000,1.02193,0.13853,0.00471,0.00011,0.85665
113.40000,1.02193,0.13273,0.01182,0.00011,0.85534
113.54000,1.02193,0.08546,0.00746,0.00006,0.90703
113.68000,1.02193,0.08818,0.00202,0.00011,0.90969
113.82000,1.02193,0.11794,0.01737,0.00056,0.86414
113.96000,1.02194,0.08292,0.00425,0.00037,0.91246
114.10000,1.02194,0.07013,0.00181,0.00062,0.92744
114.24000,1.02194,0.09664,0.00827,0.00111,0.89398
114.38000,1.02194,0.07198,0.00216,0.00164,0.92422
114.52000,1.02194,0.08006,0.00315,0.00282,0.91397
114.66000,1.02193,0.10553,0.00607,0.00484,0.88355
114.80000,1.02193,0.09550,0.00309,0.01045,0.89097
114.94000,1.02193,0.09412,0.00323,0.00694,0.89571
115.08000,1.02193,0.06997,0.00122,0.00337,0.92544
115.22000,1.02193,0.07236,0.00105,0.00356,0.92303
115.36000,1.02193,0.06568,0.00131,0.00189,0.93111
115.50000,1.02193,0.08211,0.00338,0.00245,0.91206
115.64000,1.02193,0.08235,0.00277,0.00186,0.91302
115.78000,1.02194,0.07910,0.00385,0.00279,0.91426
115.92000,1.02194,0.06605,0.00160,0.00209,0.93026
116.06000,1.02194,0.07232,0.00235,0.00262,0.92272
116.20000,1.02194,0.07989,0.00321,0.00097,0.91594
116.34000,1.02194,0.06190,0.00137,0.00062,0.93611
116.48000,1.02193,0.04438,0.00016,0.00030,0.95516
116.62000,1.02193,0.06797,0.00067,0.00026,0.93109
116.76000,1.02193,0.07402,0.00026,0.00016,0.92555
116.90000,1.02193,0.06420,0.00087,0.00029,0.93464
117.04000,1.02193,0.03537,0.00010,0.00018,0.96436
117.18000,1.02193,0.03371,0.00024,0.00007,0.96597
117.32000,1.02193,0.06788,0.00521,0.00021,0.92670
117.46000,1.02194,0.05815,0.00149,0.00042,0.93994
117.60000,1.02194,0.05103,0.00077,0.00044,0.94776
117.74000,1.02194,0.05647,0.00164,0.00046,0.94143
117.88000,1.02194,0.08722,0.00800,0.00072,0.90406
118.02000,1.02194,0.09248,0.01055,0.00193,0.89504
118.16000,1.02193,0.06207,0.00224,0.00182,0.93387
118.30000,1.02193,0.05430,0.00174,0.00125,0.94270
118.44000,1.02193,0.05898,0.00441,0.00032,0.93628
118.58000,1.02193,0.07979,0.00682,0.00111,0.91228
118.72000,1.02193,0.09264,0.00526,0.00151,0.90059
118.86000,1.02193,0.09903,0.00834,0.00122,0.89141
119.00000,1.02193,0.07708,0.00204,0.00052,0.92036
119.14000,1.02193,0.10981,0.01402,0.00095,0.87522
119.28000,1.02194,0.06618,0.00371,0.00057,0.92953
119.42000,1.02194,0.06765,0.00351,0.00039,0.92845
119.56000,1.02194,0.06963,0.00241,0.00026,0.92771
119.70000,1.02194,0.07068,0.00323,0.00015,0.92595
119.84000,1.02194,0.07408,0.00189,0.00043,0.92360
119.98000,1.02193,0.10361,0.00246,0.00035,0.89358
120.12000,1.02193,0.14184,0.01111,0.00089,0.84616
120.26000,1.02193,0.10793,0.00398,0.00110,0.88699
120.40000,1.02193,0.17089,0.02009,0.00245,0.80657
120.54000,1.02193,0.10183,0.00684,0.00238,0.88895
120.68000,1.02193,0.18748,0.02475,0.00804,0.77972
120.82000,1.02193,0.13970,0.00641,0.00630,0.84759
120.96000,1.02194,0.14648,0.00544,0.00406,0.84402
121.10000,1.02194,0.11610,0.00439,0.00158,0.87793
121.24000,1.02194,0.12064,0.00243,0.00154,0.87539
121.38000,1.02194,0.14541,0.00413,0.00121,0.84926
121.52000,1.02194,0.10983,0.00202,0.00119,0.88695
121.66000,1.02193,0.10810,0.00185,0.00115,0.88890
121.80000,1.02193,0.13251,0.01943,0.00155,0.84652
121.94000,1.02193,0.09254,0.00481,0.00175,0.90090
122.08000,1.02193,0.09842,0.00580,0.00189,0.89389
122.22000,1.02193,0.09302,0.00913,0.00089,0.89697
122.36000,1.02193,0.11136,0.00553,0.00146,0.88165
122.50000,1.02193,0.13542,0.02084,0.00196,0.84177
122.64000,1.02193,0.12899,0.01147,0.00207,0.85747
122.78000,1.02194,0.11507,0.00362,0.00152,0.87979
122.92000,1.02194,0.14589,0.02107,0.00294,0.83011
123.06000,1.02194,0.11556,0.01006,0.00433,0.87006
123.20000,1.02194,0.11156,0.00566,0.00401,0.87877
123.34000,1.02194,0.08927,0.00389,0.00145,0.90539
123.48000,1.02193,0.11353,0.00363,0.00225,0.88059
123.62000,1.02193,0.12133,0.00141,0.00258,0.87467
123.76000,1.02193,0.14243,0.00199,0.00464,0.85094
123.90000,1.02193,0.11837,0.00185,0.00328,0.87650
124.04000,1.02193,0.12577,0.00367,0.00325,0.86731
124.18000,1.02193,0.19075,0.01371,0.01685,0.77868
124.32000,1.02193,0.19933,0.01801,0.01754,0.76513
124.46000,1.02194,0.11655,0.00781,0.00635,0.86929
124.60000,1.02194,0.12210,0.00639,0.00441,0.86710
124.74000,1.02194,0.12709,0.00564,0.00375,0.86352
124.88000,1.02194,0.10588,0.00313,0.00317,0.88783
125.02000,1.02194,0.10138,0.00340,0.00104,0.89418
125.16000,1.02193,0.09091,0.00190,0.00133,0.90587
125.30000,1.02193,0.08947,0.00293,0.00175,0.90586
125.44000,1.02193,0.07541,0.00108,0.00259,0.92092
125.58000,1.02193,0.06882,0.00070,0.00082,0.92967
125.72000,1.02193,0.06003,0.00132,0.00108,0.93758
125.86000,1.02193,0.06128,0.00088,0.00237,0.93547
126.00000,1.02193,0.05316,0.00037,0.00147,0.94499
126.14000,1.02193,0.05446,0.00097,0.00067,0.94390
126.28000,1.02194,0.05860,0.00086,0.00019,0.94034
126.42000,1.02194,0.06477,0.00208,0.00067,0.93248
126.56000,1.02194,0.07877,0.00755,0.00148,0.91220
126.70000,1.02194,0.04940,0.00185,0.00020,0.94855
126.84000,1.02194,0.05001,0.00182,0.00024,0.94793
126.98000,1.02193,0.06847,0.00371,0.00091,0.92690
127.12000,1.02193,0.05952,0.00121,0.00141,0.93785
127.26000,1.02193,0.04758,0.00019,0.00033,0.95190
127.40000,1.02193,0.06324,0.00115,0.00033,0.93528
127.54000,1.02193,0.03868,0.00019,0.00030,0.96083
127.68000,1.02193,0.04079,0.00042,0.00018,0.95860
127.82000,1.02193,0.04173,0.00029,0.00017,0.95781
127.96000,1.02193,0.03749,0.00068,0.00007,0.96176
128.10001,1.02193,0.06258,0.00242,0.00029,0.93472
128.24001,1.02193,0.04975,0.00060,0.00024,0.94941
128.38000,1.02193,0.05775,0.00108,0.00025,0.94092
128.52000,1.02193,0.04882,0.00110,0.00029,0.94979
128.66000,1.02193,0.07920,0.00394,0.00057,0.91630
128.80000,1.02193,0.06703,0.00122,0.00035,0.93140
128.94000,1.02194,0.06856,0.00261,0.00081,0.92802
129.08000,1.02194,0.08181,0.00585,0.00255,0.90979
129.22000,1.02194,0.06963,0.00523,0.00170,0.92344
129.36000,1.02194,0.06223,0.00124,0.00124,0.93530
129.50000,1.02194,0.10962,0.00661,0.00261,0.88116
129.64000,1.02194,0.09160,0.00182,0.00217,0.90441
129.78000,1.02194,0.09457,0.00141,0.00132,0.90270
129.92000,1.02194,0.11422,0.00066,0.00075,0.88437
130.06000,1.02194,0.13646,0.00264,0.00082,0.86008
130.20000,1.02194,0.14777,0.00336,0.00232,0.84655
130.34000,1.02194,0.10840,0.00198,0.00217,0.88744
130.48000,1.02194,0.14518,0.00115,0.00170,0.85198
130.62000,1.02194,0.09600,0.00702,0.00289,0.89409
130.75999,1.02194,0.12664,0.00842,0.00832,0.85661
130.89999,1.02194,0.12436,0.00721,0.01159,0.85684
131.03999,1.02194,0.13417,0.00560,0.01237,0.84786
131.17999,1.02194,0.20266,0.00521,0.01225,0.77988
131.32001,1.02193,0.23841,0.01084,0.02047,0.73028
131.46001,1.02193,0.26087,0.01403,0.01957,0.70554
131.60001,1.02193,0.27833,0.01801,0.01775,0.68592
131.74001,1.02193,0.33774,0.02674,0.02003,0.61549
131.88000,1.02193,0.42318,0.02863,0.02375,0.52443
132.02000,1.02193,0.37214,0.02458,0.01743,0.58586
132.16000,1.02193,0.45138,0.03826,0.01661,0.49376
132.30000,1.02193,0.36278,0.02821,0.01891,0.59010
132.44000,1.02194,0.32043,0.02943,0.01052,0.63962
132.58000,1.02194,0.38987,0.01000,0.00906,0.59108
132.72000,1.02194,0.33812,0.03132,0.00589,0.62467
132.86000,1.02194,0.26600,0.01159,0.00146,0.72095
133.00000,1.02194,0.19539,0.00447,0.00109,0.79905
133.14000,1.02194,0.17325,0.00649,0.00062,0.81964
133.28000,1.02194,0.08878,0.00187,0.00017,0.90917
133.42000,1.02194,0.07619,0.00102,0.00016,0.92263
133.56000,1.02194,0.07572,0.00289,0.00028,0.92111
133.70000,1.02194,0.05881,0.00131,0.00021,0.93967
133.84000,1.02194,0.09568,0.00798,0.00069,0.89564
133.98000,1.02194,0.12152,0.00618,0.00113,0.87117
134.12000,1.02194,0.09663,0.00448,0.00154,0.89734
134.25999,1.02194,0.06107,0.00161,0.00175,0.93556
134.39999,1.02194,0.05517,0.00121,0.00049,0.94313
134.53999,1.02194,0.06179,0.00171,0.00084,0.93565
134.67999,1.02194,0.04822,0.00061,0.00077,0.95039
134.82001,1.02193,0.04786,0.00079,0.00038,0.95097
134.96001,1.02193,0.06996,0.00150,0.00034,0.92819
135.10001,1.02193,0.08808,0.00634,0.00063,0.90494
135.24001,1.02193,0.05464,0.00110,0.00047,0.94378
135.38000,1.02193,0.05415,0.00090,0.00043,0.94452
135.52000,1.02193,0.06172,0.00198,0.00010,0.93621
135.66000,1.02193,0.07065,0.00207,0.00021,0.92708
135.80000,1.02193,0.04437,0.00031,0.00029,0.95504
135.94000,1.02194,0.06048,0.00119,0.00028,0.93805
136.08000,1.02194,0.04753,0.00051,0.00023,0.95172
136.22000,1.02194,0.09899,0.00812,0.00067,0.89222
136.36000,1.02194,0.06655,0.00234,0.00043,0.93067
136.50000,1.02194,0.07089,0.00341,0.00087,0.92483
136.64000,1.02194,0.09213,0.00406,0.00124,0.90257
136.78000,1.02194,0.09286,0.00553,0.00126,0.90035
136.92000,1.02194,0.06896,0.00180,0.00079,0.92845
137.06000,1.02194,0.09089,0.00662,0.00079,0.90170
137.20000,1.02194,0.13228,0.00605,0.00284,0.85883
137.34000,1.02194,0.13132,0.00695,0.00247,0.85926
137.48000,1.02194,0.13839,0.00570,0.00360,0.85230
137.62000,1.02194,0.14329,0.00750,0.00443,0.84479
137.75999,1.02194,0.23774,0.06292,0.00868,0.69066
137.89999,1.02194,0.17642,0.01157,0.00530,0.80670
138.03999,1.02194,0.14108,0.00981,0.00278,0.84633
138.17999,1.02194,0.20864,0.02467,0.00203,0.76465
138.32001,1.02193,0.12248,0.00446,0.00112,0.87194
138.46001,1.02193,0.13527,0.00796,0.00210,0.85468
138.60001,1.02193,0.10816,0.00175,0.00262,0.88746
138.74001,1.02193,0.16315,0.00282,0.00509,0.82894
138.88000,1.02193,0.10322,0.00343,0.00534,0.88802
139.02000,1.02193,0.11929,0.00338,0.00593,0.87140
139.16000,1.02193,0.14614,0.00165,0.00615,0.84606
139.30000,1.02193,0.11094,0.00312,0.00444,0.88150
139.44000,1.02194,0.12316,0.00407,0.00215,0.87062
139.58000,1.02194,0.12648,0.00911,0.00385,0.86056
139.72000,1.02194,0.23265,0.08165,0.00320,0.68250
139.86000,1.02194,0.13912,0.01766,0.00147,0.84175
140.00000,1.02194,0.27242,0.00763,0.00119,0.71876
140.14000,1.02194,0.23535,0.01336,0.00147,0.74983
140.28000,1.02194,0.27449,0.00700,0.00167,0.71684
140.42000,1.02194,0.36520,0.03093,0.00309,0.60077
140.56000,1.02194,0.38573,0.01148,0.00174,0.60105
140.70000,1.02194,0.22435,0.00480,0.00307,0.76778
140.84000,1.02194,0.25943,0.05491,0.01169,0.67397
140.98000,1.02194,0.26764,0.04224,0.00631,0.68381
141.12000,1.02194,0.28168,0.02611,0.00916,0.68304
141.25999,1.02194,0.32168,0.05318,0.01889,0.60625
141.39999,1.02194,0.16963,0.00994,0.01529,0.80514
141.53999,1.02194,0.12823,0.00587,0.00261,0.86329
141.67999,1.02194,0.38892,0.00100,0.00254,0.60755
141.82001,1.02193,0.46344,0.00270,0.00860,0.52526
141.96001,1.02193,0.52297,0.01199,0.00748,0.45756
142.10001,1.02193,0.52695,0.01663,0.00627,0.45015
142.24001,1.02193,0.58146,0.23499,0.01138,0.17216
142.38000,1.02193,0.64592,0.05233,0.00968,0.29207
142.52000,1.02193,0.34737,0.29258,0.00520,0.35484
142.66000,1.02193,0.15854,0.03312,0.00104,0.80729
142.80000,1.02193,0.10485,0.00847,0.00063,0.88605
142.94000,1.02194,0.10304,0.00335,0.00076,0.89286
143.08000,1.02194,0.05921,0.00113,0.00085,0.93881
143.22000,1.02194,0.07646,0.00205,0.00126,0.92023
143.36000,1.02194,0.04522,0.00019,0.00084,0.95374
143.50000,1.02194,0.04448,0.00055,0.00026,0.95471
143.64000,1.02194,0.04383,0.00033,0.00024,0.95559
143.78000,1.02194,0.06520,0.00119,0.00030,0.93330
143.92000,1.02194,0.06523,0.00255,0.00029,0.93193
144.06000,1.02194,0.06793,0.00563,0.00021,0.92624
144.20000,1.02194,0.11944,0.04650,0.00114,0.83292
144.34000,1.02194,0.08853,0.01363,0.00075,0.89710
144.48000,1.02194,0.10733,0.01740,0.00153,0.87374
144.62000,1.02194,0.10235,0.01559,0.00182,0.88024
144.75999,1.02194,0.13434,0.03017,0.00083,0.83466
144.89999,1.02194,0.16887,0.02289,0.00163,0.80662
145.03999,1.02194,0.21200,0.06138,0.00202,0.72460
145.17999,1.02194,0.18846,0.03495,0.00198,0.77461
145.32001,1.02193,0.12799,0.00627,0.00074,0.86500
145.46001,1.02193,0.13695,0.01030,0.00056,0.85218
145.60001,1.02193,0.06903,0.00086,0.00023,0.92987
145.74001,1.02193,0.05469,0.00065,0.00009,0.94457
145.88000,1.02193,0.04708,0.00058,0.00005,0.95230
146.02000,1.02193,0.05634,0.00099,0.00009,0.94258
146.16000,1.02193,0.06038,0.00030,0.00015,0.93918
146.30000,1.02193,0.04912,0.00053,0.00057,0.94979
146.44000,1.02194,0.10839,0.00649,0.00438,0.88074
146.58000,1.02194,0.06684,0.00178,0.00079,0.93059
146.72000,1.02194,0.05168,0.00081,0.00173,0.94577
146.86000,1.02194,0.05619,0.00031,0.00065,0.94285
147.00000,1.02194,0.08545,0.00141,0.00109,0.91205
147.14000,1.02194,0.09269,0.00478,0.00121,0.90132
147.28000,1.02194,0.11188,0.02411,0.00091,0.86311
147.42000,1.02194,0.10332,0.01245,0.00146,0.88277
147.56000,1.02194,0.21190,0.02428,0.00202,0.76180
147.70000,1.02194,0.21817,0.01267,0.00458,0.76457
147.84000,1.02194,0.22290,0.02874,0.00663,0.74173
