Time (seconds), Duration (seconds),pred_(unlabeled),pred_brushing_teeth,pred_hair_drying,pred_showering
0.00000,1.02194,0.40743,0.00004,0.00052,0.59202
0.14000,1.02194,0.18261,0.00033,0.00062,0.81645
0.28000,1.02194,0.08744,0.00127,0.00044,0.91085
0.42000,1.02194,0.08276,0.00167,0.00056,0.91501
0.56000,1.02194,0.09553,0.00054,0.00035,0.90358
0.70000,1.02194,0.08969,0.00054,0.00040,0.90937
0.84000,1.02194,0.11278,0.00047,0.00059,0.88616
0.98000,1.02194,0.08349,0.00128,0.00044,0.91479
1.12000,1.02194,0.09873,0.00078,0.00047,0.90002
1.26000,1.02194,0.11902,0.00062,0.00058,0.87978
1.40000,1.02194,0.11288,0.00124,0.00066,0.88523
1.54000,1.02194,0.10515,0.00080,0.00058,0.89347
1.68000,1.02194,0.11545,0.00064,0.00048,0.88342
1.82000,1.02194,0.12202,0.00052,0.00048,0.87698
1.96000,1.02194,0.12927,0.00048,0.00051,0.86974
2.10000,1.02194,0.11908,0.00075,0.00050,0.87967
2.24000,1.02194,0.10147,0.00077,0.00048,0.89728
2.38000,1.02194,0.10385,0.00080,0.00055,0.89480
2.52000,1.02194,0.08515,0.00081,0.00039,0.91366
2.66000,1.02194,0.09193,0.00077,0.00039,0.90691
2.80000,1.02194,0.10914,0.00070,0.00049,0.88967
2.94000,1.02194,0.08832,0.00124,0.00051,0.90993
3.08000,1.02194,0.08857,0.00102,0.00054,0.90987
3.22000,1.02194,0.09897,0.00083,0.00053,0.89967
3.36000,1.02194,0.10133,0.00151,0.00054,0.89662
3.50000,1.02194,0.10364,0.00070,0.00050,0.89516
3.64000,1.02194,0.08758,0.00061,0.00024,0.91156
3.78000,1.02194,0.11354,0.00047,0.00035,0.88563
3.92000,1.02194,0.13661,0.00101,0.00078,0.86160
4.06000,1.02194,0.07876,0.00198,0.00038,0.91888
4.20000,1.02194,0.06435,0.00208,0.00051,0.93306
4.34000,1.02194,0.10694,0.00077,0.00033,0.89197
4.48000,1.02194,0.12899,0.00167,0.00044,0.86890
4.62000,1.02194,0.07040,0.00900,0.00040,0.92019
4.76000,1.02194,0.04734,0.00180,0.00017,0.95069
4.90000,1.02194,0.03278,0.00031,0.00007,0.96684
5.04000,1.02194,0.08026,0.00014,0.00016,0.91944
5.18000,1.02194,0.10408,0.00026,0.00036,0.89530
5.32000,1.02194,0.03336,0.00069,0.00017,0.96578
5.46000,1.02194,0.04135,0.00044,0.00063,0.95759
5.60000,1.02194,0.06017,0.00152,0.00045,0.93786
5.74000,1.02194,0.04890,0.00282,0.00026,0.94802
5.88000,1.02194,0.04918,0.00274,0.00033,0.94776
6.02000,1.02194,0.06529,0.00147,0.00031,0.93292
6.16000,1.02194,0.06367,0.00151,0.00028,0.93454
6.30000,1.02194,0.06048,0.00099,0.00027,0.93826
6.44000,1.02194,0.04280,0.00262,0.00021,0.95438
6.58000,1.02194,0.03501,0.00180,0.00022,0.96297
6.72000,1.02194,0.02965,0.00116,0.00015,0.96903
6.86000,1.02194,0.04378,0.00144,0.00026,0.95452
7.00000,1.02194,0.04908,0.00107,0.00038,0.94947
7.14000,1.02194,0.04335,0.00115,0.00017,0.95533
7.28000,1.02194,0.05513,0.00136,0.00042,0.94309
7.42000,1.02194,0.12216,0.00044,0.00061,0.87680
7.56000,1.02194,0.09232,0.00097,0.00050,0.90621
7.70000,1.02194,0.07949,0.00150,0.00055,0.91846
7.84000,1.02194,0.13156,0.00047,0.00049,0.86748
7.98000,1.02194,0.11800,0.00124,0.00067,0.88009
8.12000,1.02194,0.10755,0.00053,0.00051,0.89141
8.26000,1.02194,0.09303,0.00047,0.00027,0.90623
8.40000,1.02194,0.11632,0.00059,0.00049,0.88260
8.54000,1.02194,0.11973,0.00098,0.00064,0.87865
8.68000,1.02194,0.06282,0.00236,0.00032,0.93450
8.82000,1.02194,0.09222,0.00217,0.00050,0.90511
8.96000,1.02194,0.12797,0.00039,0.00059,0.87105
9.10000,1.02194,0.09947,0.00020,0.00047,0.89987
9.24000,1.02194,0.06931,0.00018,0.00021,0.93030
9.38000,1.02194,0.08267,0.00017,0.00031,0.91685
9.52000,1.02194,0.06038,0.00027,0.00019,0.93916
9.66000,1.02194,0.02508,0.00028,0.00014,0.97450
9.80000,1.02194,0.05443,0.00031,0.00036,0.94489
9.94000,1.02194,0.10519,0.00027,0.00057,0.89398
10.08000,1.02194,0.03946,0.00053,0.00016,0.95985
10.22000,1.02194,0.03472,0.00069,0.00053,0.96406
10.36000,1.02194,0.04612,0.00093,0.00028,0.95266
10.50000,1.02194,0.02973,0.00061,0.00019,0.96947
10.64000,1.02194,0.02646,0.00044,0.00023,0.97288
10.78000,1.02194,0.05585,0.00039,0.00021,0.94355
10.92000,1.02194,0.04155,0.00081,0.00021,0.95743
11.06000,1.02194,0.03451,0.00041,0.00068,0.96439
11.20000,1.02194,0.03668,0.00125,0.00024,0.96184
11.34000,1.02194,0.02665,0.00098,0.00016,0.97220
11.48000,1.02194,0.03756,0.00221,0.00025,0.95998
11.62000,1.02194,0.03559,0.00281,0.00019,0.96142
11.76000,1.02194,0.02702,0.00070,0.00017,0.97211
11.90000,1.02194,0.02665,0.00087,0.00013,0.97236
12.04000,1.02194,0.03208,0.00047,0.00022,0.96723
12.18000,1.02194,0.02678,0.00006,0.00012,0.97305
12.32000,1.02194,0.04158,0.00002,0.00005,0.95835
12.46000,1.02194,0.03155,0.00007,0.00019,0.96819
12.60000,1.02194,0.05917,0.00010,0.00008,0.94065
12.74000,1.02194,0.04419,0.00008,0.00016,0.95557
12.88000,1.02194,0.06037,0.00099,0.00053,0.93811
13.02000,1.02194,0.06692,0.00122,0.00033,0.93154
13.16000,1.02194,0.10580,0.00029,0.00050,0.89342
13.30000,1.02194,0.11473,0.00023,0.00023,0.88481
13.44000,1.02194,0.04555,0.00180,0.00019,0.95247
13.58000,1.02194,0.04572,0.00207,0.00025,0.95196
13.72000,1.02194,0.03672,0.00218,0.00024,0.96086
13.86000,1.02194,0.02956,0.00079,0.00018,0.96947
14.00000,1.02194,0.06301,0.00129,0.00032,0.93537
14.14000,1.02194,0.04203,0.00073,0.00023,0.95701
14.28000,1.02194,0.04561,0.00080,0.00016,0.95343
14.42000,1.02194,0.02727,0.00073,0.00019,0.97180
14.56000,1.02194,0.04119,0.00027,0.00014,0.95840
14.70000,1.02194,0.02187,0.00045,0.00005,0.97762
14.84000,1.02194,0.02787,0.00061,0.00023,0.97129
14.98000,1.02194,0.03499,0.00116,0.00019,0.96366
15.12000,1.02194,0.02799,0.00098,0.00018,0.97086
15.26000,1.02194,0.03279,0.00137,0.00025,0.96560
15.40000,1.02194,0.04851,0.00221,0.00043,0.94885
15.54000,1.02194,0.03520,0.00165,0.00020,0.96296
15.68000,1.02194,0.03150,0.00087,0.00033,0.96731
15.82000,1.02194,0.03046,0.00103,0.00017,0.96833
15.96000,1.02194,0.03379,0.00099,0.00020,0.96501
16.10000,1.02194,0.04292,0.00134,0.00038,0.95536
16.24000,1.02194,0.06086,0.00152,0.00034,0.93727
16.38000,1.02194,0.04475,0.00218,0.00031,0.95276
16.52000,1.02194,0.07399,0.00138,0.00033,0.92430
16.66000,1.02194,0.06440,0.00170,0.00030,0.93360
16.80000,1.02194,0.04008,0.00278,0.00030,0.95683
16.94000,1.02194,0.03626,0.00194,0.00014,0.96167
17.08000,1.02194,0.02936,0.00084,0.00010,0.96970
17.22000,1.02194,0.02431,0.00054,0.00005,0.97510
17.36000,1.02194,0.03332,0.00046,0.00017,0.96606
17.50000,1.02194,0.04796,0.00036,0.00016,0.95152
17.64000,1.02194,0.03262,0.00044,0.00008,0.96686
17.78000,1.02194,0.02893,0.00022,0.00020,0.97065
17.92000,1.02194,0.03089,0.00095,0.00009,0.96807
18.06000,1.02194,0.02696,0.00099,0.00015,0.97190
18.20000,1.02194,0.05633,0.00044,0.00015,0.94307
18.34000,1.02194,0.02667,0.00132,0.00014,0.97186
18.48000,1.02194,0.02969,0.00102,0.00014,0.96914
18.62000,1.02194,0.01961,0.00028,0.00005,0.98006
18.76000,1.02194,0.04547,0.00022,0.00007,0.95424
18.90000,1.02194,0.01983,0.00034,0.00010,0.97972
19.04000,1.02194,0.02505,0.00038,0.00012,0.97445
19.18000,1.02194,0.02294,0.00041,0.00009,0.97656
19.32000,1.02194,0.02396,0.00061,0.00008,0.97535
19.46000,1.02194,0.03528,0.00088,0.00017,0.96367
19.60000,1.02194,0.03564,0.00201,0.00026,0.96209
19.74000,1.02194,0.03322,0.00147,0.00025,0.96506
19.88000,1.02194,0.04963,0.00149,0.00032,0.94856
20.02000,1.02194,0.03531,0.00182,0.00032,0.96254
20.16000,1.02194,0.04606,0.00318,0.00030,0.95045
20.30000,1.02194,0.04042,0.00256,0.00028,0.95675
20.44000,1.02194,0.03539,0.00189,0.00017,0.96255
20.58000,1.02194,0.05892,0.00133,0.00043,0.93931
20.72000,1.02194,0.04142,0.00089,0.00017,0.95751
20.86000,1.02194,0.04873,0.00063,0.00018,0.95046
21.00000,1.02194,0.03207,0.00147,0.00024,0.96622
21.14000,1.02194,0.05526,0.00097,0.00024,0.94353
21.28000,1.02194,0.03190,0.00132,0.00025,0.96653
21.42000,1.02194,0.05352,0.00313,0.00038,0.94297
21.56000,1.02194,0.03757,0.00355,0.00029,0.95859
21.70000,1.02194,0.04512,0.00160,0.00034,0.95295
21.84000,1.02194,0.02949,0.00161,0.00011,0.96878
21.98000,1.02194,0.03978,0.00203,0.00027,0.95792
22.12000,1.02194,0.04205,0.00438,0.00023,0.95334
22.26000,1.02194,0.03322,0.00167,0.00024,0.96487
22.40000,1.02194,0.02839,0.00104,0.00028,0.97029
22.54000,1.02194,0.03453,0.00515,0.00020,0.96013
22.68000,1.02194,0.02566,0.00145,0.00014,0.97275
22.82000,1.02194,0.02789,0.00119,0.00022,0.97071
22.96000,1.02194,0.02511,0.00059,0.00019,0.97411
23.10000,1.02194,0.04064,0.00162,0.00018,0.95756
23.24000,1.02194,0.03448,0.00262,0.00026,0.96263
23.38000,1.02194,0.05858,0.00478,0.00035,0.93629
23.52000,1.02194,0.04207,0.00944,0.00028,0.94821
23.66000,1.02194,0.05871,0.01352,0.00055,0.92722
23.80000,1.02194,0.04455,0.00203,0.00011,0.95331
23.94000,1.02194,0.05974,0.00136,0.00021,0.93869
24.08000,1.02194,0.02072,0.00007,0.00002,0.97919
24.22000,1.02194,0.03198,0.00013,0.00005,0.96784
24.36000,1.02194,0.04112,0.00042,0.00008,0.95838
24.50000,1.02194,0.02751,0.00009,0.00007,0.97233
24.64000,1.02194,0.03926,0.00006,0.00059,0.96009
24.78000,1.02194,0.02630,0.00182,0.00011,0.97177
24.92000,1.02194,0.02798,0.00146,0.00014,0.97042
25.06000,1.02194,0.02582,0.00037,0.00017,0.97365
25.20000,1.02194,0.02893,0.00133,0.00018,0.96956
25.34000,1.02194,0.02865,0.00034,0.00028,0.97073
25.48000,1.02194,0.03189,0.00079,0.00019,0.96712
25.62000,1.02194,0.03615,0.00172,0.00022,0.96191
25.76000,1.02194,0.05496,0.00180,0.00031,0.94292
25.90000,1.02194,0.03033,0.00107,0.00014,0.96846
26.04000,1.02194,0.03560,0.00123,0.00017,0.96300
26.18000,1.02194,0.03633,0.00055,0.00019,0.96294
26.32000,1.02194,0.04799,0.00018,0.00012,0.95171
26.46000,1.02194,0.02677,0.00052,0.00013,0.97258
26.60000,1.02194,0.03371,0.00055,0.00014,0.96560
26.74000,1.02194,0.02692,0.00053,0.00012,0.97242
26.88000,1.02194,0.02889,0.00044,0.00026,0.97041
27.02000,1.02194,0.02934,0.00133,0.00009,0.96924
27.16000,1.02194,0.02850,0.00052,0.00024,0.97074
27.30000,1.02194,0.03043,0.00068,0.00012,0.96877
27.44000,1.02194,0.04038,0.00080,0.00027,0.95855
27.58000,1.02194,0.04430,0.00115,0.00032,0.95422
27.72000,1.02194,0.03158,0.00053,0.00007,0.96782
27.86000,1.02194,0.03760,0.00087,0.00033,0.96120
28.00000,1.02194,0.09085,0.00026,0.00034,0.90854
28.14000,1.02194,0.03730,0.00098,0.00022,0.96149
28.28000,1.02194,0.03366,0.00084,0.00026,0.96524
28.42000,1.02194,0.05291,0.00139,0.00036,0.94534
28.56000,1.02194,0.04678,0.00128,0.00023,0.95170
28.70000,1.02194,0.04827,0.00113,0.00039,0.95021
28.84000,1.02194,0.07851,0.00071,0.00038,0.92040
28.98000,1.02194,0.05146,0.00182,0.00035,0.94637
29.12000,1.02194,0.08683,0.00047,0.00031,0.91238
29.26000,1.02194,0.06773,0.00050,0.00018,0.93159
29.40000,1.02194,0.06686,0.00056,0.00026,0.93232
29.54000,1.02194,0.05328,0.00047,0.00015,0.94611
29.68000,1.02194,0.04120,0.00081,0.00017,0.95782
29.82000,1.02194,0.02950,0.00079,0.00019,0.96951
29.96000,1.02194,0.02851,0.00069,0.00008,0.97072
30.10000,1.02194,0.02091,0.00053,0.00011,0.97846
30.24000,1.02194,0.03401,0.00058,0.00007,0.96534
30.38000,1.02194,0.02461,0.00090,0.00012,0.97436
30.52000,1.02194,0.02266,0.00025,0.00015,0.97694
30.66000,1.02194,0.03101,0.00071,0.00015,0.96814
30.80000,1.02194,0.03343,0.00031,0.00019,0.96607
30.94000,1.02194,0.04507,0.00025,0.00014,0.95454
31.08000,1.02194,0.03560,0.00064,0.00044,0.96332
31.22000,1.02194,0.04036,0.00092,0.00025,0.95847
31.36000,1.02194,0.06348,0.00102,0.00029,0.93521
31.50000,1.02194,0.04307,0.00116,0.00026,0.95550
31.64000,1.02194,0.06064,0.00213,0.00036,0.93687
31.78000,1.02194,0.05487,0.00121,0.00035,0.94357
31.92000,1.02194,0.04733,0.00237,0.00021,0.95009
32.06000,1.02193,0.07256,0.00209,0.00048,0.92488
32.20000,1.02194,0.07954,0.00169,0.00044,0.91833
32.34000,1.02194,0.04883,0.00118,0.00018,0.94980
32.48000,1.02194,0.04427,0.00418,0.00031,0.95124
32.62000,1.02194,0.08930,0.00116,0.00035,0.90919
32.76000,1.02194,0.03623,0.00531,0.00030,0.95816
32.90000,1.02193,0.03359,0.00169,0.00028,0.96443
33.04000,1.02194,0.03491,0.00332,0.00026,0.96151
33.18000,1.02194,0.04037,0.00228,0.00021,0.95715
33.32000,1.02194,0.02685,0.00076,0.00012,0.97228
33.46000,1.02194,0.03510,0.00177,0.00018,0.96295
33.60000,1.02194,0.05273,0.00276,0.00046,0.94405
33.74000,1.02193,0.04508,0.00250,0.00039,0.95203
33.88000,1.02194,0.03521,0.00103,0.00015,0.96361
34.02000,1.02194,0.04170,0.00057,0.00019,0.95754
34.16000,1.02194,0.10616,0.00045,0.00037,0.89302
34.30000,1.02194,0.08245,0.00068,0.00033,0.91654
34.44000,1.02194,0.03877,0.00249,0.00020,0.95854
34.58000,1.02193,0.08090,0.00101,0.00025,0.91785
34.72000,1.02193,0.07284,0.00068,0.00020,0.92628
34.86000,1.02194,0.05216,0.00105,0.00011,0.94668
35.00000,1.02194,0.02681,0.00186,0.00017,0.97116
35.14000,1.02194,0.02149,0.00061,0.00013,0.97778
35.28000,1.02194,0.01919,0.00041,0.00009,0.98031
35.42000,1.02194,0.02029,0.00029,0.00005,0.97938
35.56000,1.02193,0.02006,0.00012,0.00009,0.97973
35.70000,1.02194,0.04637,0.00017,0.00007,0.95340
35.84000,1.02194,0.01933,0.00025,0.00008,0.98034
35.98000,1.02194,0.02849,0.00048,0.00012,0.97091
36.12000,1.02194,0.04317,0.00079,0.00025,0.95578
36.26000,1.02194,0.03248,0.00174,0.00014,0.96563
36.40000,1.02193,0.03210,0.00241,0.00018,0.96531
36.54000,1.02194,0.05715,0.00120,0.00018,0.94146
36.68000,1.02194,0.03740,0.00288,0.00029,0.95943
36.82000,1.02194,0.03585,0.00385,0.00019,0.96011
36.96000,1.02194,0.03387,0.00155,0.00026,0.96432
37.10000,1.02194,0.03342,0.00078,0.00010,0.96570
37.24000,1.02193,0.05882,0.00066,0.00019,0.94032
37.38000,1.02194,0.03404,0.00168,0.00020,0.96407
37.52000,1.02194,0.03192,0.00121,0.00014,0.96674
37.66000,1.02194,0.02623,0.00045,0.00015,0.97316
37.80000,1.02194,0.03860,0.00065,0.00011,0.96063
37.94000,1.02194,0.04777,0.00046,0.00014,0.95163
38.08000,1.02193,0.04084,0.00034,0.00014,0.95868
38.22000,1.02193,0.02664,0.00025,0.00006,0.97305
38.36000,1.02194,0.02296,0.00027,0.00014,0.97662
38.50000,1.02194,0.04490,0.00080,0.00013,0.95417
38.64000,1.02194,0.02627,0.00077,0.00010,0.97287
38.78000,1.02194,0.04095,0.00099,0.00041,0.95765
38.92000,1.02194,0.03632,0.00191,0.00029,0.96148
39.06000,1.02193,0.02695,0.00251,0.00013,0.97041
39.20000,1.02194,0.02825,0.00115,0.00016,0.97043
39.34000,1.02194,0.08106,0.00357,0.00035,0.91501
39.48000,1.02194,0.06469,0.00848,0.00094,0.92589
39.62000,1.02194,0.04662,0.00179,0.00054,0.95105
39.76000,1.02194,0.04930,0.00763,0.00037,0.94270
39.90000,1.02193,0.06008,0.00866,0.00035,0.93090
40.04000,1.02194,0.03648,0.00309,0.00017,0.96026
40.18000,1.02194,0.04536,0.00416,0.00028,0.95020
40.32000,1.02194,0.03297,0.00106,0.00024,0.96573
40.46000,1.02194,0.03965,0.00256,0.00025,0.95755
40.60000,1.02194,0.03372,0.00131,0.00019,0.96477
40.74000,1.02193,0.05272,0.00293,0.00043,0.94392
40.88000,1.02194,0.14906,0.00138,0.00066,0.84890
41.02000,1.02194,0.13903,0.03304,0.00103,0.82690
41.16000,1.02194,0.13684,0.03534,0.00123,0.82659
41.30000,1.02194,0.09268,0.03892,0.00097,0.86743
41.44000,1.02194,0.07816,0.03706,0.00067,0.88411
41.58000,1.02193,0.11105,0.03013,0.00082,0.85801
41.72000,1.02193,0.06847,0.03030,0.00059,0.90063
41.86000,1.02194,0.05191,0.01484,0.00037,0.93289
42.00000,1.02194,0.03520,0.00255,0.00026,0.96200
42.14000,1.02194,0.03642,0.00257,0.00017,0.96084
42.28000,1.02194,0.03969,0.00175,0.00034,0.95821
42.42000,1.02194,0.03635,0.00125,0.00029,0.96211
42.56000,1.02193,0.03746,0.00126,0.00017,0.96112
42.70000,1.02194,0.03780,0.00081,0.00033,0.96106
42.84000,1.02194,0.12532,0.00101,0.00057,0.87311
42.98000,1.02194,0.11980,0.00439,0.00060,0.87520
43.12000,1.02194,0.13248,0.00270,0.00066,0.86416
43.26000,1.02194,0.12023,0.00169,0.00068,0.87739
43.40000,1.02193,0.13758,0.00071,0.00050,0.86121
43.54000,1.02194,0.14840,0.00252,0.00041,0.84868
43.68000,1.02194,0.10260,0.00747,0.00073,0.88919
43.82000,1.02194,0.05355,0.00550,0.00031,0.94064
43.96000,1.02194,0.02832,0.00205,0.00013,0.96950
44.10000,1.02194,0.03390,0.00185,0.00018,0.96407
44.24000,1.02193,0.03703,0.00115,0.00015,0.96166
44.38000,1.02194,0.02909,0.00108,0.00016,0.96967
44.52000,1.02194,0.04243,0.00140,0.00030,0.95586
44.66000,1.02194,0.04188,0.00187,0.00035,0.95590
44.80000,1.02194,0.05147,0.00416,0.00041,0.94396
44.94000,1.02194,0.05127,0.00195,0.00035,0.94644
45.08000,1.02193,0.05654,0.00057,0.00021,0.94268
45.22000,1.02193,0.08454,0.00029,0.00026,0.91492
45.36000,1.02194,0.09778,0.00058,0.00053,0.90111
45.50000,1.02194,0.05180,0.00090,0.00024,0.94706
45.64000,1.02194,0.03902,0.00095,0.00020,0.95982
45.78000,1.02194,0.09010,0.00052,0.00041,0.90897
45.92000,1.02194,0.10510,0.00086,0.00054,0.89350
46.06000,1.02193,0.05713,0.00261,0.00031,0.93996
46.20000,1.02194,0.06189,0.00307,0.00044,0.93460
46.34000,1.02194,0.10310,0.00090,0.00036,0.89564
46.48000,1.02194,0.09823,0.00049,0.00035,0.90093
46.62000,1.02194,0.06991,0.00070,0.00024,0.92915
46.76000,1.02194,0.04046,0.00076,0.00014,0.95863
46.90000,1.02193,0.03719,0.00102,0.00013,0.96166
47.04000,1.02194,0.04932,0.00127,0.00019,0.94922
47.18000,1.02194,0.03605,0.00173,0.00021,0.96201
47.32000,1.02194,0.03705,0.00150,0.00023,0.96122
47.46000,1.02194,0.05189,0.00097,0.00022,0.94692
47.60000,1.02194,0.07307,0.00043,0.00025,0.92625
47.74000,1.02193,0.07371,0.00087,0.00037,0.92504
47.88000,1.02194,0.05400,0.00055,0.00021,0.94523
48.02000,1.02194,0.02567,0.00052,0.00008,0.97374
48.16000,1.02194,0.04674,0.00042,0.00017,0.95267
48.30000,1.02194,0.08365,0.00032,0.00031,0.91572
48.44000,1.02194,0.04695,0.00165,0.00024,0.95116
48.58000,1.02193,0.04169,0.00206,0.00021,0.95604
48.72000,1.02193,0.05987,0.00050,0.00021,0.93942
48.86000,1.02194,0.08533,0.00094,0.00027,0.91346
49.00000,1.02194,0.07894,0.00734,0.00049,0.91323
49.14000,1.02194,0.04716,0.00526,0.00046,0.94711
49.28000,1.02194,0.04434,0.00238,0.00026,0.95302
49.42000,1.02194,0.03093,0.00133,0.00015,0.96759
49.56000,1.02193,0.03941,0.00222,0.00017,0.95820
49.70000,1.02194,0.06420,0.00197,0.00025,0.93359
49.84000,1.02194,0.03436,0.00202,0.00018,0.96344
49.98000,1.02194,0.03350,0.00103,0.00023,0.96523
50.12000,1.02194,0.04583,0.00130,0.00038,0.95249
50.26000,1.02194,0.06323,0.00214,0.00036,0.93427
50.40000,1.02193,0.03661,0.00267,0.00023,0.96049
50.54000,1.02194,0.03367,0.00107,0.00017,0.96509
50.68000,1.02194,0.04707,0.00045,0.00015,0.95233
50.82000,1.02194,0.03629,0.00075,0.00012,0.96284
50.96000,1.02194,0.02878,0.00074,0.00015,0.97033
51.10000,1.02194,0.05168,0.00031,0.00017,0.94784
51.24000,1.02193,0.02990,0.00050,0.00019,0.96940
51.38000,1.02194,0.04799,0.00119,0.00031,0.95051
51.52000,1.02194,0.04565,0.00160,0.00033,0.95241
51.66000,1.02194,0.04376,0.00201,0.00047,0.95376
51.80000,1.02194,0.06893,0.00151,0.00042,0.92915
51.94000,1.02194,0.03322,0.00209,0.00024,0.96444
52.08000,1.02193,0.07020,0.00108,0.00017,0.92855
52.22000,1.02193,0.03353,0.00249,0.00017,0.96380
52.36000,1.02194,0.03280,0.00231,0.00020,0.96469
52.50000,1.02194,0.03074,0.00218,0.00022,0.96685
52.64000,1.02194,0.03409,0.00304,0.00025,0.96262
52.78000,1.02194,0.04883,0.00391,0.00030,0.94697
52.92000,1.02194,0.02768,0.00227,0.00018,0.96987
53.06000,1.02193,0.03611,0.00439,0.00034,0.95916
53.20000,1.02194,0.04095,0.00706,0.00038,0.95160
53.34000,1.02194,0.03453,0.00309,0.00026,0.96212
53.48000,1.02194,0.02581,0.00198,0.00012,0.97209
53.62000,1.02194,0.03246,0.00208,0.00024,0.96522
53.76000,1.02194,0.04145,0.00112,0.00040,0.95704
53.90000,1.02193,0.02873,0.00099,0.00011,0.97017
54.04000,1.02194,0.03871,0.00101,0.00028,0.96000
54.18000,1.02194,0.05520,0.00184,0.00038,0.94257
54.32000,1.02194,0.04592,0.00187,0.00048,0.95173
54.46000,1.02194,0.04220,0.00375,0.00036,0.95369
54.60000,1.02194,0.04743,0.00331,0.00026,0.94900
54.74000,1.02193,0.06225,0.00148,0.00033,0.93594
54.88000,1.02194,0.05241,0.00183,0.00025,0.94551
55.02000,1.02194,0.06478,0.00220,0.00049,0.93253
55.16000,1.02194,0.06418,0.00268,0.00028,0.93285
55.30000,1.02194,0.03169,0.00181,0.00012,0.96639
55.44000,1.02194,0.03523,0.00172,0.00016,0.96289
55.58000,1.02193,0.05387,0.00122,0.00029,0.94462
55.72000,1.02193,0.04756,0.00502,0.00031,0.94711
55.86000,1.02194,0.04819,0.00311,0.00032,0.94837
56.00000,1.02194,0.03044,0.00292,0.00023,0.96642
56.14000,1.02194,0.03347,0.00258,0.00017,0.96378
56.28000,1.02194,0.04179,0.00311,0.00022,0.95488
56.42000,1.02194,0.04296,0.00555,0.00030,0.95120
56.56000,1.02193,0.03460,0.00180,0.00012,0.96349
56.70000,1.02194,0.03813,0.00088,0.00012,0.96087
56.84000,1.02194,0.02982,0.00061,0.00007,0.96950
56.98000,1.02194,0.03895,0.00036,0.00008,0.96061
57.12000,1.02194,0.02755,0.00060,0.00005,0.97180
57.26000,1.02194,0.02163,0.00008,0.00005,0.97824
57.40000,1.02193,0.01881,0.00004,0.00006,0.98109
57.54000,1.02194,0.02712,0.00014,0.00007,0.97266
57.68000,1.02194,0.04006,0.00009,0.00009,0.95976
57.82000,1.02194,0.02735,0.00004,0.00005,0.97256
57.96000,1.02194,0.02642,0.00003,0.00012,0.97343
58.10000,1.02194,0.07635,0.00007,0.00031,0.92327
58.24000,1.02193,0.06389,0.00020,0.00025,0.93567
58.38000,1.02194,0.03539,0.00021,0.00054,0.96387
58.52000,1.02194,0.04708,0.00017,0.00019,0.95256
58.66000,1.02194,0.03470,0.00036,0.00030,0.96465
58.80000,1.02194,0.10367,0.00018,0.00038,0.89577
58.94000,1.02194,0.04414,0.00130,0.00022,0.95435
59.08000,1.02193,0.05348,0.00124,0.00061,0.94468
59.22000,1.02193,0.06224,0.00109,0.00022,0.93645
59.36000,1.02194,0.06395,0.00081,0.00030,0.93494
59.50000,1.02194,0.08416,0.00023,0.00025,0.91536
59.64000,1.02194,0.05663,0.00039,0.00013,0.94286
59.78000,1.02194,0.05092,0.00067,0.00028,0.94813
59.92000,1.02194,0.04811,0.00102,0.00024,0.95063
60.06000,1.02193,0.04260,0.00075,0.00014,0.95651
60.20000,1.02194,0.08726,0.00098,0.00047,0.91129
60.34000,1.02194,0.12742,0.00123,0.00075,0.87059
60.48000,1.02194,0.12489,0.00075,0.00054,0.87383
60.62000,1.02194,0.08317,0.00083,0.00036,0.91564
60.76000,1.02194,0.10454,0.00031,0.00023,0.89492
60.90000,1.02193,0.08305,0.00052,0.00026,0.91617
61.04000,1.02194,0.08283,0.00098,0.00044,0.91575
61.18000,1.02194,0.07318,0.00121,0.00039,0.92522
61.32000,1.02194,0.03471,0.00124,0.00022,0.96383
61.46000,1.02194,0.06248,0.00131,0.00031,0.93590
61.60000,1.02194,0.08677,0.00105,0.00046,0.91172
61.74000,1.02193,0.08172,0.00170,0.00052,0.91607
61.88000,1.02194,0.04594,0.00117,0.00019,0.95270
62.02000,1.02194,0.05625,0.00028,0.00012,0.94335
62.16000,1.02194,0.06492,0.00027,0.00016,0.93465
62.30000,1.02194,0.07908,0.00022,0.00021,0.92049
62.44000,1.02194,0.03579,0.00171,0.00024,0.96226
62.58000,1.02193,0.03473,0.00125,0.00017,0.96385
62.72000,1.02193,0.03061,0.00062,0.00014,0.96862
62.86000,1.02194,0.03213,0.00084,0.00020,0.96683
63.00000,1.02193,0.06377,0.00106,0.00028,0.93490
63.14000,1.02193,0.03404,0.00128,0.00017,0.96451
63.28000,1.02194,0.03665,0.00079,0.00025,0.96230
63.42000,1.02194,0.07950,0.00035,0.00028,0.91986
63.56000,1.02194,0.05666,0.00084,0.00027,0.94223
63.70000,1.02194,0.07876,0.00084,0.00041,0.92000
63.84000,1.02194,0.04545,0.00187,0.00033,0.95235
63.98000,1.02194,0.08272,0.00106,0.00039,0.91583
64.12000,1.02193,0.06320,0.00175,0.00052,0.93452
64.26000,1.02193,0.09852,0.00058,0.00041,0.90049
64.40000,1.02193,0.06437,0.00101,0.00023,0.93439
64.54000,1.02193,0.07280,0.00037,0.00019,0.92664
64.68000,1.02193,0.06104,0.00057,0.00017,0.93823
64.82000,1.02193,0.03921,0.00073,0.00017,0.95989
64.96000,1.02194,0.03151,0.00063,0.00015,0.96770
65.10000,1.02194,0.04617,0.00039,0.00016,0.95328
65.24000,1.02194,0.03487,0.00069,0.00023,0.96421
65.38000,1.02194,0.06773,0.00079,0.00030,0.93118
65.52000,1.02194,0.05783,0.00027,0.00016,0.94174
65.66000,1.02193,0.05116,0.00008,0.00011,0.94865
65.80000,1.02193,0.04356,0.00007,0.00008,0.95629
65.94000,1.02193,0.07415,0.00007,0.00018,0.92560
66.08000,1.02193,0.05053,0.00012,0.00008,0.94927
66.22000,1.02193,0.03285,0.00029,0.00042,0.96644
66.36000,1.02193,0.03015,0.00057,0.00013,0.96914
66.50000,1.02193,0.06132,0.00057,0.00020,0.93791
66.64000,1.02193,0.04332,0.00190,0.00042,0.95436
66.78000,1.02194,0.05914,0.00377,0.00042,0.93667
66.92000,1.02194,0.04371,0.00525,0.00026,0.95078
67.06000,1.02194,0.10823,0.00651,0.00079,0.88448
67.20000,1.02194,0.09636,0.01512,0.00093,0.88759
67.34000,1.02194,0.07137,0.02372,0.00097,0.90394
67.48000,1.02193,0.06777,0.02051,0.00072,0.91100
67.62000,1.02193,0.06993,0.01756,0.00055,0.91196
67.76000,1.02193,0.04388,0.00993,0.00033,0.94586
67.90000,1.02193,0.04523,0.00429,0.00025,0.95024
68.04000,1.02193,0.03975,0.00443,0.00027,0.95555
68.18000,1.02193,0.03904,0.00238,0.00023,0.95835
68.32000,1.02193,0.05552,0.00244,0.00040,0.94164
68.46000,1.02194,0.02819,0.00219,0.00011,0.96950
68.60000,1.02194,0.03630,0.00233,0.00018,0.96119
68.74000,1.02194,0.04560,0.00290,0.00024,0.95125
68.88000,1.02194,0.03535,0.00242,0.00028,0.96195
69.02000,1.02194,0.03872,0.00185,0.00040,0.95903
69.16000,1.02193,0.03735,0.00392,0.00031,0.95841
69.30000,1.02193,0.04552,0.00715,0.00028,0.94706
69.44000,1.02193,0.03087,0.00188,0.00016,0.96709
69.58000,1.02193,0.03399,0.00157,0.00025,0.96419
69.72000,1.02193,0.04237,0.00133,0.00022,0.95608
69.86000,1.02193,0.02845,0.00074,0.00013,0.97068
70.00000,1.02193,0.03557,0.00052,0.00032,0.96359
70.14000,1.02193,0.04434,0.00093,0.00033,0.95440
70.28000,1.02194,0.03589,0.00125,0.00018,0.96267
70.42000,1.02194,0.04043,0.00114,0.00039,0.95804
70.56000,1.02194,0.09098,0.00107,0.00028,0.90768
70.70000,1.02194,0.02193,0.00066,0.00006,0.97735
70.84000,1.02194,0.04394,0.00031,0.00012,0.95563
70.98000,1.02193,0.04226,0.00025,0.00013,0.95737
71.12000,1.02193,0.03312,0.00046,0.00022,0.96620
71.26000,1.02193,0.05029,0.00037,0.00017,0.94917
71.40000,1.02193,0.04965,0.00014,0.00023,0.94998
71.54000,1.02193,0.05993,0.00006,0.00016,0.93985
71.68000,1.02193,0.09064,0.00001,0.00009,0.90927
71.82000,1.02193,0.14284,0.00001,0.00039,0.85677
71.96000,1.02194,0.12992,0.00002,0.00012,0.86994
72.10000,1.02194,0.09211,0.00007,0.00180,0.90601
72.24000,1.02194,0.04796,0.00134,0.00053,0.95017
72.38000,1.02194,0.07872,0.00249,0.00047,0.91833
72.52000,1.02194,0.06170,0.00153,0.00027,0.93650
72.66000,1.02193,0.05198,0.00100,0.00023,0.94679
72.80000,1.02193,0.06304,0.00067,0.00021,0.93608
72.94000,1.02193,0.04040,0.00174,0.00023,0.95763
73.08000,1.02193,0.04384,0.00077,0.00011,0.95527
73.22000,1.02193,0.04253,0.00018,0.00012,0.95717
73.36000,1.02193,0.03703,0.00016,0.00008,0.96274
73.50000,1.02193,0.05820,0.00007,0.00008,0.94164
73.64000,1.02193,0.04382,0.00004,0.00024,0.95590
73.78000,1.02194,0.04329,0.00001,0.00006,0.95663
73.92000,1.02194,0.03205,0.00003,0.00039,0.96753
74.06000,1.02194,0.04033,0.00011,0.00024,0.95933
74.20000,1.02194,0.04867,0.00016,0.00014,0.95103
74.34000,1.02194,0.06241,0.00051,0.00106,0.93602
74.48000,1.02193,0.05990,0.00164,0.00050,0.93795
74.62000,1.02193,0.07436,0.00087,0.00034,0.92444
74.76000,1.02193,0.07887,0.00087,0.00032,0.91994
74.90000,1.02193,0.08513,0.00109,0.00065,0.91313
75.04000,1.02193,0.05011,0.00163,0.00037,0.94790
75.18000,1.02193,0.04138,0.00082,0.00062,0.95718
75.32000,1.02193,0.05668,0.00098,0.00091,0.94143
75.46000,1.02194,0.06834,0.00124,0.00277,0.92764
75.60000,1.02194,0.06913,0.00218,0.00160,0.92708
75.74000,1.02194,0.04050,0.00144,0.00021,0.95785
75.88000,1.02194,0.04599,0.00284,0.00026,0.95091
76.02000,1.02194,0.06841,0.00132,0.00036,0.92992
76.16000,1.02193,0.08332,0.00146,0.00042,0.91480
76.30000,1.02193,0.07290,0.00143,0.00035,0.92532
76.44000,1.02193,0.03660,0.00139,0.00024,0.96178
76.58000,1.02193,0.07067,0.00150,0.00029,0.92754
76.72000,1.02193,0.04162,0.00135,0.00029,0.95674
76.86000,1.02193,0.05976,0.00184,0.00031,0.93809
77.00000,1.02193,0.05943,0.00297,0.00037,0.93723
77.14000,1.02193,0.05463,0.00201,0.00038,0.94299
77.28000,1.02194,0.05535,0.00170,0.00020,0.94275
77.42000,1.02194,0.03487,0.00313,0.00027,0.96173
77.56000,1.02194,0.04113,0.00306,0.00028,0.95553
77.70000,1.02194,0.03788,0.00245,0.00022,0.95946
77.84000,1.02194,0.05422,0.00207,0.00030,0.94340
77.98000,1.02193,0.04086,0.00158,0.00030,0.95727
78.12000,1.02193,0.07276,0.00295,0.00051,0.92378
78.26000,1.02193,0.06613,0.00092,0.00028,0.93268
78.40000,1.02193,0.07074,0.00110,0.00035,0.92781
78.54000,1.02193,0.08507,0.00200,0.00054,0.91239
78.68000,1.02193,0.05266,0.00282,0.00035,0.94417
78.82000,1.02193,0.05250,0.00126,0.00020,0.94603
78.96000,1.02194,0.07095,0.00075,0.00030,0.92801
79.10000,1.02194,0.11338,0.00114,0.00070,0.88478
79.24000,1.02194,0.06386,0.00413,0.00038,0.93163
79.38000,1.02194,0.07745,0.00255,0.00044,0.91955
79.52000,1.02194,0.09821,0.00366,0.00060,0.89753
79.66000,1.02193,0.14443,0.00693,0.00077,0.84786
79.80000,1.02193,0.06917,0.02168,0.00059,0.90856
79.94000,1.02193,0.06152,0.01095,0.00043,0.92710
80.08000,1.02193,0.06309,0.00880,0.00036,0.92774
80.22000,1.02193,0.06037,0.00752,0.00043,0.93168
80.36000,1.02193,0.05512,0.00480,0.00038,0.93970
80.50000,1.02193,0.05830,0.00778,0.00047,0.93344
80.64000,1.02193,0.07984,0.01246,0.00064,0.90705
80.78000,1.02194,0.04802,0.00799,0.00029,0.94370
80.92000,1.02194,0.04864,0.00932,0.00028,0.94176
81.06000,1.02194,0.04140,0.00334,0.00026,0.95500
81.20000,1.02194,0.03500,0.00195,0.00014,0.96291
81.34000,1.02194,0.03504,0.00093,0.00013,0.96390
81.48000,1.02193,0.02625,0.00089,0.00018,0.97268
81.62000,1.02193,0.03041,0.00084,0.00015,0.96860
81.76000,1.02193,0.02564,0.00058,0.00015,0.97362
81.90000,1.02193,0.03261,0.00077,0.00010,0.96652
82.04000,1.02193,0.03340,0.00100,0.00026,0.96535
82.18000,1.02193,0.03580,0.00147,0.00020,0.96252
82.32000,1.02193,0.03783,0.00114,0.00014,0.96089
82.46000,1.02194,0.03875,0.00155,0.00036,0.95934
82.60000,1.02194,0.07458,0.00216,0.00033,0.92293
82.74000,1.02194,0.04020,0.00175,0.00018,0.95787
82.88000,1.02194,0.04740,0.00172,0.00032,0.95056
83.02000,1.02194,0.07036,0.00126,0.00034,0.92804
83.16000,1.02193,0.05570,0.00217,0.00035,0.94178
83.30000,1.02193,0.04796,0.00293,0.00047,0.94864
83.44000,1.02193,0.07231,0.00190,0.00037,0.92542
83.58000,1.02193,0.07872,0.00172,0.00040,0.91916
83.72000,1.02193,0.09053,0.00216,0.00054,0.90677
83.86000,1.02193,0.04436,0.00393,0.00024,0.95147
84.00000,1.02193,0.04243,0.00359,0.00027,0.95371
84.14000,1.02193,0.04817,0.00216,0.00023,0.94945
84.28000,1.02194,0.06225,0.00192,0.00030,0.93552
84.42000,1.02194,0.03682,0.00218,0.00023,0.96078
84.56000,1.02194,0.03558,0.00190,0.00019,0.96234
84.70000,1.02194,0.03660,0.00100,0.00022,0.96219
84.84000,1.02194,0.03779,0.00150,0.00026,0.96044
84.98000,1.02193,0.05064,0.00112,0.00019,0.94805
85.12000,1.02193,0.03498,0.00152,0.00027,0.96324
85.26000,1.02193,0.03813,0.00207,0.00027,0.95954
85.40000,1.02193,0.08440,0.00120,0.00036,0.91404
85.54000,1.02193,0.04067,0.00339,0.00029,0.95565
85.68000,1.02193,0.04902,0.00342,0.00037,0.94720
85.82000,1.02193,0.06942,0.00287,0.00044,0.92727
85.96000,1.02194,0.04338,0.00404,0.00027,0.95231
86.10000,1.02194,0.04142,0.00249,0.00035,0.95574
86.24000,1.02194,0.06641,0.00130,0.00027,0.93202
86.38000,1.02194,0.04063,0.00216,0.00019,0.95703
86.52000,1.02194,0.05336,0.00170,0.00034,0.94460
86.66000,1.02193,0.05310,0.00201,0.00026,0.94463
86.80000,1.02193,0.03637,0.00177,0.00018,0.96167
86.94000,1.02193,0.03340,0.00135,0.00020,0.96506
87.08000,1.02193,0.07471,0.00051,0.00029,0.92450
87.22000,1.02193,0.07623,0.00128,0.00035,0.92214
87.36000,1.02193,0.03977,0.00148,0.00027,0.95848
87.50000,1.02193,0.05587,0.00127,0.00024,0.94263
87.64000,1.02193,0.03877,0.00176,0.00026,0.95921
87.78000,1.02194,0.09842,0.00065,0.00027,0.90066
87.92000,1.02194,0.06323,0.00224,0.00027,0.93426
88.06000,1.02194,0.04964,0.00094,0.00020,0.94921
88.20000,1.02194,0.03816,0.00051,0.00014,0.96119
88.34000,1.02194,0.02793,0.00015,0.00004,0.97188
88.48000,1.02193,0.06178,0.00015,0.00009,0.93798
88.62000,1.02193,0.03799,0.00037,0.00007,0.96157
88.76000,1.02193,0.02176,0.00031,0.00012,0.97780
88.90000,1.02193,0.03005,0.00121,0.00017,0.96858
89.04000,1.02193,0.03449,0.00122,0.00031,0.96398
89.18000,1.02193,0.05269,0.00415,0.00025,0.94291
89.32000,1.02193,0.03862,0.00420,0.00027,0.95691
89.46000,1.02194,0.05433,0.00637,0.00066,0.93865
89.60000,1.02194,0.08402,0.01298,0.00052,0.90248
89.74000,1.02194,0.05807,0.01360,0.00057,0.92776
89.88000,1.02194,0.04932,0.00862,0.00042,0.94164
90.02000,1.02194,0.04216,0.00636,0.00036,0.95112
90.16000,1.02193,0.03764,0.00315,0.00029,0.95891
90.30000,1.02193,0.03029,0.00248,0.00014,0.96709
90.44000,1.02193,0.02877,0.00130,0.00020,0.96973
90.58000,1.02193,0.02542,0.00114,0.00014,0.97329
90.72000,1.02193,0.02782,0.00078,0.00015,0.97125
90.86000,1.02193,0.03096,0.00062,0.00016,0.96826
91.00000,1.02193,0.03822,0.00124,0.00021,0.96034
91.14000,1.02193,0.03168,0.00124,0.00021,0.96687
91.28000,1.02194,0.04727,0.00114,0.00023,0.95136
91.42000,1.02194,0.03873,0.00071,0.00030,0.96027
91.56000,1.02194,0.04851,0.00098,0.00018,0.95033
91.70000,1.02194,0.04280,0.00073,0.00048,0.95599
91.84000,1.02194,0.05798,0.00067,0.00014,0.94120
91.98000,1.02193,0.04182,0.00097,0.00039,0.95683
92.12000,1.02193,0.04966,0.00265,0.00058,0.94711
92.26000,1.02193,0.04333,0.00415,0.00029,0.95224
92.40000,1.02193,0.04594,0.00340,0.00044,0.95023
92.54000,1.02193,0.08344,0.00548,0.00054,0.91054
92.68000,1.02193,0.04902,0.00498,0.00047,0.94553
92.82000,1.02193,0.03950,0.00272,0.00022,0.95756
92.96000,1.02194,0.06168,0.00366,0.00042,0.93424
93.10000,1.02194,0.07111,0.00287,0.00039,0.92563
93.24000,1.02194,0.03121,0.00223,0.00015,0.96641
93.38000,1.02194,0.03359,0.00116,0.00018,0.96507
93.52000,1.02194,0.07753,0.00139,0.00024,0.92084
93.66000,1.02193,0.03481,0.00113,0.00016,0.96390
93.80000,1.02193,0.02438,0.00014,0.00009,0.97539
93.94000,1.02193,0.03319,0.00031,0.00014,0.96636
94.08000,1.02193,0.11445,0.00014,0.00034,0.88507
94.22000,1.02193,0.03517,0.00036,0.00013,0.96434
94.36000,1.02193,0.03461,0.00014,0.00024,0.96501
94.50000,1.02193,0.07807,0.00106,0.00040,0.92046
94.64000,1.02193,0.05061,0.00483,0.00048,0.94407
94.78000,1.02194,0.03878,0.00252,0.00032,0.95838
94.92000,1.02194,0.03651,0.00167,0.00029,0.96152
95.06000,1.02194,0.06568,0.00203,0.00039,0.93189
95.20000,1.02194,0.04076,0.00158,0.00023,0.95743
95.34000,1.02194,0.06937,0.00081,0.00033,0.92950
95.48000,1.02193,0.04675,0.00211,0.00057,0.95057
95.62000,1.02193,0.07792,0.00127,0.00045,0.92037
95.76000,1.02193,0.05503,0.00360,0.00069,0.94069
95.90000,1.02193,0.08676,0.00400,0.00077,0.90847
96.04000,1.02193,0.04691,0.00486,0.00035,0.94788
96.18000,1.02193,0.04407,0.00188,0.00037,0.95368
96.32000,1.02193,0.04799,0.00311,0.00026,0.94864
96.46000,1.02194,0.02660,0.00054,0.00014,0.97272
96.60000,1.02194,0.05451,0.00021,0.00015,0.94513
96.74000,1.02194,0.02686,0.00014,0.00007,0.97292
96.88000,1.02194,0.04678,0.00011,0.00009,0.95302
97.02000,1.02194,0.07256,0.00007,0.00011,0.92726
97.16000,1.02193,0.04583,0.00009,0.00035,0.95374
97.30000,1.02193,0.07725,0.00003,0.00024,0.92248
97.44000,1.02193,0.21401,0.00006,0.00122,0.78471
97.58000,1.02193,0.08615,0.00016,0.00032,0.91336
97.72000,1.02193,0.06291,0.00052,0.00168,0.93489
97.86000,1.02193,0.04292,0.00094,0.00045,0.95569
98.00000,1.02193,0.04891,0.00104,0.00017,0.94989
98.14000,1.02193,0.03496,0.00016,0.00003,0.96484
98.28000,1.02194,0.06073,0.00005,0.00007,0.93915
98.42000,1.02194,0.04286,0.00015,0.00004,0.95695
98.56000,1.02194,0.02800,0.00022,0.00009,0.97169
98.70000,1.02194,0.02046,0.00015,0.00006,0.97932
98.84000,1.02194,0.03726,0.00031,0.00015,0.96228
98.98000,1.02193,0.03069,0.00041,0.00013,0.96877
99.12000,1.02193,0.02509,0.00048,0.00012,0.97431
99.26000,1.02193,0.02468,0.00041,0.00009,0.97482
99.40000,1.02193,0.02717,0.00038,0.00014,0.97231
99.54000,1.02193,0.03445,0.00031,0.00039,0.96485
99.68000,1.02193,0.03567,0.00132,0.00023,0.96278
99.82000,1.02193,0.04441,0.00162,0.00037,0.95359
99.96000,1.02194,0.04152,0.00235,0.00039,0.95575
100.10000,1.02194,0.06607,0.00115,0.00026,0.93251
100.24000,1.02194,0.05872,0.00128,0.00035,0.93966
100.38000,1.02194,0.04728,0.00346,0.00041,0.94884
100.52000,1.02194,0.02689,0.00083,0.00013,0.97214
100.66000,1.02193,0.02438,0.00071,0.00016,0.97475
100.80000,1.02193,0.08002,0.00040,0.00029,0.91929
100.94000,1.02193,0.03372,0.00071,0.00016,0.96542
101.08000,1.02193,0.03331,0.00023,0.00021,0.96625
101.22000,1.02193,0.05425,0.00059,0.00035,0.94481
101.36000,1.02193,0.04454,0.00080,0.00049,0.95417
101.50000,1.02193,0.03908,0.00032,0.00038,0.96023
101.64000,1.02193,0.03583,0.00028,0.00022,0.96367
101.78000,1.02194,0.07686,0.00036,0.00019,0.92259
101.92000,1.02194,0.07288,0.00020,0.00019,0.92673
102.06000,1.02194,0.03039,0.00015,0.00008,0.96938
102.20000,1.02194,0.06785,0.00016,0.00021,0.93178
102.34000,1.02194,0.15423,0.00015,0.00056,0.84506
102.48000,1.02193,0.06233,0.00057,0.00022,0.93689
102.62000,1.02193,0.07130,0.00036,0.00105,0.92730
102.76000,1.02193,0.09577,0.00143,0.00048,0.90233
102.90000,1.02193,0.12172,0.00115,0.00068,0.87645
103.04000,1.02193,0.16692,0.00049,0.00084,0.83175
103.18000,1.02193,0.19442,0.00067,0.00087,0.80404
103.32000,1.02193,0.18056,0.00257,0.00103,0.81584
103.46000,1.02194,0.21350,0.00065,0.00105,0.78480
103.60000,1.02194,0.21854,0.00074,0.00088,0.77984
103.74000,1.02194,0.18490,0.00093,0.00110,0.81306
103.88000,1.02194,0.16258,0.00051,0.00075,0.83616
104.02000,1.02194,0.10390,0.00287,0.00045,0.89278
104.16000,1.02193,0.07695,0.00172,0.00039,0.92094
104.30000,1.02193,0.12891,0.00033,0.00056,0.87019
104.44000,1.02193,0.04664,0.00227,0.00029,0.95079
104.58000,1.02193,0.05196,0.00274,0.00046,0.94483
104.72000,1.02193,0.04457,0.00185,0.00039,0.95318
104.86000,1.02193,0.04794,0.00225,0.00035,0.94946
105.00000,1.02193,0.11076,0.00107,0.00061,0.88756
105.14000,1.02193,0.06761,0.00230,0.00043,0.92967
105.28000,1.02194,0.07240,0.00212,0.00055,0.92494
105.42000,1.02194,0.11209,0.00032,0.00025,0.88734
105.56000,1.02194,0.10570,0.00021,0.00036,0.89373
105.70000,1.02194,0.08986,0.00008,0.00012,0.90993
105.84000,1.02194,0.09523,0.00018,0.00016,0.90443
105.98000,1.02193,0.26732,0.00083,0.00056,0.73128
106.12000,1.02193,0.11680,0.00278,0.00043,0.87999
106.26000,1.02193,0.08511,0.00179,0.00118,0.91193
106.40000,1.02193,0.15749,0.00146,0.00053,0.84052
106.54000,1.02193,0.16855,0.00252,0.00075,0.82819
106.68000,1.02193,0.08264,0.01031,0.00056,0.90650
106.82000,1.02193,0.06972,0.00625,0.00069,0.92334
106.96000,1.02194,0.08887,0.00656,0.00095,0.90363
107.10000,1.02194,0.12114,0.00543,0.00077,0.87265
107.24000,1.02194,0.06875,0.00385,0.00049,0.92691
107.38000,1.02194,0.12124,0.00104,0.00043,0.87730
107.52000,1.02194,0.13414,0.00067,0.00047,0.86473
107.66000,1.02193,0.12472,0.00291,0.00069,0.87168
107.80000,1.02193,0.06254,0.00391,0.00059,0.93295
107.94000,1.02193,0.06249,0.00420,0.00057,0.93275
108.08000,1.02193,0.07757,0.00065,0.00029,0.92150
108.22000,1.02193,0.08355,0.00028,0.00019,0.91598
108.36000,1.02193,0.13321,0.00032,0.00044,0.86603
108.50000,1.02193,0.07404,0.00158,0.00043,0.92395
108.64000,1.02193,0.05159,0.00146,0.00026,0.94669
108.78000,1.02194,0.10172,0.00111,0.00062,0.89655
108.92000,1.02194,0.13121,0.00100,0.00065,0.86714
109.06000,1.02194,0.09672,0.00035,0.00031,0.90262
109.20000,1.02194,0.07755,0.00007,0.00027,0.92212
109.34000,1.02194,0.08291,0.00001,0.00008,0.91700
109.48000,1.02193,0.10715,0.00007,0.00021,0.89256
109.62000,1.02193,0.11068,0.00015,0.00026,0.88891
109.76000,1.02193,0.04600,0.00050,0.00016,0.95333
109.90000,1.02193,0.08285,0.00186,0.00075,0.91454
110.04000,1.02193,0.13569,0.00064,0.00046,0.86321
110.18000,1.02193,0.14488,0.00078,0.00072,0.85362
110.32000,1.02193,0.16524,0.00077,0.00087,0.83311
110.46000,1.02194,0.08403,0.00210,0.00041,0.91346
110.60000,1.02194,0.12299,0.00083,0.00053,0.87565
110.74000,1.02194,0.16660,0.00053,0.00080,0.83208
110.88000,1.02194,0.08144,0.00303,0.00055,0.91498
111.02000,1.02194,0.08967,0.00141,0.00057,0.90834
111.16000,1.02193,0.16436,0.00060,0.00071,0.83433
111.30000,1.02193,0.15008,0.00086,0.00077,0.84830
111.44000,1.02193,0.14278,0.00081,0.00069,0.85571
111.58000,1.02193,0.15925,0.00061,0.00067,0.83947
111.72000,1.02193,0.17035,0.00055,0.00071,0.82839
111.86000,1.02193,0.17679,0.00115,0.00074,0.82132
112.00000,1.02193,0.13981,0.00101,0.00076,0.85842
112.14000,1.02193,0.13101,0.00078,0.00070,0.86751
112.28000,1.02194,0.11086,0.00047,0.00043,0.88824
112.42000,1.02194,0.11286,0.00054,0.00056,0.88604
112.56000,1.02194,0.14227,0.00063,0.00074,0.85636
112.70000,1.02194,0.08173,0.00562,0.00069,0.91196
112.84000,1.02194,0.13350,0.00087,0.00063,0.86499
112.98000,1.02193,0.13857,0.00051,0.00063,0.86029
113.12000,1.02193,0.14068,0.00040,0.00059,0.85833
113.26000,1.02193,0.14141,0.00029,0.00052,0.85778
113.40000,1.02193,0.15644,0.00039,0.00062,0.84255
113.54000,1.02193,0.17941,0.00049,0.00075,0.81935
113.68000,1.02193,0.15174,0.00113,0.00078,0.84636
113.82000,1.02193,0.15741,0.00052,0.00071,0.84136
113.96000,1.02194,0.15637,0.00054,0.00064,0.84245
114.10000,1.02194,0.16963,0.00056,0.00070,0.82912
114.24000,1.02194,0.30331,0.00062,0.00085,0.69523
114.38000,1.02194,0.21467,0.00121,0.00108,0.78304
114.52000,1.02194,0.21516,0.00086,0.00092,0.78307
114.66000,1.02193,0.18042,0.00090,0.00053,0.81815
114.80000,1.02193,0.17019,0.00054,0.00073,0.82854
114.94000,1.02193,0.18011,0.00098,0.00052,0.81839
115.08000,1.02193,0.05794,0.00887,0.00036,0.93284
115.22000,1.02193,0.06846,0.00504,0.00052,0.92598
115.36000,1.02193,0.05319,0.00531,0.00040,0.94110
115.50000,1.02193,0.05688,0.00380,0.00050,0.93882
115.64000,1.02193,0.06804,0.00229,0.00054,0.92912
115.78000,1.02194,0.09372,0.00112,0.00048,0.90468
115.92000,1.02194,0.09370,0.00062,0.00047,0.90521
116.06000,1.02194,0.09748,0.00041,0.00030,0.90181
116.20000,1.02194,0.09991,0.00060,0.00048,0.89900
116.34000,1.02194,0.12977,0.00059,0.00058,0.86906
116.48000,1.02193,0.07028,0.00118,0.00026,0.92828
116.62000,1.02193,0.08084,0.00028,0.00027,0.91861
116.76000,1.02193,0.11265,0.00003,0.00014,0.88718
116.90000,1.02193,0.09225,0.00021,0.00028,0.90726
117.04000,1.02193,0.07922,0.00025,0.00018,0.92035
117.18000,1.02193,0.03043,0.00039,0.00015,0.96902
117.32000,1.02193,0.06040,0.00182,0.00039,0.93739
117.46000,1.02194,0.13144,0.00076,0.00066,0.86714
117.60000,1.02194,0.09741,0.00138,0.00054,0.90067
117.74000,1.02194,0.09336,0.00289,0.00082,0.90294
117.88000,1.02194,0.13984,0.00065,0.00069,0.85882
118.02000,1.02194,0.15261,0.00067,0.00069,0.84603
118.16000,1.02193,0.15090,0.00052,0.00064,0.84794
118.30000,1.02193,0.15511,0.00057,0.00068,0.84364
118.44000,1.02193,0.19633,0.00056,0.00060,0.80251
118.58000,1.02193,0.13646,0.00049,0.00077,0.86229
118.72000,1.02193,0.11771,0.00026,0.00040,0.88163
118.86000,1.02193,0.10667,0.00043,0.00037,0.89253
119.00000,1.02193,0.16700,0.00050,0.00084,0.83166
119.14000,1.02193,0.08353,0.00236,0.00051,0.91361
119.28000,1.02194,0.08104,0.00321,0.00073,0.91501
119.42000,1.02194,0.16695,0.00062,0.00077,0.83165
119.56000,1.02194,0.16582,0.00083,0.00080,0.83256
119.70000,1.02194,0.16560,0.00062,0.00070,0.83308
119.84000,1.02194,0.17703,0.00081,0.00097,0.82120
119.98000,1.02193,0.15539,0.00075,0.00063,0.84323
120.12000,1.02193,0.13541,0.00076,0.00076,0.86307
120.26000,1.02193,0.14191,0.00048,0.00047,0.85715
120.40000,1.02193,0.12536,0.00118,0.00049,0.87297
120.54000,1.02193,0.17542,0.00117,0.00108,0.82233
120.68000,1.02193,0.13793,0.00326,0.00086,0.85795
120.82000,1.02193,0.08056,0.00331,0.00074,0.91540
120.96000,1.02194,0.15558,0.00098,0.00084,0.84260
121.10000,1.02194,0.16649,0.00130,0.00087,0.83134
121.24000,1.02194,0.14114,0.00193,0.00081,0.85611
121.38000,1.02194,0.15784,0.00063,0.00073,0.84080
121.52000,1.02194,0.14864,0.00033,0.00055,0.85048
121.66000,1.02193,0.14986,0.00029,0.00051,0.84933
121.80000,1.02193,0.16429,0.00031,0.00054,0.83486
121.94000,1.02193,0.14776,0.00044,0.00072,0.85108
122.08000,1.02193,0.12860,0.00043,0.00041,0.87056
122.22000,1.02193,0.12388,0.00050,0.00057,0.87505
122.36000,1.02193,0.14882,0.00042,0.00070,0.85006
122.50000,1.02193,0.13559,0.00113,0.00078,0.86251
122.64000,1.02193,0.08656,0.00322,0.00077,0.90945
122.78000,1.02194,0.10148,0.00077,0.00049,0.89726
122.92000,1.02194,0.07472,0.00211,0.00060,0.92258
123.06000,1.02194,0.15294,0.00069,0.00080,0.84557
123.20000,1.02194,0.09879,0.00272,0.00064,0.89784
123.34000,1.02194,0.13390,0.00102,0.00090,0.86418
123.48000,1.02193,0.10442,0.00033,0.00027,0.89498
123.62000,1.02193,0.10350,0.00064,0.00040,0.89546
123.76000,1.02193,0.15699,0.00087,0.00066,0.84148
123.90000,1.02193,0.11556,0.00436,0.00077,0.87932
124.04000,1.02193,0.07160,0.00408,0.00044,0.92387
124.18000,1.02193,0.10501,0.00274,0.00074,0.89151
124.32000,1.02193,0.14971,0.00106,0.00064,0.84859
124.46000,1.02194,0.18171,0.00080,0.00100,0.81649
124.60000,1.02194,0.15288,0.00109,0.00059,0.84545
124.74000,1.02194,0.10624,0.00152,0.00074,0.89149
124.88000,1.02194,0.11838,0.00045,0.00044,0.88073
125.02000,1.02194,0.13283,0.00074,0.00050,0.86594
125.16000,1.02193,0.10272,0.00362,0.00086,0.89280
125.30000,1.02193,0.09929,0.00214,0.00058,0.89800
125.44000,1.02193,0.08247,0.00245,0.00063,0.91445
125.58000,1.02193,0.18136,0.00075,0.00076,0.81713
125.72000,1.02193,0.18131,0.00054,0.00087,0.81728
125.86000,1.02193,0.16763,0.00075,0.00076,0.83086
126.00000,1.02193,0.19372,0.00080,0.00083,0.80465
126.14000,1.02193,0.23146,0.00060,0.00100,0.76694
126.28000,1.02194,0.19926,0.00063,0.00097,0.79914
126.42000,1.02194,0.14721,0.00055,0.00068,0.85156
126.56000,1.02194,0.13098,0.00044,0.00037,0.86821
126.70000,1.02194,0.12778,0.00032,0.00036,0.87153
126.84000,1.02194,0.12426,0.00045,0.00039,0.87490
126.98000,1.02193,0.07654,0.00052,0.00029,0.92265
127.12000,1.02193,0.07208,0.00041,0.00031,0.92720
127.26000,1.02193,0.06335,0.00050,0.00029,0.93586
127.40000,1.02193,0.05894,0.00084,0.00030,0.93992
127.54000,1.02193,0.06652,0.00044,0.00030,0.93274
127.68000,1.02193,0.06991,0.00054,0.00035,0.92919
127.82000,1.02193,0.06987,0.00064,0.00036,0.92912
127.96000,1.02193,0.08979,0.00041,0.00043,0.90936
128.10001,1.02193,0.09919,0.00068,0.00049,0.89963
128.24001,1.02193,0.10102,0.00078,0.00054,0.89766
128.38000,1.02193,0.11649,0.00061,0.00055,0.88235
128.52000,1.02193,0.13298,0.00040,0.00058,0.86604
128.66000,1.02193,0.11997,0.00039,0.00043,0.87922
128.80000,1.02193,0.13027,0.00034,0.00049,0.86890
128.94000,1.02194,0.13470,0.00031,0.00048,0.86451
129.08000,1.02194,0.11084,0.00066,0.00051,0.88799
129.22000,1.02194,0.10693,0.00044,0.00044,0.89219
129.36000,1.02194,0.10590,0.00066,0.00049,0.89295
129.50000,1.02194,0.10695,0.00042,0.00047,0.89216
129.64000,1.02194,0.10036,0.00061,0.00047,0.89856
129.78000,1.02194,0.09570,0.00039,0.00035,0.90356
129.92000,1.02194,0.11646,0.00033,0.00044,0.88277
130.06000,1.02194,0.10687,0.00050,0.00045,0.89218
130.20000,1.02194,0.10110,0.00060,0.00049,0.89781
130.34000,1.02194,0.09545,0.00075,0.00037,0.90343
130.48000,1.02194,0.11370,0.00055,0.00059,0.88516
130.62000,1.02194,0.11157,0.00091,0.00044,0.88708
130.75999,1.02194,0.07259,0.00163,0.00039,0.92539
130.89999,1.02194,0.08766,0.00076,0.00032,0.91126
131.03999,1.02194,0.07135,0.00262,0.00032,0.92570
131.17999,1.02194,0.03440,0.00169,0.00017,0.96375
131.32001,1.02193,0.02679,0.00056,0.00008,0.97257
131.46001,1.02193,0.02661,0.00043,0.00013,0.97283
131.60001,1.02193,0.06937,0.00020,0.00020,0.93023
131.74001,1.02193,0.03145,0.00060,0.00012,0.96783
131.88000,1.02193,0.02304,0.00026,0.00013,0.97656
132.02000,1.02193,0.06319,0.00049,0.00026,0.93606
132.16000,1.02193,0.02860,0.00066,0.00015,0.97060
132.30000,1.02193,0.05214,0.00133,0.00028,0.94625
132.44000,1.02194,0.03876,0.00066,0.00030,0.96028
132.58000,1.02194,0.03885,0.00150,0.00025,0.95939
132.72000,1.02194,0.05954,0.00158,0.00044,0.93844
132.86000,1.02194,0.05693,0.00149,0.00039,0.94120
133.00000,1.02194,0.05662,0.00114,0.00035,0.94189
133.14000,1.02194,0.07396,0.00091,0.00045,0.92468
133.28000,1.02194,0.07174,0.00107,0.00054,0.92664
133.42000,1.02194,0.09886,0.00061,0.00050,0.90003
133.56000,1.02194,0.08889,0.00068,0.00044,0.90998
133.70000,1.02194,0.12231,0.00048,0.00053,0.87667
133.84000,1.02194,0.11043,0.00046,0.00049,0.88862
133.98000,1.02194,0.10932,0.00065,0.00049,0.88954
134.12000,1.02194,0.11864,0.00042,0.00052,0.88042
134.25999,1.02194,0.11078,0.00055,0.00050,0.88817
134.39999,1.02194,0.11685,0.00045,0.00052,0.88218
134.53999,1.02194,0.11697,0.00040,0.00050,0.88213
134.67999,1.02194,0.10138,0.00037,0.00033,0.89792
134.82001,1.02193,0.11624,0.00031,0.00043,0.88301
134.96001,1.02193,0.13368,0.00054,0.00069,0.86510
135.10001,1.02193,0.08799,0.00069,0.00052,0.91080
135.24001,1.02193,0.08162,0.00039,0.00026,0.91774
135.38000,1.02193,0.10553,0.00030,0.00039,0.89378
135.52000,1.02193,0.14506,0.00047,0.00068,0.85379
135.66000,1.02193,0.07624,0.00209,0.00045,0.92121
135.80000,1.02193,0.09270,0.00103,0.00057,0.90570
135.94000,1.02194,0.10509,0.00070,0.00041,0.89380
136.08000,1.02194,0.12508,0.00048,0.00055,0.87389
136.22000,1.02194,0.14974,0.00080,0.00084,0.84863
136.36000,1.02194,0.11051,0.00142,0.00066,0.88741
136.50000,1.02194,0.12425,0.00118,0.00076,0.87381
136.64000,1.02194,0.14183,0.00048,0.00058,0.85712
136.78000,1.02194,0.12946,0.00043,0.00052,0.86959
136.92000,1.02194,0.12351,0.00035,0.00041,0.87573
137.06000,1.02194,0.10595,0.00038,0.00035,0.89332
137.20000,1.02194,0.10883,0.00037,0.00043,0.89037
137.34000,1.02194,0.07649,0.00052,0.00029,0.92269
137.48000,1.02194,0.07097,0.00048,0.00031,0.92824
137.62000,1.02194,0.09228,0.00045,0.00036,0.90691
137.75999,1.02194,0.05228,0.00130,0.00034,0.94608
137.89999,1.02194,0.06401,0.00093,0.00041,0.93466
138.03999,1.02194,0.08765,0.00045,0.00036,0.91155
138.17999,1.02194,0.08692,0.00049,0.00033,0.91226
138.32001,1.02193,0.08554,0.00038,0.00031,0.91376
138.46001,1.02193,0.07015,0.00019,0.00024,0.92941
138.60001,1.02193,0.06147,0.00006,0.00009,0.93838
138.74001,1.02193,0.09865,0.00008,0.00031,0.90095
138.88000,1.02193,0.15375,0.00023,0.00037,0.84566
139.02000,1.02193,0.07939,0.00247,0.00085,0.91729
139.16000,1.02193,0.08061,0.00203,0.00076,0.91660
139.30000,1.02193,0.07975,0.00107,0.00032,0.91887
139.44000,1.02194,0.12571,0.00055,0.00050,0.87324
139.58000,1.02194,0.19647,0.00102,0.00083,0.80169
139.72000,1.02194,0.06376,0.00477,0.00041,0.93106
139.86000,1.02194,0.09568,0.00151,0.00065,0.90215
140.00000,1.02194,0.12966,0.00097,0.00063,0.86873
140.14000,1.02194,0.09923,0.00121,0.00069,0.89887
140.28000,1.02194,0.10119,0.00029,0.00040,0.89811
140.42000,1.02194,0.09327,0.00040,0.00024,0.90609
140.56000,1.02194,0.07961,0.00033,0.00028,0.91978
140.70000,1.02194,0.06772,0.00050,0.00030,0.93148
140.84000,1.02194,0.03412,0.00043,0.00022,0.96523
140.98000,1.02194,0.05262,0.00072,0.00029,0.94637
141.12000,1.02194,0.06276,0.00080,0.00122,0.93522
141.25999,1.02194,0.05105,0.00113,0.00030,0.94752
141.39999,1.02194,0.07035,0.00034,0.00036,0.92895
141.53999,1.02194,0.11971,0.00009,0.00042,0.87978
141.67999,1.02194,0.14080,0.00010,0.00079,0.85831
141.82001,1.02193,0.12251,0.00014,0.00041,0.87694
141.96001,1.02193,0.07581,0.00179,0.00277,0.91964
142.10001,1.02193,0.20323,0.00068,0.00295,0.79314
142.24001,1.02193,0.05774,0.00161,0.00090,0.93975
142.38000,1.02193,0.08629,0.00078,0.00119,0.91175
142.52000,1.02193,0.11554,0.00138,0.00266,0.88042
142.66000,1.02193,0.08709,0.00349,0.00197,0.90745
142.80000,1.02193,0.08841,0.00208,0.00270,0.90681
142.94000,1.02194,0.07106,0.00288,0.00074,0.92532
143.08000,1.02194,0.07117,0.00146,0.00075,0.92663
143.22000,1.02194,0.10528,0.00023,0.00029,0.89420
143.36000,1.02194,0.11092,0.00023,0.00037,0.88847
143.50000,1.02194,0.11188,0.00019,0.00035,0.88757
143.64000,1.02194,0.04258,0.00057,0.00018,0.95668
143.78000,1.02194,0.04238,0.00027,0.00022,0.95714
143.92000,1.02194,0.10906,0.00015,0.00048,0.89031
144.06000,1.02194,0.05914,0.00061,0.00024,0.94001
144.20000,1.02194,0.04825,0.00089,0.00068,0.95018
144.34000,1.02194,0.10451,0.00183,0.00063,0.89303
144.48000,1.02194,0.08640,0.00263,0.00067,0.91031
144.62000,1.02194,0.11734,0.00211,0.00066,0.87989
144.75999,1.02194,0.13748,0.00146,0.00071,0.86035
144.89999,1.02194,0.13527,0.00162,0.00079,0.86232
145.03999,1.02194,0.11897,0.00117,0.00059,0.87927
145.17999,1.02194,0.13085,0.00244,0.00062,0.86610
145.32001,1.02193,0.15129,0.00104,0.00071,0.84696
145.46001,1.02193,0.12858,0.00193,0.00083,0.86866
145.60001,1.02193,0.10657,0.00134,0.00058,0.89152
145.74001,1.02193,0.11928,0.00113,0.00075,0.87884
145.88000,1.02193,0.14911,0.00082,0.00080,0.84926
146.02000,1.02193,0.12273,0.00442,0.00089,0.87196
146.16000,1.02193,0.15837,0.00198,0.00096,0.83869
146.30000,1.02193,0.12749,0.00157,0.00078,0.87016
146.44000,1.02194,0.12420,0.00091,0.00062,0.87427
146.58000,1.02194,0.15993,0.00062,0.00049,0.83895
146.72000,1.02194,0.13165,0.00129,0.00053,0.86653
146.86000,1.02194,0.15931,0.00077,0.00046,0.83946
147.00000,1.02194,0.07452,0.00506,0.00066,0.91975
147.14000,1.02194,0.05851,0.00452,0.00042,0.93655
147.28000,1.02194,0.05865,0.00222,0.00029,0.93884
147.42000,1.02194,0.09240,0.00036,0.00035,0.90688
147.56000,1.02194,0.10895,0.00013,0.00023,0.89068
147.70000,1.02194,0.03995,0.00010,0.00005,0.95991
147.84000,1.02194,0.04914,0.00003,0.00006,0.95076
147.98000,1.02194,0.07168,0.00009,0.00010,0.92813
148.12000,1.02194,0.04084,0.00027,0.00017,0.95872
148.25999,1.02194,0.05964,0.00021,0.00053,0.93961
148.39999,1.02194,0.13375,0.00081,0.00070,0.86474
148.53999,1.02194,0.12579,0.00058,0.00057,0.87306
148.67999,1.02194,0.13266,0.00060,0.00059,0.86615
148.82001,1.02193,0.14235,0.00045,0.00058,0.85662
148.96001,1.02193,0.12278,0.00074,0.00058,0.87590
149.10001,1.02193,0.12121,0.00049,0.00046,0.87783
149.24001,1.02193,0.12746,0.00059,0.00052,0.87143
149.38000,1.02193,0.13065,0.00050,0.00065,0.86820
149.52000,1.02193,0.07914,0.00070,0.00028,0.91988
149.66000,1.02193,0.06797,0.00036,0.00025,0.93142
149.80000,1.02193,0.10339,0.00017,0.00032,0.89613
149.94000,1.02194,0.06955,0.00024,0.00015,0.93005
150.08000,1.02194,0.06277,0.00032,0.00026,0.93665
150.22000,1.02194,0.07642,0.00031,0.00024,0.92302
150.36000,1.02194,0.04635,0.00142,0.00031,0.95191
150.50000,1.02194,0.12304,0.00073,0.00050,0.87573
150.64000,1.02194,0.14163,0.00048,0.00066,0.85723
150.78000,1.02194,0.11635,0.00072,0.00054,0.88239
150.92000,1.02194,0.10289,0.00070,0.00045,0.89595
151.06000,1.02194,0.10865,0.00051,0.00046,0.89038
151.20000,1.02194,0.08666,0.00051,0.00035,0.91248
151.34000,1.02194,0.07324,0.00083,0.00034,0.92559
151.48000,1.02194,0.10698,0.00066,0.00051,0.89185
151.62000,1.02194,0.08744,0.00054,0.00046,0.91157
151.75999,1.02194,0.06882,0.00140,0.00045,0.92932
151.89999,1.02194,0.10596,0.00043,0.00041,0.89321
152.03999,1.02194,0.12745,0.00054,0.00055,0.87147
152.17999,1.02194,0.12393,0.00070,0.00062,0.87476
152.32001,1.02193,0.10802,0.00057,0.00052,0.89089
152.46001,1.02193,0.11750,0.00043,0.00043,0.88163
152.60001,1.02193,0.14314,0.00042,0.00058,0.85586
152.74001,1.02193,0.14789,0.00065,0.00070,0.85076
152.88000,1.02193,0.12310,0.00091,0.00059,0.87541
153.02000,1.02193,0.12350,0.00064,0.00055,0.87532
153.16000,1.02193,0.13461,0.00081,0.00061,0.86397
153.30000,1.02193,0.11630,0.00103,0.00057,0.88211
153.44000,1.02194,0.09629,0.00041,0.00032,0.90299
153.58000,1.02194,0.07396,0.00024,0.00018,0.92562
153.72000,1.02194,0.07764,0.00012,0.00014,0.92211
153.86000,1.02194,0.08976,0.00031,0.00029,0.90965
154.00000,1.02194,0.06589,0.00084,0.00040,0.93287
154.14000,1.02194,0.04844,0.00142,0.00032,0.94982
154.28000,1.02194,0.10384,0.00124,0.00065,0.89427
154.42000,1.02194,0.11495,0.00063,0.00047,0.88395
154.56000,1.02194,0.11736,0.00051,0.00045,0.88168
154.70000,1.02194,0.13366,0.00042,0.00050,0.86542
154.84000,1.02194,0.11599,0.00067,0.00051,0.88283
154.98000,1.02194,0.11373,0.00097,0.00065,0.88466
155.12000,1.02194,0.10253,0.00098,0.00057,0.89592
155.25999,1.02194,0.11476,0.00065,0.00058,0.88401
155.39999,1.02194,0.12686,0.00071,0.00058,0.87185
155.53999,1.02194,0.14294,0.00046,0.00059,0.85600
155.67999,1.02194,0.13261,0.00056,0.00054,0.86629
155.82001,1.02193,0.13360,0.00035,0.00052,0.86553
155.96001,1.02193,0.13735,0.00059,0.00063,0.86142
156.10001,1.02193,0.12547,0.00087,0.00066,0.87300
156.24001,1.02193,0.11856,0.00078,0.00053,0.88013
156.38000,1.02193,0.12061,0.00034,0.00047,0.87858
156.52000,1.02193,0.11278,0.00041,0.00038,0.88642
156.66000,1.02193,0.10430,0.00026,0.00035,0.89509
156.80000,1.02193,0.09041,0.00035,0.00027,0.90896
156.94000,1.02194,0.07593,0.00075,0.00033,0.92299
157.08000,1.02194,0.08962,0.00047,0.00043,0.90949
157.22000,1.02194,0.06287,0.00091,0.00028,0.93595
157.36000,1.02194,0.06712,0.00186,0.00050,0.93052
157.50000,1.02194,0.07341,0.00156,0.00051,0.92451
157.64000,1.02194,0.07750,0.00098,0.00040,0.92112
157.78000,1.02194,0.11987,0.00063,0.00055,0.87895
157.92000,1.02194,0.14084,0.00075,0.00075,0.85766
158.06000,1.02194,0.12406,0.00089,0.00054,0.87451
158.20000,1.02194,0.14621,0.00068,0.00063,0.85247
158.34000,1.02194,0.15303,0.00099,0.00063,0.84535
158.48000,1.02194,0.13574,0.00101,0.00059,0.86266
158.62000,1.02194,0.12914,0.00125,0.00070,0.86891
158.75999,1.02194,0.11033,0.00163,0.00055,0.88750
158.89999,1.02194,0.10647,0.00076,0.00052,0.89225
159.03999,1.02194,0.11405,0.00099,0.00062,0.88433
159.17999,1.02194,0.09344,0.00320,0.00064,0.90272
159.32001,1.02193,0.10565,0.00066,0.00043,0.89326
159.46001,1.02193,0.10323,0.00068,0.00053,0.89556
159.60001,1.02193,0.09134,0.00060,0.00038,0.90768
159.74001,1.02193,0.08447,0.00058,0.00031,0.91464
159.88000,1.02193,0.12004,0.00039,0.00049,0.87908
160.02000,1.02193,0.13095,0.00130,0.00066,0.86710
160.16000,1.02193,0.07507,0.00133,0.00045,0.92315
160.30000,1.02193,0.07803,0.00040,0.00028,0.92128
160.44000,1.02194,0.05139,0.00044,0.00014,0.94803
160.58000,1.02194,0.09880,0.00035,0.00032,0.90052
160.72000,1.02194,0.06458,0.00093,0.00025,0.93424
160.86000,1.02194,0.03928,0.00108,0.00026,0.95938
161.00000,1.02194,0.04688,0.00117,0.00028,0.95168
161.14000,1.02194,0.04573,0.00318,0.00026,0.95083
161.28000,1.02194,0.08282,0.00193,0.00048,0.91477
161.42000,1.02194,0.05197,0.00245,0.00029,0.94529
161.56000,1.02194,0.04576,0.00080,0.00027,0.95317
161.70000,1.02194,0.06661,0.00137,0.00032,0.93170
161.84000,1.02194,0.07219,0.00112,0.00045,0.92624
161.98000,1.02194,0.05757,0.00281,0.00045,0.93917
162.12000,1.02194,0.06912,0.00259,0.00049,0.92780
162.25999,1.02194,0.07400,0.00170,0.00062,0.92368
162.39999,1.02194,0.10859,0.00082,0.00053,0.89006
162.53999,1.02194,0.08767,0.00218,0.00062,0.90954
162.67999,1.02194,0.11966,0.00076,0.00070,0.87889
162.82001,1.02193,0.09397,0.00088,0.00044,0.90471
162.96001,1.02193,0.07445,0.00160,0.00050,0.92344
163.10001,1.02193,0.13244,0.00039,0.00061,0.86656
163.24001,1.02193,0.07258,0.00102,0.00037,0.92603
163.38000,1.02193,0.08276,0.00062,0.00034,0.91628
163.52000,1.02193,0.09376,0.00033,0.00030,0.90560
163.66000,1.02193,0.06343,0.00088,0.00031,0.93538
163.80000,1.02193,0.07449,0.00048,0.00028,0.92475
163.94000,1.02194,0.07058,0.00067,0.00046,0.92829
164.08000,1.02194,0.06556,0.00059,0.00029,0.93356
164.22000,1.02194,0.04911,0.00143,0.00038,0.94908
164.36000,1.02194,0.11277,0.00115,0.00050,0.88558
164.50000,1.02194,0.06202,0.00257,0.00051,0.93490
164.64000,1.02194,0.07125,0.00113,0.00035,0.92727
164.78000,1.02194,0.04952,0.00037,0.00009,0.95002
164.92000,1.02194,0.05867,0.00023,0.00011,0.94099
165.06000,1.02194,0.09281,0.00036,0.00023,0.90660
165.20000,1.02194,0.03927,0.00136,0.00020,0.95917
165.34000,1.02194,0.03822,0.00120,0.00018,0.96040
165.48000,1.02194,0.03234,0.00073,0.00014,0.96679
165.62000,1.02194,0.07124,0.00038,0.00015,0.92823
165.75999,1.02194,0.07413,0.00152,0.00038,0.92397
165.89999,1.02194,0.05669,0.00239,0.00023,0.94069
166.03999,1.02194,0.02753,0.00145,0.00013,0.97089
166.17999,1.02194,0.04904,0.00243,0.00048,0.94805
166.32001,1.02193,0.06538,0.00718,0.00050,0.92694
166.46001,1.02193,0.05245,0.00858,0.00039,0.93857
166.60001,1.02193,0.04930,0.00407,0.00053,0.94610
166.74001,1.02193,0.09260,0.03046,0.00089,0.87605
166.88000,1.02193,0.05449,0.00911,0.00051,0.93589
167.02000,1.02193,0.04862,0.00294,0.00031,0.94813
167.16000,1.02193,0.03463,0.00197,0.00013,0.96327
167.30000,1.02193,0.04113,0.00242,0.00026,0.95620
167.44000,1.02194,0.03358,0.00231,0.00025,0.96385
167.58000,1.02194,0.03015,0.00079,0.00019,0.96887
167.72000,1.02194,0.03547,0.00113,0.00017,0.96323
167.86000,1.02194,0.03720,0.00204,0.00018,0.96057
168.00000,1.02194,0.06246,0.00167,0.00042,0.93545
168.14000,1.02194,0.04237,0.00264,0.00031,0.95469
168.28000,1.02194,0.05278,0.00496,0.00039,0.94187
168.42000,1.02194,0.04309,0.00306,0.00036,0.95349
168.56000,1.02194,0.05051,0.00391,0.00028,0.94531
168.70000,1.02194,0.05680,0.00232,0.00036,0.94052
168.84000,1.02194,0.05747,0.00260,0.00042,0.93951
168.98000,1.02194,0.05893,0.00366,0.00040,0.93701
169.12000,1.02194,0.05571,0.00464,0.00041,0.93924
169.25999,1.02194,0.04825,0.00307,0.00023,0.94846
169.39999,1.02194,0.04011,0.00189,0.00020,0.95780
169.53999,1.02194,0.05622,0.00095,0.00017,0.94267
169.67999,1.02194,0.05944,0.00041,0.00022,0.93993
169.82001,1.02193,0.05147,0.00062,0.00015,0.94776
169.96001,1.02193,0.03566,0.00072,0.00026,0.96335
170.10001,1.02193,0.05164,0.00147,0.00027,0.94663
170.24001,1.02193,0.07764,0.00232,0.00053,0.91952
170.38000,1.02193,0.07547,0.00202,0.00048,0.92203
170.52000,1.02193,0.11529,0.00051,0.00053,0.88366
170.66000,1.02193,0.12640,0.00041,0.00045,0.87274
170.80000,1.02193,0.10763,0.00048,0.00041,0.89147
170.94000,1.02194,0.07767,0.00014,0.00020,0.92199
171.08000,1.02194,0.06867,0.00006,0.00010,0.93117
171.22000,1.02194,0.04404,0.00024,0.00018,0.95554
171.36000,1.02194,0.05313,0.00056,0.00012,0.94619
171.50000,1.02194,0.04324,0.00050,0.00028,0.95597
171.64000,1.02194,0.04725,0.00079,0.00019,0.95177
171.78000,1.02194,0.08295,0.00019,0.00019,0.91667
171.92000,1.02194,0.11471,0.00019,0.00032,0.88478
172.06000,1.02194,0.06011,0.00089,0.00030,0.93870
172.20000,1.02194,0.03831,0.00083,0.00028,0.96058
172.34000,1.02194,0.03412,0.00038,0.00021,0.96529
172.48000,1.02194,0.07494,0.00059,0.00032,0.92415
172.62000,1.02194,0.10706,0.00084,0.00065,0.89145
172.75999,1.02194,0.05680,0.00110,0.00030,0.94180
172.89999,1.02194,0.03993,0.00139,0.00025,0.95844
173.03999,1.02194,0.05946,0.00194,0.00028,0.93831
173.17999,1.02194,0.09862,0.00041,0.00036,0.90061
173.32001,1.02193,0.07430,0.00066,0.00024,0.92481
173.46001,1.02193,0.03326,0.00177,0.00017,0.96480
173.60001,1.02193,0.03387,0.00136,0.00017,0.96461
173.74001,1.02193,0.07101,0.00050,0.00029,0.92820
173.88000,1.02193,0.03888,0.00141,0.00021,0.95949
174.02000,1.02193,0.03880,0.00104,0.00027,0.95988
174.16000,1.02193,0.05942,0.00138,0.00032,0.93888
174.30000,1.02193,0.04355,0.00197,0.00035,0.95412
174.44000,1.02194,0.06797,0.00145,0.00048,0.93010
174.58000,1.02194,0.08881,0.00062,0.00043,0.91014
174.72000,1.02194,0.09397,0.00044,0.00042,0.90516
174.86000,1.02194,0.08649,0.00031,0.00032,0.91288
175.00000,1.02194,0.09584,0.00035,0.00033,0.90347
175.14000,1.02194,0.10696,0.00030,0.00039,0.89235
175.28000,1.02194,0.09331,0.00048,0.00044,0.90577
175.42000,1.02194,0.07746,0.00039,0.00028,0.92187
175.56000,1.02194,0.08664,0.00041,0.00036,0.91258
175.70000,1.02194,0.08932,0.00040,0.00031,0.90998
175.84000,1.02194,0.09260,0.00037,0.00048,0.90656
175.98000,1.02194,0.06701,0.00032,0.00022,0.93245
176.12000,1.02194,0.06693,0.00074,0.00030,0.93202
176.25999,1.02194,0.10859,0.00043,0.00047,0.89051
176.39999,1.02194,0.04969,0.00202,0.00025,0.94804
176.53999,1.02194,0.04585,0.00163,0.00034,0.95218
176.67999,1.02194,0.09706,0.00076,0.00051,0.90167
176.82001,1.02193,0.07999,0.00091,0.00040,0.91870
176.96001,1.02193,0.06227,0.00066,0.00027,0.93680
177.10001,1.02193,0.09274,0.00037,0.00034,0.90655
177.24001,1.02193,0.09364,0.00120,0.00049,0.90467
177.38000,1.02193,0.05504,0.00266,0.00042,0.94188
177.52000,1.02193,0.11095,0.00176,0.00068,0.88661
177.66000,1.02193,0.06961,0.00181,0.00055,0.92803
177.80000,1.02193,0.10444,0.00063,0.00052,0.89442
177.94000,1.02194,0.11443,0.00049,0.00037,0.88471
178.08000,1.02194,0.09057,0.00066,0.00029,0.90847
178.22000,1.02194,0.10268,0.00081,0.00043,0.89609
178.36000,1.02194,0.05100,0.00543,0.00021,0.94335
178.50000,1.02194,0.07466,0.00110,0.00039,0.92384
178.64000,1.02194,0.05942,0.00083,0.00020,0.93955
178.78000,1.02194,0.03492,0.00213,0.00014,0.96282
178.92000,1.02194,0.04683,0.00469,0.00046,0.94801
179.06000,1.02194,0.04230,0.00413,0.00022,0.95335
179.20000,1.02194,0.03285,0.00206,0.00022,0.96487
179.34000,1.02194,0.04103,0.00133,0.00023,0.95741
179.48000,1.02194,0.03689,0.00141,0.00016,0.96154
179.62000,1.02194,0.04360,0.00140,0.00023,0.95476
179.75999,1.02194,0.04921,0.00196,0.00019,0.94864
179.89999,1.02194,0.03553,0.00135,0.00021,0.96291
180.03999,1.02194,0.05400,0.00285,0.00039,0.94277
180.17999,1.02194,0.04886,0.00303,0.00028,0.94784
180.32001,1.02193,0.04255,0.00663,0.00032,0.95049
180.46001,1.02193,0.03209,0.00138,0.00021,0.96632
180.60001,1.02193,0.03436,0.00053,0.00020,0.96492
180.74001,1.02193,0.03686,0.00078,0.00024,0.96213
180.88000,1.02193,0.04613,0.00068,0.00031,0.95288
181.02000,1.02193,0.03241,0.00039,0.00010,0.96709
181.16000,1.02193,0.03147,0.00024,0.00017,0.96811
181.30000,1.02193,0.14203,0.00013,0.00034,0.85750
181.44000,1.02194,0.05276,0.00283,0.00030,0.94411
181.58000,1.02194,0.04009,0.00192,0.00025,0.95774
181.72000,1.02194,0.05872,0.00291,0.00046,0.93791
181.86000,1.02194,0.12090,0.00225,0.00088,0.87596
182.00000,1.02194,0.06815,0.00343,0.00041,0.92801
182.14000,1.02194,0.05143,0.00392,0.00038,0.94427
182.28000,1.02194,0.09240,0.00242,0.00085,0.90433
182.42000,1.02194,0.12420,0.00657,0.00077,0.86845
182.56000,1.02194,0.06593,0.00460,0.00055,0.92893
182.70000,1.02194,0.09904,0.00129,0.00050,0.89918
182.84000,1.02194,0.08630,0.00153,0.00040,0.91177
182.98000,1.02194,0.11762,0.00150,0.00068,0.88020
183.12000,1.02194,0.15538,0.00177,0.00073,0.84212
183.25999,1.02194,0.09286,0.00952,0.00077,0.89686
183.39999,1.02194,0.10540,0.00193,0.00067,0.89201
183.53999,1.02194,0.15965,0.00299,0.00088,0.83648
183.67999,1.02194,0.14495,0.00375,0.00097,0.85033
183.82001,1.02193,0.12629,0.00520,0.00093,0.86758
183.96001,1.02193,0.13621,0.00653,0.00101,0.85625
184.10001,1.02193,0.08534,0.01437,0.00114,0.89915
184.24001,1.02193,0.10814,0.00125,0.00060,0.89002
184.38000,1.02193,0.04712,0.00159,0.00017,0.95113
184.52000,1.02193,0.05347,0.00096,0.00028,0.94529
184.66000,1.02193,0.05117,0.00123,0.00023,0.94737
184.80000,1.02193,0.03592,0.00087,0.00026,0.96295
184.94000,1.02194,0.04184,0.00126,0.00049,0.95641
185.08000,1.02194,0.05798,0.00178,0.00045,0.93979
185.22000,1.02194,0.04259,0.00221,0.00028,0.95492
185.36000,1.02194,0.05087,0.00039,0.00010,0.94863
185.50000,1.02194,0.06942,0.00017,0.00019,0.93023
185.64000,1.02194,0.05998,0.00007,0.00009,0.93987
185.78000,1.02194,0.04768,0.00021,0.00014,0.95196
185.92000,1.02194,0.09042,0.00019,0.00031,0.90909
186.06000,1.02194,0.04568,0.00041,0.00011,0.95380
186.20000,1.02194,0.05387,0.00029,0.00068,0.94516
186.34000,1.02194,0.07179,0.00181,0.00032,0.92607
186.48000,1.02194,0.09580,0.00306,0.00053,0.90060
186.62000,1.02194,0.07638,0.00580,0.00048,0.91734
186.75999,1.02194,0.05828,0.00653,0.00038,0.93481
186.89999,1.02194,0.04982,0.00360,0.00033,0.94626
187.03999,1.02194,0.06539,0.00480,0.00036,0.92944
187.17999,1.02194,0.05548,0.00474,0.00043,0.93935
187.32001,1.02193,0.05393,0.00437,0.00045,0.94124
187.46001,1.02193,0.05241,0.00328,0.00040,0.94392
187.60001,1.02193,0.07440,0.00287,0.00034,0.92239
187.74001,1.02193,0.09466,0.00193,0.00053,0.90288
187.88000,1.02193,0.10899,0.00241,0.00050,0.88810
188.02000,1.02193,0.06704,0.01494,0.00059,0.91744
188.16000,1.02193,0.07374,0.01818,0.00071,0.90738
188.30000,1.02193,0.05179,0.00904,0.00035,0.93882
188.44000,1.02194,0.05432,0.00903,0.00035,0.93630
188.58000,1.02194,0.05794,0.00437,0.00044,0.93725
188.72000,1.02194,0.05014,0.00258,0.00027,0.94701
188.86000,1.02194,0.03031,0.00105,0.00011,0.96853
189.00000,1.02194,0.04400,0.00046,0.00017,0.95536
189.14000,1.02194,0.04934,0.00051,0.00011,0.95004
189.28000,1.02194,0.02490,0.00034,0.00016,0.97461
189.42000,1.02194,0.03837,0.00030,0.00010,0.96123
189.56000,1.02194,0.02929,0.00057,0.00024,0.96991
189.70000,1.02194,0.05474,0.00129,0.00025,0.94372
189.84000,1.02194,0.03881,0.00145,0.00028,0.95946
189.98000,1.02194,0.04134,0.00061,0.00118,0.95687
190.12000,1.02194,0.04891,0.00263,0.00021,0.94825
190.25999,1.02194,0.03699,0.00238,0.00071,0.95991
190.39999,1.02194,0.04010,0.00443,0.00042,0.95505
190.53999,1.02194,0.03697,0.00482,0.00031,0.95789
190.67999,1.02194,0.03169,0.00097,0.00036,0.96698
190.82001,1.02193,0.02784,0.00137,0.00017,0.97062
190.96001,1.02193,0.03610,0.00173,0.00025,0.96193
191.10001,1.02193,0.04206,0.00228,0.00024,0.95541
191.24001,1.02193,0.04017,0.00229,0.00031,0.95722
191.38000,1.02193,0.02493,0.00074,0.00011,0.97422
191.52000,1.02193,0.04706,0.00250,0.00026,0.95019
191.66000,1.02193,0.04028,0.00239,0.00027,0.95706
191.80000,1.02193,0.03211,0.00136,0.00015,0.96638
191.94000,1.02194,0.02627,0.00047,0.00021,0.97305
192.08000,1.02194,0.02604,0.00072,0.00009,0.97314
192.22000,1.02194,0.03954,0.00198,0.00019,0.95828
192.36000,1.02194,0.03338,0.00151,0.00023,0.96489
192.50000,1.02194,0.04223,0.00267,0.00037,0.95473
192.64000,1.02194,0.04329,0.00288,0.00029,0.95355
192.78000,1.02194,0.02891,0.00112,0.00011,0.96986
192.92000,1.02194,0.03086,0.00094,0.00020,0.96800
193.06000,1.02194,0.05923,0.00207,0.00039,0.93831
193.20000,1.02194,0.02838,0.00144,0.00010,0.97008
193.34000,1.02194,0.02365,0.00061,0.00014,0.97560
193.48000,1.02194,0.05709,0.00074,0.00023,0.94193
193.62000,1.02194,0.04823,0.00199,0.00022,0.94956
193.75999,1.02194,0.04280,0.00194,0.00036,0.95489
193.89999,1.02194,0.04697,0.00186,0.00039,0.95077
194.03999,1.02194,0.03797,0.00098,0.00021,0.96084
194.17999,1.02194,0.06565,0.00066,0.00012,0.93357
194.32001,1.02193,0.03743,0.00075,0.00008,0.96174
194.46001,1.02193,0.02904,0.00089,0.00009,0.96998
194.60001,1.02193,0.02074,0.00048,0.00007,0.97871
194.74001,1.02193,0.03344,0.00108,0.00022,0.96525
194.88000,1.02193,0.04886,0.00088,0.00033,0.94993
195.02000,1.02193,0.04295,0.00139,0.00016,0.95550
195.16000,1.02193,0.03255,0.00221,0.00033,0.96491
195.30000,1.02193,0.05625,0.00476,0.00038,0.93861
195.44000,1.02194,0.04250,0.00912,0.00037,0.94801
195.58000,1.02194,0.03665,0.00465,0.00025,0.95846
195.72000,1.02194,0.03198,0.00163,0.00016,0.96623
195.86000,1.02194,0.03912,0.00527,0.00046,0.95515
196.00000,1.02194,0.03072,0.00163,0.00018,0.96746
196.14000,1.02194,0.02618,0.00183,0.00013,0.97185
196.28000,1.02194,0.02519,0.00057,0.00022,0.97401
196.42000,1.02194,0.02985,0.00156,0.00017,0.96842
196.56000,1.02194,0.02822,0.00105,0.00014,0.97059
196.70000,1.02194,0.03261,0.00061,0.00016,0.96662
196.84000,1.02194,0.01888,0.00028,0.00004,0.98080
196.98000,1.02194,0.02157,0.00031,0.00006,0.97807
197.12000,1.02194,0.05811,0.00042,0.00013,0.94134
197.25999,1.02194,0.02991,0.00055,0.00022,0.96933
197.39999,1.02194,0.02739,0.00062,0.00013,0.97185
197.53999,1.02194,0.02492,0.00066,0.00019,0.97424
197.67999,1.02194,0.03157,0.00268,0.00012,0.96562
197.82001,1.02193,0.02557,0.00142,0.00013,0.97289
197.96001,1.02193,0.02934,0.00109,0.00020,0.96938
198.10001,1.02193,0.02264,0.00073,0.00011,0.97652
198.24001,1.02193,0.02721,0.00103,0.00015,0.97162
198.38000,1.02193,0.02814,0.00108,0.00017,0.97061
198.52000,1.02193,0.03596,0.00123,0.00016,0.96265
198.66000,1.02193,0.04599,0.00243,0.00030,0.95128
198.80000,1.02193,0.03932,0.00201,0.00040,0.95827
198.94000,1.02194,0.04558,0.00360,0.00023,0.95060
199.08000,1.02194,0.03545,0.00242,0.00030,0.96184
199.22000,1.02194,0.03824,0.00260,0.00029,0.95887
199.36000,1.02194,0.04281,0.00196,0.00019,0.95504
199.50000,1.02194,0.03570,0.00273,0.00019,0.96138
199.64000,1.02194,0.05251,0.00325,0.00032,0.94393
199.78000,1.02194,0.06333,0.00143,0.00039,0.93486
199.92000,1.02194,0.04249,0.00392,0.00021,0.95337
200.06000,1.02194,0.05102,0.00226,0.00043,0.94629
200.20000,1.02194,0.09666,0.00374,0.00044,0.89917
200.34000,1.02194,0.04303,0.00608,0.00041,0.95048
200.48000,1.02194,0.03147,0.00150,0.00022,0.96682
200.62000,1.02194,0.03698,0.00086,0.00015,0.96202
200.75999,1.02194,0.03135,0.00116,0.00024,0.96725
200.89999,1.02194,0.04200,0.00103,0.00020,0.95677
201.03999,1.02194,0.02540,0.00055,0.00008,0.97397
201.17999,1.02194,0.03207,0.00080,0.00020,0.96693
201.32001,1.02193,0.03890,0.00031,0.00011,0.96068
201.46001,1.02193,0.02869,0.00101,0.00013,0.97017
201.60001,1.02193,0.03075,0.00088,0.00014,0.96823
201.74001,1.02193,0.02500,0.00074,0.00008,0.97418
201.88000,1.02193,0.02248,0.00044,0.00016,0.97692
202.02000,1.02193,0.03199,0.00131,0.00021,0.96650
202.16000,1.02193,0.02947,0.00187,0.00015,0.96852
202.30000,1.02193,0.03029,0.00089,0.00031,0.96852
202.44000,1.02194,0.04037,0.00028,0.00008,0.95927
202.58000,1.02194,0.03244,0.00054,0.00011,0.96690
202.72000,1.02194,0.02568,0.00051,0.00009,0.97372
202.86000,1.02194,0.03797,0.00060,0.00016,0.96127
203.00000,1.02194,0.03221,0.00055,0.00016,0.96708
203.14000,1.02194,0.04135,0.00105,0.00022,0.95738
203.28000,1.02194,0.03810,0.00112,0.00028,0.96049
203.42000,1.02194,0.03862,0.00444,0.00024,0.95669
203.56000,1.02194,0.03029,0.00142,0.00011,0.96818
203.70000,1.02194,0.04295,0.00196,0.00025,0.95484
203.84000,1.02194,0.03529,0.00118,0.00021,0.96332
203.98000,1.02194,0.03550,0.00058,0.00013,0.96379
204.12000,1.02194,0.03006,0.00044,0.00027,0.96923
204.25999,1.02194,0.07076,0.00765,0.00049,0.92110
204.39999,1.02194,0.05058,0.00492,0.00041,0.94409
204.53999,1.02194,0.04811,0.00647,0.00031,0.94512
204.67999,1.02194,0.05720,0.00303,0.00024,0.93952
204.82001,1.02193,0.05356,0.00313,0.00023,0.94307
204.96001,1.02193,0.03201,0.00287,0.00013,0.96499
205.10001,1.02193,0.02346,0.00066,0.00009,0.97578
205.24001,1.02193,0.04256,0.00070,0.00017,0.95657
205.38000,1.02193,0.03707,0.00058,0.00014,0.96221
205.52000,1.02193,0.03698,0.00102,0.00024,0.96176
205.66000,1.02193,0.04374,0.00126,0.00036,0.95464
205.80000,1.02193,0.05172,0.00244,0.00027,0.94557
205.94000,1.02194,0.07654,0.00065,0.00028,0.92253
206.08000,1.02194,0.07680,0.00077,0.00015,0.92228
206.22000,1.02194,0.05801,0.00278,0.00029,0.93891
206.36000,1.02194,0.04129,0.00510,0.00024,0.95336
206.50000,1.02194,0.03170,0.00133,0.00012,0.96685
206.64000,1.02194,0.03105,0.00049,0.00026,0.96820
206.78000,1.02194,0.06881,0.00304,0.00030,0.92785
206.92000,1.02194,0.03497,0.00539,0.00020,0.95944
207.06000,1.02194,0.03870,0.00452,0.00029,0.95649
207.20000,1.02194,0.03210,0.00228,0.00042,0.96520
207.34000,1.02194,0.04619,0.00933,0.00037,0.94410
207.48000,1.02194,0.02614,0.00190,0.00021,0.97175
207.62000,1.02194,0.02902,0.00285,0.00018,0.96795
207.75999,1.02194,0.02110,0.00116,0.00011,0.97762
207.89999,1.02194,0.02872,0.00202,0.00015,0.96912
208.03999,1.02194,0.03359,0.00089,0.00042,0.96510
208.17999,1.02194,0.02950,0.00077,0.00025,0.96948
208.32001,1.02193,0.03520,0.00261,0.00027,0.96193
208.46001,1.02193,0.03227,0.00133,0.00025,0.96615
208.60001,1.02193,0.05716,0.00199,0.00028,0.94057
208.74001,1.02193,0.04910,0.00214,0.00027,0.94849
208.88000,1.02193,0.05374,0.00251,0.00034,0.94341
209.02000,1.02193,0.04240,0.00320,0.00024,0.95415
209.16000,1.02193,0.05205,0.00272,0.00057,0.94465
209.30000,1.02193,0.09400,0.00321,0.00071,0.90208
209.44000,1.02194,0.06289,0.00881,0.00049,0.92781
209.58000,1.02194,0.05579,0.00520,0.00038,0.93863
209.72000,1.02194,0.07729,0.00143,0.00028,0.92101
209.86000,1.02194,0.05066,0.00186,0.00033,0.94715
210.00000,1.02194,0.06677,0.00256,0.00040,0.93027
210.14000,1.02194,0.06110,0.00137,0.00034,0.93719
210.28000,1.02194,0.03476,0.00096,0.00021,0.96407
210.42000,1.02194,0.09082,0.00109,0.00042,0.90767
210.56000,1.02194,0.07939,0.00302,0.00057,0.91703
210.70000,1.02194,0.07941,0.00494,0.00057,0.91507
210.84000,1.02194,0.06763,0.00947,0.00076,0.92214
210.98000,1.02194,0.11501,0.00472,0.00058,0.87969
211.12000,1.02194,0.07996,0.01140,0.00070,0.90794
211.25999,1.02194,0.11226,0.00453,0.00094,0.88228
211.39999,1.02194,0.05304,0.01108,0.00031,0.93557
211.53999,1.02194,0.04945,0.00664,0.00029,0.94362
211.67999,1.02194,0.05432,0.01104,0.00042,0.93421
211.82001,1.02193,0.04235,0.00588,0.00038,0.95139
211.96001,1.02193,0.03118,0.00147,0.00022,0.96712
212.10001,1.02193,0.03244,0.00134,0.00012,0.96610
212.24001,1.02193,0.03207,0.00112,0.00021,0.96659
212.38000,1.02193,0.04608,0.00345,0.00026,0.95022
212.52000,1.02193,0.03695,0.00138,0.00016,0.96151
212.66000,1.02193,0.03352,0.00047,0.00021,0.96580
212.80000,1.02193,0.04516,0.00055,0.00014,0.95416
212.94000,1.02194,0.03848,0.00071,0.00020,0.96061
213.08000,1.02194,0.05479,0.00042,0.00015,0.94465
213.22000,1.02194,0.03093,0.00083,0.00025,0.96799
213.36000,1.02194,0.04107,0.00110,0.00024,0.95759
213.50000,1.02194,0.03698,0.00057,0.00014,0.96231
213.64000,1.02194,0.02909,0.00053,0.00021,0.97017
213.78000,1.02194,0.04670,0.00070,0.00017,0.95243
213.92000,1.02194,0.02897,0.00071,0.00015,0.97017
214.06000,1.02194,0.05071,0.00060,0.00019,0.94851
214.20000,1.02194,0.04432,0.00019,0.00019,0.95529
214.34000,1.02194,0.04453,0.00011,0.00010,0.95526
214.48000,1.02194,0.02708,0.00039,0.00017,0.97236
214.62000,1.02194,0.08468,0.00017,0.00027,0.91488
214.75999,1.02194,0.04607,0.00046,0.00015,0.95332
214.89999,1.02194,0.03811,0.00046,0.00046,0.96097
215.03999,1.02194,0.05525,0.00115,0.00028,0.94332
215.17999,1.02194,0.03373,0.00123,0.00015,0.96489
215.32001,1.02193,0.07810,0.00090,0.00041,0.92058
215.46001,1.02193,0.08916,0.00123,0.00043,0.90918
215.60001,1.02193,0.03474,0.00309,0.00023,0.96194
215.74001,1.02193,0.02838,0.00092,0.00013,0.97057
215.88000,1.02193,0.03732,0.00072,0.00010,0.96187
216.02000,1.02193,0.02984,0.00035,0.00008,0.96972
216.16000,1.02193,0.02854,0.00039,0.00011,0.97096
216.30000,1.02193,0.03290,0.00039,0.00008,0.96663
216.44000,1.02194,0.04386,0.00066,0.00027,0.95522
216.58000,1.02194,0.11425,0.00037,0.00042,0.88496
216.72000,1.02194,0.08882,0.00051,0.00028,0.91040
216.86000,1.02194,0.04794,0.00123,0.00026,0.95057
217.00000,1.02194,0.05853,0.00091,0.00033,0.94022
217.14000,1.02194,0.04737,0.00145,0.00027,0.95091
217.28000,1.02194,0.03479,0.00154,0.00022,0.96345
217.42000,1.02194,0.04528,0.00214,0.00023,0.95236
217.56000,1.02194,0.04096,0.00181,0.00040,0.95683
217.70000,1.02194,0.02948,0.00085,0.00015,0.96952
217.84000,1.02194,0.03331,0.00076,0.00013,0.96580
217.98000,1.02194,0.04457,0.00099,0.00026,0.95419
218.12000,1.02194,0.05957,0.00118,0.00024,0.93900
218.25999,1.02194,0.03788,0.00103,0.00017,0.96092
218.39999,1.02194,0.04137,0.00065,0.00025,0.95772
218.53999,1.02194,0.04127,0.00119,0.00010,0.95744
218.67999,1.02194,0.04005,0.00051,0.00009,0.95935
218.82001,1.02193,0.06770,0.00039,0.00022,0.93170
218.96001,1.02193,0.03106,0.00030,0.00007,0.96857
219.10001,1.02193,0.02651,0.00017,0.00019,0.97313
219.24001,1.02193,0.04499,0.00033,0.00014,0.95454
219.38000,1.02193,0.04708,0.00071,0.00014,0.95207
219.52000,1.02193,0.08371,0.00149,0.00044,0.91436
219.66000,1.02193,0.05975,0.00297,0.00029,0.93699
219.80000,1.02193,0.08394,0.00409,0.00097,0.91101
219.94000,1.02194,0.08362,0.00587,0.00058,0.90994
220.08000,1.02194,0.10812,0.00933,0.00047,0.88208
220.22000,1.02194,0.05947,0.01671,0.00050,0.92332
220.36000,1.02194,0.05908,0.01156,0.00054,0.92882
220.50000,1.02194,0.04804,0.00431,0.00042,0.94723
220.64000,1.02194,0.03172,0.00172,0.00012,0.96645
220.78000,1.02194,0.04371,0.00174,0.00027,0.95427
220.92000,1.02194,0.04840,0.00155,0.00026,0.94980
221.06000,1.02194,0.03810,0.00215,0.00036,0.95940
221.20000,1.02194,0.03487,0.00140,0.00029,0.96344
221.34000,1.02194,0.02879,0.00185,0.00011,0.96925
221.48000,1.02194,0.03676,0.00140,0.00025,0.96158
221.62000,1.02194,0.04260,0.00265,0.00029,0.95446
221.75999,1.02194,0.06454,0.00313,0.00033,0.93200
221.89999,1.02194,0.05302,0.00215,0.00030,0.94453
222.03999,1.02194,0.07186,0.00294,0.00036,0.92484
222.17999,1.02194,0.05330,0.00212,0.00023,0.94435
222.32001,1.02193,0.10967,0.00058,0.00023,0.88952
222.46001,1.02193,0.07407,0.00244,0.00029,0.92320
222.60001,1.02193,0.03979,0.00220,0.00023,0.95778
222.74001,1.02193,0.03630,0.00128,0.00017,0.96225
222.88000,1.02193,0.02987,0.00048,0.00013,0.96952
223.02000,1.02193,0.09894,0.00027,0.00030,0.90048
223.16000,1.02193,0.10401,0.00045,0.00036,0.89518
223.30000,1.02193,0.05234,0.00197,0.00030,0.94540
223.44000,1.02194,0.08852,0.00188,0.00059,0.90901
223.58000,1.02194,0.15660,0.00067,0.00054,0.84219
223.72000,1.02194,0.15260,0.00040,0.00057,0.84643
223.86000,1.02194,0.10807,0.00030,0.00030,0.89133
224.00000,1.02194,0.10309,0.00024,0.00023,0.89644
224.14000,1.02194,0.11138,0.00028,0.00043,0.88791
224.28000,1.02194,0.07421,0.00100,0.00020,0.92459
224.42000,1.02194,0.03019,0.00141,0.00019,0.96821
224.56000,1.02194,0.05210,0.00457,0.00038,0.94295
224.70000,1.02194,0.04779,0.00475,0.00029,0.94717
224.84000,1.02194,0.03558,0.00170,0.00015,0.96256
224.98000,1.02194,0.01909,0.00036,0.00008,0.98046
225.12000,1.02194,0.03159,0.00175,0.00014,0.96653
225.25999,1.02194,0.02882,0.00107,0.00018,0.96993
225.39999,1.02194,0.03170,0.00178,0.00016,0.96636
225.53999,1.02194,0.05347,0.00241,0.00071,0.94342
225.67999,1.02194,0.06416,0.00273,0.00051,0.93259
225.82001,1.02193,0.05946,0.00353,0.00039,0.93662
225.96001,1.02193,0.03122,0.00116,0.00027,0.96734
226.10001,1.02193,0.03635,0.00311,0.00020,0.96034
226.24001,1.02193,0.02606,0.00050,0.00010,0.97334
226.38000,1.02193,0.02419,0.00026,0.00010,0.97545
226.52000,1.02193,0.03697,0.00087,0.00027,0.96189
226.66000,1.02193,0.03717,0.00062,0.00032,0.96188
226.80000,1.02193,0.02999,0.00084,0.00010,0.96907
226.94000,1.02194,0.03756,0.00149,0.00021,0.96074
227.08000,1.02194,0.14640,0.00247,0.00050,0.85063
227.22000,1.02194,0.08036,0.00842,0.00063,0.91059
227.36000,1.02194,0.07171,0.00213,0.00038,0.92578
227.50000,1.02194,0.08318,0.00294,0.00075,0.91313
227.64000,1.02194,0.13890,0.00070,0.00085,0.85955
227.78000,1.02194,0.08846,0.00195,0.00047,0.90912
227.92000,1.02194,0.12096,0.00046,0.00063,0.87795
228.06000,1.02194,0.09214,0.00037,0.00030,0.90719
228.20000,1.02194,0.02955,0.00071,0.00016,0.96958
228.34000,1.02194,0.03797,0.00139,0.00015,0.96048
228.48000,1.02194,0.03868,0.00237,0.00029,0.95866
228.62000,1.02194,0.03382,0.00230,0.00017,0.96371
228.75999,1.02194,0.02959,0.00097,0.00020,0.96925
228.89999,1.02194,0.02598,0.00033,0.00014,0.97356
229.03999,1.02194,0.04854,0.00065,0.00019,0.95062
229.17999,1.02194,0.06794,0.00032,0.00033,0.93141
229.32001,1.02193,0.04978,0.00041,0.00015,0.94966
229.46001,1.02193,0.05025,0.00075,0.00024,0.94876
229.60001,1.02193,0.09676,0.00043,0.00055,0.90227
229.74001,1.02193,0.08247,0.00024,0.00015,0.91714
229.88000,1.02193,0.05840,0.00028,0.00020,0.94112
230.02000,1.02193,0.19538,0.00020,0.00023,0.80419
230.16000,1.02193,0.12343,0.00109,0.00027,0.87521
230.30000,1.02193,0.08835,0.00115,0.00040,0.91010
230.44000,1.02194,0.06576,0.00110,0.00036,0.93277
230.58000,1.02194,0.10342,0.00022,0.00030,0.89606
230.72000,1.02194,0.20681,0.00011,0.00048,0.79261
230.86000,1.02194,0.11748,0.00039,0.00033,0.88180
231.00000,1.02194,0.03557,0.00124,0.00026,0.96293
231.14000,1.02194,0.02037,0.00061,0.00007,0.97894
231.28000,1.02194,0.03318,0.00199,0.00018,0.96465
231.42000,1.02194,0.03397,0.00148,0.00024,0.96431
231.56000,1.02194,0.03145,0.00171,0.00025,0.96659
231.70000,1.02194,0.04040,0.00410,0.00027,0.95524
231.84000,1.02194,0.04129,0.00378,0.00027,0.95466
231.98000,1.02194,0.03543,0.00214,0.00029,0.96215
232.12000,1.02194,0.04841,0.00336,0.00034,0.94789
232.25999,1.02194,0.03660,0.00237,0.00023,0.96080
232.39999,1.02194,0.03974,0.00170,0.00022,0.95833
232.53999,1.02194,0.03972,0.00161,0.00027,0.95841
232.67999,1.02194,0.04568,0.00146,0.00029,0.95257
232.82001,1.02193,0.05060,0.00139,0.00027,0.94774
232.96001,1.02193,0.04649,0.00101,0.00025,0.95225
233.10001,1.02193,0.05207,0.00181,0.00025,0.94586
233.24001,1.02193,0.06466,0.00103,0.00036,0.93395
233.38000,1.02193,0.06245,0.00167,0.00032,0.93556
233.52000,1.02193,0.04170,0.00190,0.00028,0.95612
233.66000,1.02193,0.04079,0.00090,0.00026,0.95805
233.80000,1.02193,0.05306,0.00024,0.00011,0.94659
233.94000,1.02194,0.04808,0.00031,0.00011,0.95150
234.08000,1.02194,0.05172,0.00041,0.00022,0.94765
234.22000,1.02194,0.03013,0.00057,0.00013,0.96917
234.36000,1.02194,0.03137,0.00069,0.00014,0.96780
234.50000,1.02194,0.05565,0.00138,0.00039,0.94258
234.64000,1.02194,0.09384,0.00148,0.00038,0.90430
234.78000,1.02194,0.05092,0.00267,0.00052,0.94589
234.92000,1.02194,0.02929,0.00147,0.00009,0.96915
235.06000,1.02194,0.04265,0.00067,0.00017,0.95651
235.20000,1.02194,0.03546,0.00116,0.00012,0.96327
235.34000,1.02194,0.03266,0.00105,0.00019,0.96610
235.48000,1.02194,0.04109,0.00101,0.00041,0.95749
235.62000,1.02194,0.02886,0.00132,0.00014,0.96968
235.75999,1.02194,0.06080,0.00511,0.00047,0.93363
235.89999,1.02194,0.05471,0.00592,0.00040,0.93896
236.03999,1.02194,0.05916,0.00278,0.00028,0.93778
236.17999,1.02194,0.02928,0.00189,0.00014,0.96870
236.32001,1.02193,0.03968,0.00058,0.00017,0.95958
236.46001,1.02193,0.02994,0.00055,0.00009,0.96942
236.60001,1.02193,0.01891,0.00008,0.00009,0.98092
236.74001,1.02193,0.02494,0.00020,0.00010,0.97476
236.88000,1.02193,0.04306,0.00026,0.00013,0.95654
237.02000,1.02193,0.03128,0.00046,0.00026,0.96800
237.16000,1.02193,0.05194,0.00147,0.00043,0.94616
237.30000,1.02193,0.06836,0.00544,0.00059,0.92561
237.44000,1.02194,0.11045,0.00595,0.00080,0.88281
237.58000,1.02194,0.05383,0.00571,0.00053,0.93993
237.72000,1.02194,0.05161,0.00452,0.00037,0.94350
237.86000,1.02194,0.04654,0.00418,0.00047,0.94882
238.00000,1.02194,0.07678,0.00206,0.00041,0.92076
238.14000,1.02194,0.03889,0.00214,0.00024,0.95872
238.28000,1.02194,0.03210,0.00074,0.00026,0.96690
238.42000,1.02194,0.06191,0.00023,0.00014,0.93772
238.56000,1.02194,0.02777,0.00080,0.00013,0.97131
238.70000,1.02194,0.06066,0.00110,0.00032,0.93792
238.84000,1.02194,0.02742,0.00072,0.00012,0.97174
238.98000,1.02194,0.02757,0.00110,0.00012,0.97121
239.12000,1.02194,0.04549,0.00152,0.00051,0.95248
239.25999,1.02194,0.08487,0.00088,0.00055,0.91370
239.39999,1.02194,0.05829,0.00292,0.00035,0.93844
239.53999,1.02194,0.04991,0.00161,0.00127,0.94722
239.67999,1.02194,0.06283,0.00961,0.00073,0.92683
239.82001,1.02193,0.04079,0.00158,0.00019,0.95744
239.96001,1.02193,0.03558,0.00242,0.00015,0.96185
240.10001,1.02193,0.04636,0.00127,0.00027,0.95210
240.24001,1.02193,0.04261,0.00081,0.00016,0.95641
240.38000,1.02193,0.03676,0.00027,0.00006,0.96291
240.52000,1.02193,0.04213,0.00024,0.00017,0.95747
240.66000,1.02193,0.09783,0.00007,0.00029,0.90182
240.80000,1.02193,0.09195,0.00005,0.00017,0.90783
240.94000,1.02194,0.05851,0.00015,0.00060,0.94073
241.08000,1.02194,0.08078,0.00035,0.00020,0.91867
241.22000,1.02194,0.05572,0.00086,0.00133,0.94209
241.36000,1.02194,0.04807,0.00472,0.00038,0.94683
241.50000,1.02194,0.06698,0.00866,0.00038,0.92399
241.64000,1.02194,0.07531,0.01000,0.00070,0.91399
241.78000,1.02194,0.06061,0.01015,0.00047,0.92877
241.92000,1.02194,0.05602,0.00388,0.00054,0.93955
242.06000,1.02194,0.06718,0.00305,0.00044,0.92934
242.20000,1.02194,0.13499,0.00111,0.00044,0.86347
242.34000,1.02194,0.16838,0.00078,0.00101,0.82983
242.48000,1.02194,0.06950,0.00142,0.00030,0.92878
242.62000,1.02194,0.04724,0.00056,0.00016,0.95205
242.75999,1.02194,0.15676,0.00014,0.00037,0.84273
242.89999,1.02194,0.05929,0.00083,0.00019,0.93969
243.03999,1.02194,0.04203,0.00059,0.00053,0.95684
243.17999,1.02194,0.03952,0.00033,0.00032,0.95983
243.32001,1.02193,0.05571,0.00186,0.00048,0.94194
243.46001,1.02193,0.12164,0.00127,0.00057,0.87652
243.60001,1.02193,0.11113,0.00111,0.00051,0.88724
243.74001,1.02193,0.10004,0.00146,0.00057,0.89792
243.88000,1.02193,0.10010,0.00118,0.00051,0.89820
244.02000,1.02193,0.10347,0.00178,0.00063,0.89412
244.16000,1.02193,0.10703,0.00173,0.00071,0.89053
244.30000,1.02193,0.09753,0.00196,0.00062,0.89988
244.44000,1.02194,0.10882,0.00123,0.00053,0.88942
244.58000,1.02194,0.12079,0.00094,0.00065,0.87762
244.72000,1.02194,0.10010,0.00070,0.00041,0.89879
244.86000,1.02194,0.09625,0.00062,0.00036,0.90277
245.00000,1.02194,0.13029,0.00064,0.00063,0.86844
245.14000,1.02194,0.12559,0.00099,0.00071,0.87271
245.28000,1.02194,0.05597,0.00262,0.00043,0.94097
245.42000,1.02194,0.09823,0.00114,0.00052,0.90012
245.56000,1.02194,0.11471,0.00079,0.00050,0.88400
245.70000,1.02194,0.13020,0.00209,0.00074,0.86697
245.84000,1.02194,0.11962,0.00133,0.00058,0.87847
245.98000,1.02194,0.09706,0.00201,0.00050,0.90043
246.12000,1.02194,0.11942,0.00148,0.00064,0.87847
246.25999,1.02194,0.08390,0.00109,0.00048,0.91453
246.39999,1.02194,0.05522,0.00103,0.00020,0.94355
246.53999,1.02194,0.08197,0.00068,0.00035,0.91699
246.67999,1.02194,0.05995,0.00077,0.00029,0.93899
246.82001,1.02193,0.04103,0.00153,0.00028,0.95716
246.96001,1.02193,0.06786,0.00206,0.00058,0.92949
247.10001,1.02193,0.05734,0.00348,0.00038,0.93880
247.24001,1.02193,0.08372,0.00181,0.00059,0.91388
247.38000,1.02193,0.09731,0.00091,0.00046,0.90131
247.52000,1.02193,0.12411,0.00128,0.00055,0.87407
247.66000,1.02193,0.16371,0.00215,0.00093,0.83321
247.80000,1.02193,0.12485,0.00087,0.00050,0.87377
247.94000,1.02194,0.10602,0.00149,0.00034,0.89215
248.08000,1.02194,0.10758,0.00075,0.00027,0.89140
248.22000,1.02194,0.05725,0.00625,0.00039,0.93611
248.36000,1.02194,0.05035,0.00466,0.00037,0.94462
248.50000,1.02194,0.05482,0.00261,0.00058,0.94199
248.64000,1.02194,0.07633,0.00290,0.00063,0.92014
248.78000,1.02194,0.08721,0.00196,0.00060,0.91024
248.92000,1.02194,0.12321,0.00080,0.00059,0.87540
249.06000,1.02194,0.15534,0.00092,0.00062,0.84312
249.20000,1.02194,0.12626,0.00079,0.00067,0.87228
249.34000,1.02194,0.11206,0.00073,0.00043,0.88678
249.48000,1.02194,0.09143,0.00111,0.00037,0.90710
249.62000,1.02194,0.12474,0.00070,0.00055,0.87401
249.75999,1.02194,0.11789,0.00117,0.00053,0.88041
249.89999,1.02194,0.05884,0.00221,0.00048,0.93847
250.03999,1.02194,0.07093,0.00151,0.00038,0.92717
250.17999,1.02194,0.09111,0.00096,0.00049,0.90745
250.32001,1.02193,0.11401,0.00117,0.00053,0.88429
250.46001,1.02193,0.06994,0.00109,0.00035,0.92862
250.60001,1.02193,0.08341,0.00053,0.00029,0.91577
250.74001,1.02193,0.08547,0.00121,0.00033,0.91299
250.88000,1.02193,0.11921,0.00097,0.00060,0.87921
251.02000,1.02193,0.07525,0.00140,0.00039,0.92296
251.16000,1.02193,0.04433,0.00192,0.00039,0.95336
251.30000,1.02193,0.07658,0.00333,0.00045,0.91963
251.44000,1.02194,0.06687,0.00313,0.00052,0.92948
251.58000,1.02194,0.08424,0.00222,0.00062,0.91292
251.72000,1.02194,0.07432,0.00280,0.00053,0.92236
251.86000,1.02194,0.09575,0.00082,0.00052,0.90291
252.00000,1.02194,0.12728,0.00062,0.00049,0.87162
252.14000,1.02194,0.12016,0.00085,0.00062,0.87837
252.28000,1.02194,0.12393,0.00079,0.00067,0.87460
252.42000,1.02194,0.12441,0.00095,0.00060,0.87403
252.56000,1.02194,0.13448,0.00085,0.00072,0.86394
252.70000,1.02194,0.13426,0.00094,0.00065,0.86414
252.84000,1.02194,0.13782,0.00072,0.00067,0.86079
252.98000,1.02194,0.14489,0.00051,0.00063,0.85397
253.12000,1.02194,0.12855,0.00062,0.00044,0.87039
253.25999,1.02194,0.10915,0.00021,0.00029,0.89035
253.39999,1.02194,0.08944,0.00017,0.00018,0.91021
253.53999,1.02194,0.08013,0.00007,0.00014,0.91966
253.67999,1.02194,0.10787,0.00007,0.00025,0.89180
253.82001,1.02193,0.06576,0.00019,0.00013,0.93392
